641.358
711.565
579.854
521.983
946.454
865.482
869.768
640.608
638.373
634.657
629.474
622.845
614.791
605.34
594.543
582.411
569.044
554.463
538.674
539.432
556.17
571.85
586.544
600.233
612.86
624.516
635.034
644.856
653.105
661.649
667.582
673.829
679.339
684.079
688.003
691.46
695.528
697.602
699.773
701.855
704.931
703.41
706.603
706.146
708.39
705.87
709.647
707.941
708.954
708.206
708.666
707.135
708.06
707.282
706.306
705.594
704.503
704.958
699.555
705.695
699.41
704.026
695.441
700.491
696.952
696.327
701.166
702.005
702.157
699.836
709.795
698.034
705.548
704.573
717.709
715.315
716.419
717.301
719.186
717.409
717.94
729.261
722.91
753.83
741.665
752.847
749.169
762.72
750.084
740.132
753.043
739.922
774.859
751.924
779.38
767.425
786.487
765.558
748.765
759.33
753.518
760.177
739.301
774.456
759.089
757.983
752.566
748.493
729.221
756.259
727.738
721.94
702.455
705.46
652.761
646.368
624.474
604.73
607.593
622.344
640.261
655.845
668.039
679.411
688.423
695.949
701.768
706.156
709.19
710.974
744.19
774.765
803.496
830.074
854.658
877.144
897.609
916.079
932.615
947.288
960.174
971.363
980.948
989.034
995.732
1001.16
1005.43
1008.67
1010.99
1012.5
1013.31
1013.49
1013.14
1012.31
1011.06
1009.43
1007.43
1005.1
1002.44
999.471
996.219
992.698
988.932
984.952
980.79
976.489
972.092
967.648
963.208
958.823
954.542
950.412
946.476
942.774
939.339
936.195
933.361
930.87
928.763
927.039
925.669
924.62
923.888
923.47
923.348
923.49
923.858
924.413
925.11
925.906
926.759
927.625
928.465
929.243
929.926
930.488
930.905
931.162
931.244
931.141
930.842
930.337
929.609
928.64
927.41
925.901
924.089
921.936
919.391
916.392
912.872
908.759
903.974
898.432
892.041
884.71
876.341
866.841
856.119
844.089
830.671
815.8
799.42
781.487
761.994
740.888
718.288
694.048
668.478
736.681
719.659
740.805
983.25
970.113
999.744
914.999
697.678
730.192
970.399
944.808
650.053
928.386
785.369
761.785
819.996
897.011
735.756
865.498
925.197
814.58
775.12
929.634
766.556
741.951
922.275
639.092
708.343
828.973
729.075
739.13
733.622
733.229
733.859
1011.88
1005.74
931.703
1010.65
997.765
728.439
927.123
803.492
790.452
820.154
928.107
914.927
924.404
733.43
924.06
691.278
739.665
666.979
654.84
737.539
592.732
604.453
922.276
740.79
671.859
740.648
1007.18
787.862
961.522
739.583
929.621
651.923
743.252
647.798
692.611
660.431
664.555
557.77
773.597
608.704
623.65
709.651
780.31
853.624
926.914
771.448
787.564
920.453
817.121
907.313
794.844
883.322
769.881
842.801
923.538
752.178
742.119
921.752
928.952
769.668
800.589
737.934
929.327
927.143
790.828
681.545
734.14
723.512
987.702
704.295
990.992
709.883
876.123
946.123
741.134
1009.46
737.924
979.091
957.14
952.863
731.843
941.11
731.916
937.676
1009.39
1010.94
1003.4
730.29
737.563
726.516
696.766
617.393
628.146
667.262
574.456
758.42
1004.88
978.163
730.768
764.931
939.82
760.034
952.107
923.776
707.128
809.364
771.208
765.957
1000.66
1005.69
823.455
923.585
735.809
826.05
628.965
638.94
678.853
751.373
593.533
673.178
802.282
716.974
691.169
760.796
850.706
637.414
575.573
724.223
798.225
896.565
778.937
854.802
890.636
798.757
911.416
817.499
922.597
791.658
902.54
927.698
790.913
805.118
817.357
917.918
874.974
775.146
743.41
772.346
829.417
929.374
799.089
925.913
800.468
928.827
926.069
925.429
730.873
771.844
922.835
749.489
741.57
921.864
923.011
729.15
737.311
921.901
738.716
737.501
924.34
759.016
689.224
773.021
735.305
929.72
661.554
929.223
728.607
740.16
736.154
958.966
979.657
994.359
931.493
987.229
1003.98
740.751
974.793
733.265
994.513
1011.72
725.741
965.959
948.738
742.217
714.955
1007.74
934.534
739.121
729.287
1011.5
1000.73
732.169
766.008
936.136
718.44
647.764
628.947
682.431
732.858
590.243
741.011
691.407
671.767
685.007
689.693
966.34
995.49
911.837
770.971
992.658
772.976
794.64
767.661
907.058
886.428
811.801
832.684
931.584
832.585
850.856
921.422
787.466
823.115
918.115
925.156
777.136
769.836
758.782
926.748
763.104
922.393
841.442
918.16
763.956
919.087
917.068
821.655
792.049
755.501
757.269
701.755
739.684
660.069
873.162
923.078
799.159
779.722
766.019
716.451
769.686
760.738
998.299
760.251
763.42
1004.38
1007.05
943.735
723.117
625.273
713.699
611.79
799.475
767.235
645.116
694.35
662.006
673.693
810.915
825.656
786.379
798.073
829.725
910.55
832.88
919.928
838.55
870.881
892.755
820.131
819.105
924.293
816.069
812.631
917.536
924.787
924.354
913.531
837.749
830.388
922.62
918.015
919.661
898.244
767.349
831.276
783.998
825.634
723.817
917.146
767.034
697.198
770.156
942.662
983.679
769.87
1006.26
974.014
965.341
771.005
767.941
932.684
747.142
985.893
956.478
763.48
737.202
1002.7
763.576
755.676
982.137
1002.69
762.676
1006.61
769.186
947.844
671.255
746.68
708.768
651.187
610.22
771.066
680.955
791.091
731.277
794.66
785.432
995.23
796.728
969.84
763.523
839.245
792.134
943.81
788.778
788.607
916.162
885.712
899.875
864.269
871.45
834.025
910.303
761.796
798.572
998.896
992.027
997.683
865.596
911.146
860.543
915.838
791.113
908.164
659.505
817.662
924.784
778.583
790.242
935.483
629.406
795.51
757.172
776.718
664.844
716.191
893.531
736.162
846.064
686.04
804.773
805.695
838.944
804.035
749.438
922.283
793.29
820.184
925.068
916.736
837.344
879.169
861.473
779.24
770.759
920.473
763.105
917.403
918.841
783.193
903.364
870.924
867.966
847.465
921.405
832.419
909.28
920.538
784.894
764.193
768.567
916.98
819.598
902.988
832.111
830.408
916.064
843.058
925.059
997.24
955.35
990.219
790.251
794.391
960.908
927.929
989.408
770.727
1006.95
928.212
999.61
924.433
769.01
762.005
975.752
969.728
771.076
765.731
742.646
995.627
929.452
758.912
789.404
996.085
977.532
797.697
762.327
782.901
683.697
748.388
714.915
708.535
693.525
906.772
854.814
960.02
920.344
913.846
826.286
847.218
917.529
780.029
812.716
984.906
817.517
905.758
890.144
864.626
862.799
957.019
817.464
798.507
808.503
891.144
976.938
898.803
788.437
916.929
785.814
703.886
682.335
989.785
829.768
908.978
867.102
909.407
909.096
795.476
769.229
948.161
792.744
924.515
788.231
998.465
984.216
989.802
795.641
839.533
736.66
774.748
730.584
770.735
647.55
868.297
708.804
695.593
818.349
819.396
740.658
844.33
720.632
937.092
757.03
864.125
915.497
832.018
906.341
869.282
851.489
912.022
879.477
804.336
911.126
912.516
789.7
909.346
799.828
812.111
912.703
914.71
864.04
861.754
917.177
917.467
840.562
822.147
891.141
895.854
909.689
869.973
871.205
854.364
859.984
792.411
916.729
858.136
965.708
788.735
798.849
798.608
988.405
973.828
797.635
998.519
994.009
798.807
795.968
918.999
787.765
774.302
816.541
793.562
782.01
992.341
788.267
998.988
796.724
981.015
939.582
773.406
672.326
732.775
723.233
645.232
790.145
741.758
835.455
779.373
797.163
820.558
987.312
966.376
932.58
823.917
906.626
813.575
822.517
870.02
821.459
809.787
958.836
896.582
897.158
839.994
850.042
876.461
834.187
898.318
900.725
823.011
979.954
812.385
909.035
816.236
896.943
893.937
904.42
887.639
905.033
898.403
795.155
762.42
861.244
905.275
858.472
985.664
924.27
815.308
771.787
797.894
743.534
678.948
807.912
756.396
888.555
715.213
699.426
796.134
854.327
762.92
832.572
922.998
842.234
828.28
949.404
845.793
873.117
886.252
872.334
786.261
876.121
886.124
896.983
894.584
893.74
898.264
917.264
898.988
912.968
915.858
788.39
906.239
909.143
898.222
843.87
796.127
914.735
829.108
818.647
917.593
801.171
817.156
855.347
913.621
866.641
863.346
817.432
798.055
986.674
983.33
815.491
961.433
819.087
916.791
987.172
821.461
969.196
798.848
952.588
806.197
921.201
788.334
982.339
985.275
987.68
972.721
820.837
751.446
714.373
692.169
755.266
664.164
815.781
823.4
848.737
876.11
951.314
967.713
945.713
907.191
715.593
915.824
824.84
799.621
858.543
914.045
830.891
842.651
973.628
839.136
887.34
973.444
903.829
906.613
752.21
878.375
893.021
921.622
823.919
863.063
873.353
820.177
898.308
903.338
814.976
901.916
821.672
936.861
913.562
812.576
978.176
841.121
808.007
830.781
974.184
840.61
723.103
697.721
776.012
881.361
769.46
729.17
810.809
752.908
813.702
771.516
855.009
941.286
886.395
792.085
880.223
881.48
917.404
882.075
919.528
904.677
854.178
870.17
828.12
921.492
830.723
906.413
818.821
899.752
898.481
893.197
894.757
906.985
898.516
895.466
908.796
813.588
898.612
825.251
885.026
846.044
838.387
907.262
902.465
900.854
879.281
892.642
889.841
987.966
954.676
824.142
838.498
822.255
969.717
814.502
962.859
979.333
823.261
821.034
801.76
819.681
978.769
972.283
841.119
928.43
910.926
975.636
811.908
812.572
734.057
845.918
966.205
953.018
919.054
877.7
958.745
898.933
893.924
834.187
835.312
746.941
771.974
893.736
812.734
933.285
945.83
892.534
858.793
919.088
860.712
895.235
892.844
912.367
842.141
888.324
903.452
885.863
848.276
861.235
884.996
885.67
838.38
974.404
910.6
741.196
931.095
864.761
957.62
878.321
941.457
885.486
891.527
859.246
845.89
843.551
964.563
889.774
883.273
851.899
731.977
832.003
899.682
813.527
785.678
863.304
791.41
929.605
851.82
834.932
902.417
894.886
908.719
806.634
869.582
864.444
874.369
822.54
960.188
826.923
974.005
967.008
936.793
920.801
970.192
892.977
882.407
891.564
853.286
841.474
893.542
920.795
873.336
894.483
903.001
842.168
882.055
907.064
887.059
902.57
898.167
891.368
843.678
842.348
836.812
950.3
969.258
903.312
823.912
837.229
822.401
941.255
842.62
842.737
974.439
964.146
900.429
834.121
833.975
841.857
711.296
793.579
820.235
931.913
844.842
865.511
905.966
923.151
828.427
847.472
880.524
871.853
758.304
890.284
801.706
906.401
812.816
808.084
904.121
823.866
850.843
855.98
949.039
912.861
920.684
962.625
861.964
878.15
852.514
959.088
908.252
941.488
912.66
958.278
860.099
891.913
903.058
960.196
877.039
898.052
916.206
951.206
878.965
842.681
857.576
862.3
890.89
854.269
887.935
859.073
918.133
889.727
917.943
884.843
800.501
760.051
919.901
782.171
843.953
940.715
927.566
817.709
860.721
955.916
889.838
856.799
891.186
885.366
885.671
887.761
885.268
869.341
845.708
908.94
915.779
892.947
894.094
894.827
835.803
900.812
886.296
850.606
920.121
961.577
833.587
845.632
898.361
845.616
836.093
956.054
949.742
846.05
966.852
856.01
914.923
861.33
879.463
878.607
841.028
729.38
746.181
862.594
838.808
844.955
949.088
939.135
940.603
958.743
861.936
861.599
868.488
941.575
874.1
761.563
864.351
919.14
879.967
865.325
903.6
893.636
942.681
863.486
856.146
853.291
948.239
899.256
885.29
853.151
855.356
788.844
864.969
831.114
830.029
943.191
862.663
878.438
894.772
957.889
936.804
894.831
958.942
845.641
843.561
927.43
855.078
956.236
860.621
774.364
875.627
878.711
775.596
894.601
787.928
798.6
907.86
822.475
918.747
816.39
927.972
845.316
956.556
835.338
840.312
848.97
953.155
878.358
861.343
877.773
926.068
878.619
872.315
930.484
941.203
921.045
891.006
943.783
876.014
935.406
874.474
875.665
879.656
937.389
933.695
881.214
889.737
881.396
921.801
938.526
924.252
873.237
871.936
872.681
885.772
870.373
871.763
929.986
865.499
879.52
869.855
870.449
870.271
881.361
864.357
926.881
864.524
945.425
936.12
861.6
941.063
916.103
934.178
863.391
911.604
864.296
907.524
880.246
880.534
871.011
940.128
867.838
883.213
876.985
852.859
862.404
880.627
