687.277
749.69
661.781
552.975
1000.6
899.237
913.607
686.443
683.963
679.842
674.088
666.713
657.729
647.16
635.054
621.388
606.349
589.796
571.917
572.693
591.464
608.89
624.931
639.693
653.057
665.179
675.811
685.747
693.312
702.236
706.339
711.896
716.851
720.807
723.663
726.361
730.979
731.811
733.134
735.294
739.518
734.205
739.315
737.512
740.96
734.995
742.747
739.199
741.019
739.672
740.603
737.57
739.96
738.656
736.639
734.921
732.994
733.145
721.482
735.135
721.981
730.79
709.553
720.562
712.245
709.416
722.378
725.714
722.38
717.274
737.976
706.701
718.65
717.178
748.92
741.296
736.881
732.003
731.384
719.97
719.999
740.333
730.471
816.572
787.991
802.124
797.09
828.964
777.961
733.286
753.384
732.371
829.744
776.371
835.197
824.163
875.323
788.256
705.502
740.37
746.961
750.295
714.93
855.004
848.844
842.942
835.77
813.314
792.483
914.26
857.472
832.563
830.242
859.286
710.835
707.85
709.682
696.086
713.657
724.804
732.847
740.021
742.194
745.221
746.5
747.747
748.491
749.034
749.398
749.613
785.424
818.369
849.227
877.307
903.022
926.206
947.01
965.522
981.868
996.19
1008.64
1019.36
1028.52
1036.26
1042.74
1048.08
1052.41
1055.84
1058.49
1060.43
1061.74
1062.49
1062.75
1062.55
1061.94
1060.93
1059.52
1057.71
1055.48
1052.84
1049.78
1046.31
1042.46
1038.25
1033.75
1029.01
1024.11
1019.11
1014.09
1009.12
1004.25
999.548
995.054
990.807
986.842
983.181
979.852
976.901
974.391
972.341
970.736
969.557
968.813
968.507
968.618
969.098
969.885
970.906
972.084
973.342
974.605
975.806
976.886
977.801
978.519
979.02
979.299
979.36
979.214
978.877
978.368
977.701
976.884
975.921
974.81
973.548
972.12
970.493
968.616
966.421
963.83
960.753
957.088
952.723
947.533
941.384
934.139
925.655
915.791
904.408
891.377
876.58
859.914
841.298
820.688
797.978
773.372
746.486
718.025
766.492
759.939
774.798
1036.57
1018.96
1047.53
965.229
740.973
752.284
1022.28
993.062
693.999
976.834
865.083
780.634
907.07
951.2
751.437
924.2
972.831
875.246
790.859
977.722
807.634
753.665
968.016
685.36
778.805
876.885
765.922
773.488
757.745
756.26
767.527
1061.56
1058.21
977.847
1061.44
1051.37
742.061
972.407
846.995
796.226
876.485
975.294
964.863
971.962
749.297
968.79
751.564
796.634
765.073
702.902
783.862
632.735
646.499
966.869
764.233
715.927
774.717
1055.19
822.614
1012.18
773.219
977.26
751.86
785.033
753.396
744.89
709.107
713.678
593.804
817.778
650.166
666.284
729.183
840.008
902.703
975.159
814.928
796.681
968.92
899.151
959.209
876.69
939.89
819.261
903.006
970.261
775.437
761.573
966.709
977.354
787.027
852.442
768.947
976.759
974.337
820.75
725.446
761.669
762.709
1035.8
747.102
1044.74
751.521
925.927
995.847
775.327
1057.78
773.754
1032.02
1007.17
1002.28
768.515
988.809
753.259
984.838
1060.75
1059.65
1056.34
752.487
772.189
782.318
776.256
661.064
732.952
716.676
612.553
797.808
1055.54
1031.5
774.649
794.484
987.105
783.99
1001.35
971.796
753.671
845.125
807.764
804.351
1054.14
1057.98
855.583
970.507
809.518
875.996
672.924
685.071
729.634
791.888
633.818
754.859
848.64
771.924
731.34
819.373
901.926
680.861
613.61
731.115
858.605
946.731
845.352
914.36
946.023
882.136
962.278
889.063
970.538
791.994
955.554
976.097
872.589
838.679
903.337
967.052
932.663
810.172
775.984
790.374
890.008
977.648
820.259
973.226
852.652
976.1
974.055
970.393
746.642
818.713
969.059
769.57
767.481
966.578
967.612
741.816
747.222
967.208
770.829
768.276
971.543
790.5
732.126
789.726
763.27
977.587
705.682
974.908
744.643
773.895
764.326
1008.26
1028.09
1042.23
981.552
1040.83
1051.81
774.963
1027.23
768.201
1048.26
1060.88
762.882
1017.23
997.566
778.512
755.711
1059.68
981.176
773.403
750.24
1061.72
1054.06
755.628
802.886
982.838
780.928
695.031
674.02
770.885
783.276
630.514
784.478
789.695
774.963
736.464
741.658
1017.74
1045.83
964.426
807.451
1046.87
794.09
854.676
801.626
957.631
941.497
892.069
911.309
977.27
890.373
910.074
968.833
810.294
860.921
963.541
972.714
800.914
806.143
779.441
971.865
786.012
966.693
868.583
965.834
786.234
962.783
960.827
874.977
831.385
814.4
815.497
755.087
785.029
706.203
925.195
971.003
831.526
803.067
784.446
762.608
805.62
799.264
1052.11
782.481
791.762
1057.06
1058.62
991.637
805.451
669.7
768.308
654.178
847.745
816.229
690.354
786.529
710.88
720.371
871.236
885.902
811.543
838.146
907.53
960.202
883.639
967.223
867.079
928.239
946.634
855.69
906.943
971.295
857.787
852.044
962.43
972.704
972.365
962.385
876.933
859.4
969.552
961.587
966.177
950.956
789.063
903.342
806.091
912.527
768.745
961.565
800.037
744.016
806.324
994.849
1034.36
805.731
1057.19
1026.8
1016.78
807.677
804.691
978.826
788.274
1039.97
1006.44
792.933
780.402
1053.16
802.233
796.034
1035.91
1055.78
788.988
1058.52
804.707
996.398
721.187
812.455
799.733
698.794
652.788
817.039
729.725
856.313
780.482
829.512
826.98
1049.45
834.01
1023.08
810.073
930.63
823.569
991.728
815.012
848.066
963.475
939.068
949.952
939.423
913.663
874.768
954.44
838.03
837.253
1053.17
1046.74
1051.87
912.099
958.383
896.51
962.296
815.225
949.635
707.97
854.991
971.936
822.114
830.145
981.85
674.166
846.98
784.816
836.07
712.64
787.308
945.995
792.777
900.839
732.942
864.516
873.776
898.806
866.706
797.642
970.005
821.001
857.296
972.415
964.1
881.086
935.412
919.84
803.125
792.121
964.404
785.691
961.006
964.819
807.144
952.527
911.757
932.295
941.58
968.457
861.472
952.269
967.539
805.928
782.819
803.489
961.013
860.119
954.587
896.208
912.188
964.257
872.361
972.816
1051.45
1007.16
1040.67
820.231
833.637
1011.61
972.993
1043.62
806.979
1058.19
980.681
1049.95
969.125
805.82
784.492
1026.76
1021.87
807.615
796.956
784.927
1049.69
975.046
779.519
817.979
1050.44
1031.93
836.525
815.633
844.624
735.009
832.373
808.806
762.598
745.949
963.239
912.617
1015.62
963.869
960.325
856.062
891.314
964.389
838.674
895.062
1043.61
859.115
952.114
939.516
957.756
904.075
1007.67
851.543
823.015
834.79
968.649
1031.81
949.465
812.753
960.046
863.592
757.026
732.216
1045.26
913.863
956.709
912.336
951.428
951.643
831.251
814.807
996.949
825.366
968.999
813.769
1052.69
1039.11
1044.63
834.64
899.189
821.751
842.426
786.627
829.505
693.971
924.025
758.419
744.955
893.718
879.065
789.343
902.977
770.178
993.298
804.533
920.927
962.65
868.318
954.709
911.784
891.661
957.433
934.011
830.532
955.908
954.817
813.585
951.179
824.639
838.603
959.581
961.184
909.54
900.789
964.499
964.673
885.951
850.464
943.338
946.948
953.217
924.568
918.084
945.838
944.613
816.847
963.272
893.042
1018.16
816.037
837.386
837.073
1042.78
1027.73
835.594
1052.77
1048.61
837.77
832.491
962.575
811.66
818.935
849.176
827.308
824.388
1046.6
829.05
1053.23
835.5
1035.75
986.694
842.011
722.322
823.303
778.502
691.932
846.127
793.542
893.302
828.497
843.248
858.248
1044.36
1020.88
978.675
864.263
953.123
842.895
849.536
923.794
860.635
853.317
1011.73
944.3
945.68
876.425
887.036
921.644
863.327
938.919
943.942
863.415
1035.46
839.408
950.543
842.182
936.172
942.95
951.236
932.634
950.832
938.132
877.954
820.374
922.005
951.397
898.417
1041.39
968.559
857.458
856.151
868.517
800.377
729.189
871.792
831.688
944.81
766.791
750.35
855.074
944.998
813.76
891.859
979.395
929.36
912.26
1005.32
902.801
966.472
971.358
928.03
834.4
928.728
936.498
958.137
963.666
942.226
946.999
963.949
940.725
958.958
958.812
812.277
952.717
951.365
952.995
889.605
820.713
961.61
861.485
854.087
964.636
826.846
844.542
891.691
960.232
909.299
905.757
843.435
836.36
1045.01
1037.9
846.833
1013.01
860.216
959.661
1042.09
861.079
1024.43
837.36
1002.29
850.524
965.108
813.273
1041.38
1041.91
1045.61
1028.01
861.631
809.095
768.682
743.97
843.482
712.598
873.793
863.732
933.729
964.096
1012.58
1028.05
995.177
953.518
768.428
977.431
881.68
850.695
911.346
992.054
876.037
883.544
1035.64
882.227
931.66
1032.39
949.1
947.555
809.139
926.89
938.233
981.239
882.408
917.986
918.174
846.846
938.515
943.789
841.014
945.904
861.612
983.997
955.859
840.998
1033.65
878.715
886.802
896.351
1030.76
870.527
777.758
749.455
861.131
942.749
827.091
781.007
869.683
804.34
897.494
821.539
911.025
1002.7
975.318
839.186
970.865
932.942
990.245
929.759
987.276
950.44
892.687
914.071
855.381
978.392
858.63
952.321
845.04
942.204
938.425
938.59
933.672
953.425
945.458
944.354
950.308
840.001
939.741
852.358
929.474
881.147
869.228
953.451
948.726
946.501
924.304
941.013
935.834
1045.46
1006.52
864.542
873.733
862.82
1024.71
844.747
1016.66
1035.14
863.578
859.566
846.914
856.322
1038.15
1035.2
883.737
973.587
952.764
1031.06
839.576
855.351
789.903
887.846
1021.61
1007.21
962.907
918.42
1013.81
938.473
939.406
863.781
867.097
800.74
825.344
975.598
861.735
1008.6
998.057
937.004
903.197
971.063
900.332
942.465
937.883
961.816
872.066
929.744
952.779
923.295
878.908
895.06
922.858
924.652
868.097
1035.42
952.387
796.956
999.052
912.328
1023.46
922.24
1005.2
932.486
937.503
897.775
887.922
885.903
1020.31
927.632
919.981
918.644
785.485
916.026
961.289
871.02
843.623
949.81
843.368
991.09
905.76
890.934
988.835
983.442
991.475
856.708
920.107
916.096
923.855
869.44
1021.04
872.912
1033.79
1031.59
1009.17
984.002
1033.94
937.901
924.951
937.45
884.832
871.407
939.021
975.666
912.189
939.927
947.688
875.077
926.627
953.107
927.568
948.595
946.405
938.643
873.699
883.608
880.482
1000.99
1027.21
943.604
864.318
871.271
862.567
989.523
882.21
883.067
1034.42
1019.43
940.187
864.895
878.318
880.508
764.615
877.688
892.393
979.749
886.738
900.873
955.384
968.185
907.852
927.438
961.759
939.282
814.769
957.968
858.024
974.123
868.478
861.584
986.499
875.418
901.376
905.439
1016.39
994.924
1001.29
1028.04
903.328
922.302
898.186
1021.51
955.545
992.376
961.74
1017.44
903.991
935.804
948.285
1016.78
918.542
941.203
966.673
1005.45
923.346
884.208
894.94
895.483
928.973
888.483
925.423
891.911
968.986
935.162
968.158
929.658
858.387
813.771
987.703
834.918
898.974
1008.54
1005.8
865.601
909.202
1023.44
932.192
889.272
936.17
922.945
922.957
934.321
923.631
906.376
875.967
958.338
965.512
931.377
939.224
940.189
865.332
949.749
926.003
881.615
973.451
1016.79
863.591
887.841
937.758
887.525
868.962
1010.81
1003.09
888.016
1022.33
900.992
957.705
901.87
915.474
922.173
914.244
783.804
801.293
895.86
891.605
892.291
1019.94
1008.5
1007.04
1022.87
903.92
904.029
915.26
1002.91
913.564
816.968
907.542
970.572
924.388
908.681
944.794
934.889
996.765
896.826
892.375
885.648
1002.38
939.251
922.284
886.475
887.77
845.558
945.554
884.972
880.478
1015.77
906.314
922.744
940.024
1015.84
986.197
933.766
1019.69
887.6
885.299
973.797
890.242
1010.99
934.503
831.141
911.125
952.978
830.938
969.134
842.884
852.915
982.72
877.306
993.869
868.972
1002.89
896.997
1022.94
884.673
888.603
895.428
1022.35
921.382
904.092
920.099
975.504
924.236
918.419
981.539
1000.36
968.634
934.189
999.564
920.823
988.776
918.897
916.189
923.847
990.68
985.931
925.575
929.34
917.703
973.805
991.249
976.488
908.23
906.979
911.107
923.932
905.419
909.265
982.162
899.132
915.519
905.204
904.9
906.199
918.234
907.626
979.124
907.755
999.569
1010.13
904.584
998.272
961.821
986.531
906.625
955.597
907.5
950.011
924.48
924.924
907.68
993.969
901.839
919.837
912.787
885.563
905.55
924.944
