981.896
981.954
1049.07
885.195
1099.94
1099.93
1099.76
981.765
981.704
981.688
981.656
981.613
981.505
981.282
980.744
979.422
976.032
967.238
944.536
945.909
968.302
976.737
979.922
981.123
981.578
981.75
981.803
981.807
981.749
981.559
980.988
979.261
973.77
955.938
873.723
560.761
541.84
539.273
542.581
564.538
931.117
1036.94
1062.12
1070.2
1072.86
1073.78
1074.09
1074.21
1074.25
1074.26
1074.27
1074.27
1074.27
1074.27
1074.27
1074.27
1074.27
1074.27
1074.27
1074.27
1074.27
1074.27
1074.27
1074.27
1074.27
1074.27
1074.27
1074.27
1074.27
1074.27
1074.27
1074.27
1074.27
1074.27
1074.27
1074.27
1074.27
1074.27
1074.27
1074.27
1074.27
1074.27
1074.27
1074.27
1074.27
1074.27
1074.27
1074.27
1074.27
1074.27
1074.27
1074.27
1074.27
1074.27
1074.27
1074.27
1074.27
1074.27
1074.27
1074.27
1074.27
1074.27
1074.27
1074.27
1074.27
1074.27
1074.27
1074.27
1074.27
1074.26
1074.25
1074.22
1074.15
1073.98
1073.58
1072.61
1070.24
1064.31
1063.64
1068.3
1066.79
1052.84
999.689
986.37
983.219
982.199
981.855
981.724
981.754
981.853
1054.35
1082.34
1093.17
1097.36
1098.98
1099.61
1099.85
1099.94
1099.98
1099.99
1100
1100
1100
1100
1100
1100
1100
1100
1100
1100
1100
1100
1100
1100
1100
1100
1100
1100
1100
1100
1100
1100
1100
1100
1100
1100
1100
1100
1100
1100
1100
1100
1100
1100
1100
1100
1100
1100
1100
1100
1100
1100
1100
1100
1100
1100
1100
1100
1100
1100
1100
1100
1100
1100
1100
1100
1100
1100
1100
1100
1100
1100
1100
1100
1100
1100
1100
1100
1100
1100
1100
1100
1100
1100
1100
1100
1100
1100
1099.99
1099.99
1099.98
1099.94
1099.85
1099.6
1098.98
1097.35
1093.15
1082.34
1054.39
1090.06
980.369
1090.05
1100
1100
1100
1099.94
1053.43
1090.06
1100
1100
1054.1
1100
1090.06
1090.06
1090.06
1099.99
1090.03
1099.99
1100
1099.94
1090.06
1100
1090.06
1090.05
1100
1052.75
1057.25
1097.34
888.496
1088.72
1090.06
1090.06
998.463
1100
1100
1100
1100
1100
1090.06
1100
1090.06
1090.06
1090.06
1100
1099.99
1100
1090.06
1100
1089.21
1097.33
1082.93
1052.78
1053.2
1047.76
1050.42
1100
1090.06
1054.26
1090.05
1100
1090.06
1100
1089.88
1100
1085.5
1053.9
1084.04
1081.93
1052.74
1052.98
1011.93
1082.08
1051.59
1053.11
1089.89
1099.6
1098.98
1100
1090.06
1090.05
1099.99
1090.06
1099.99
1090.06
1099.99
1090.05
1099.99
1100
1090.06
1090.06
1100
1100
1090.06
1090.06
1090.06
1100
1100
1090.06
1054.21
1090.06
934.481
1100
1051.66
1100
1046.36
1099.61
1099.99
1089.99
1100
1057.26
1100
1100
1100
895.486
1100
1090.06
1100
1100
1100
1100
1090.06
1079.14
1053.62
1065.7
1051.84
1079.23
1053.58
1037.05
1022.37
1100
1100
1080.18
1096.16
1100
1096.15
1100
1100
1082.23
1096.16
1096.01
1060.81
1100
1100
1096.16
1100
1084
1097.31
1079.33
1080.19
1081.29
1037.76
1064.47
1088.1
1093.07
1093.06
1089.68
1098.97
1098.97
1053.77
1037.76
1089.98
1099.84
1099.85
1090.05
1099.99
1099.99
1090.06
1099.99
1090.06
1100
1090.06
1099.99
1100
1090.06
1090.06
1090.06
1099.99
1100
1090.06
1090.04
1090.06
1099.97
1100
1090.06
1100
1090.06
1100
1100
1100
1090.06
1090.06
1100
1090.06
1090.06
1100
1100
1090.06
1090.06
1100
1090.05
1090.06
1100
1090.06
1054.02
1090.06
1090.06
1100
1054.23
1100
1090.06
1090.05
1090.06
1100
1100
1100
1099.98
1100
1100
1090.03
1100
943.476
1100
1100
893.798
1100
1100
1089.58
1029.23
1100
1100
1086.25
1090.06
1100
1100
1090.05
1077.17
1100
1054.48
1052.89
1052.47
1074.79
1053.38
1046.77
1053.45
1091.24
1090.76
1081.43
1081.7
1100
1100
1099.94
1096.14
1100
1096.07
1099.84
1096.16
1099.98
1099.99
1096.15
1096.16
1100
1096.16
1099.99
1100
1096.16
1096.16
1100
1100
1096.15
1095.08
1096.15
1100
1096.16
1100
1096.15
1099.99
1096.16
1100
1100
1097.3
1084.4
1082.09
1098.95
1092.61
1095.7
1081.74
1099.61
1100
1096.16
1096.15
1096.16
1082.06
1096.15
1028.46
1100
1096.15
1096.16
1100
1100
1100
1086.43
1078.68
1092.92
1075.14
1092.96
1081.7
1080.98
1093.78
1081.13
1082.08
1099.93
1099.97
1096.12
1096.14
1096.16
1099.98
1096.16
1099.99
1096.15
1099.99
1099.99
1096.16
1096.16
1100
1096.16
1096.16
1100
1100
1100
1099.99
1096.15
1096.16
1100
1100
1100
1099.98
1096.16
1096.16
1096.15
1096.16
1081.56
1100
1096.16
1082.27
1096.14
1099.99
1100
1096.14
1100
1100
1100
1096.1
1088.45
1100
1053.66
1100
1100
1096.16
1076.41
1100
1041.7
1026.86
1100
1100
1096.16
1100
1095.76
1100
1081.27
1082.6
1089.41
1080.84
1074.74
1081.84
1092.57
1098.41
1093.06
1098.51
1072.12
1100
1098.48
1100
1089.74
1098.51
1098.51
1100
1098.5
1099.83
1100
1099.96
1099.96
1098.51
1098.51
1098.51
1100
1093.86
1098.4
1100
1100
1100
1098.49
1099.97
1098.51
1099.99
1098.52
1100
1091.48
1096.15
1100
1076.71
1078.51
1100
1085.75
1092.96
1095.94
1099.59
1091.82
1095.12
1099.85
1097.27
1098.98
1082.23
1099.93
1098.47
1099.98
1096.15
1092.57
1100
1096.16
1096.15
1100
1100
1098.51
1099.99
1099.99
1096.15
1096.15
1100
1096.16
1100
1100
1096.15
1099.96
1098.51
1098.51
1098.51
1099.99
1096.15
1100
1100
1096.16
1096.16
1096.15
1100
1096.16
1099.98
1096.16
1096.16
1099.99
1096.15
1100
1100
1100
1100
1098.51
1090.11
1100
1100
1100
1096.14
1100
1099.98
1100
1100
1093.25
1096.15
1100
1100
1096.13
1096.16
1067.17
1100
1100
1096.15
1098.51
1100
1100
1097.77
1081.9
1093.19
1092.41
1094.63
1095.44
1092.75
1092.54
1099.94
1099.98
1100
1099.99
1100
1098.51
1098.51
1100
1099.8
1099.31
1099.99
1093.85
1099.99
1099.88
1099.41
1099.42
1100
1099.42
1098.51
1098.49
1099.42
1100
1099.41
1098.49
1100
1097.62
1096.88
1096.05
1099.99
1098.51
1099.97
1098.5
1100
1100
1098.5
1086.28
1100
1098.51
1100
1098.49
1100
1100
1100
1094.25
1098.99
1097.22
1098.27
1097.18
1099.58
1090.07
1099.61
1093.06
1092.91
1098.5
1099.96
1092.92
1099.98
1093.09
1099.99
1091.7
1099.98
1100
1098.51
1099.96
1098.5
1098.5
1100
1099.97
1098.49
1100
1100
1098.52
1100
1098.51
1098.5
1099.98
1099.99
1098.49
1098.51
1100
1100
1098.51
1098.51
1099.96
1099.96
1100
1098.51
1098.51
1098.51
1098.51
1098.51
1099.99
1098.51
1100
1098.51
1098.47
1098.49
1100
1100
1098.47
1100
1100
1098.22
1098.49
1100
1098.5
1081.47
1099.42
1098.51
1073.11
1100
1073.88
1100
1096.67
1100
1100
1093.42
1092.14
1095.36
1097.1
1089.88
1093.05
1097.25
1099.95
1096.46
1092.51
1099.42
1099.99
1099.99
1099.99
1099.34
1099.99
1099.41
1099.41
1099.92
1099.39
1089.68
1099.99
1099.9
1099.4
1099.77
1099.41
1099.41
1099.39
1099.99
1099.99
1098.98
1099.99
1099.39
1099.99
1099.43
1099.99
1099.4
1099.95
1099.42
1099.98
1099.99
1099.15
1099.54
1099.61
1099.99
1099.42
1099.99
1099.99
1091.82
1097.8
1097.48
1098.86
1095.95
1097.4
1097.96
1099.85
1097.1
1096.78
1099.9
1099.41
1097.13
1099.97
1099.98
1099.4
1099.38
1099.99
1099.95
1099.41
1099.42
1099.97
1095.6
1099.9
1099.88
1099.42
1099.42
1099.89
1099.41
1100
1099.99
1100
1100
1098.51
1099.99
1100
1099.41
1098.51
1098.51
1100
1098.51
1099.42
1100
1098.5
1098.5
1098.5
1099.99
1099.42
1098.5
1099.43
1098.48
1099.99
1100
1099.41
1100
1095.83
1099.99
1100
1099.38
1100
1098.49
1100
1089.9
1100
1098.48
1099.99
1099.99
1099.99
1099.99
1097.42
1098.91
1097.02
1096.61
1097.81
1094.3
1097.34
1099.39
1099.72
1099.76
1099.99
1099.99
1099.99
1099.99
1098.43
1099.97
1099.89
1098.44
1099.8
1099.77
1095.98
1099.75
1099.98
1097.54
1099.77
1099.98
1099.99
1099.98
1099.47
1099.71
1099.98
1099.76
1099.95
1099.93
1099.41
1099.41
1099.99
1099.99
1099.42
1099.99
1099.37
1099.99
1099.99
1099.39
1099.99
1099.77
1099.03
1098.99
1099.98
1099.79
1098.64
1097.72
1098.77
1099.85
1099.74
1097.21
1099.94
1097.22
1099.47
1096.9
1099.94
1099.99
1099.76
1094.21
1099.41
1099.89
1099.76
1099.74
1099.76
1099.99
1099.41
1099.42
1099.4
1099.75
1099.39
1099.99
1099.42
1099.99
1099.99
1099.98
1099.99
1099.99
1099.92
1099.4
1099.99
1099.4
1099.99
1099.41
1099.41
1099.41
1099.4
1099.99
1099.95
1099.97
1099.41
1099.4
1099.42
1099.99
1099.99
1099.38
1099.76
1098.43
1099.99
1099.41
1099.99
1099.99
1099.23
1099.4
1090.87
1099.42
1099.99
1099.98
1098.26
1099.99
1099.99
1099.99
1099.38
1090.27
1098.78
1099.71
1099.98
1099.98
1099.98
1099.76
1099.98
1099.99
1099.98
1099.74
1099.75
1098.82
1098.84
1099.9
1097.52
1099.9
1099.98
1099.98
1099.04
1099.75
1099.91
1099.77
1099.96
1099.76
1099.77
1099.98
1099.75
1099.98
1099.76
1099.75
1099.98
1099.98
1099.78
1099.98
1099.98
1099.35
1099.98
1099.31
1099.95
1099.95
1099.89
1099.78
1099.88
1099.9
1099.53
1098.89
1099.97
1099.98
1099.98
1099.61
1098.71
1099.65
1099.94
1099.89
1099.85
1099.75
1098.65
1099.98
1099.83
1099.88
1099.76
1099.75
1099.76
1098.06
1099.72
1099.76
1099.71
1096.28
1099.99
1095.98
1099.99
1099.98
1099.9
1099.76
1099.98
1099.98
1099.76
1099.77
1099.74
1099.78
1099.98
1099.75
1099.76
1099.98
1099.99
1099.41
1099.4
1099.99
1099.98
1099.96
1099.76
1099.41
1099.76
1099.73
1096.81
1099.99
1099.97
1099.98
1099.4
1099.76
1099.38
1099.99
1099.76
1099.76
1099.98
1099.98
1099.98
1099.74
1096.23
1099.77
1098.38
1099.01
1099.01
1099.98
1099.74
1099.76
1099.75
1099.98
1099.57
1099.78
1099.89
1099.84
1099.62
1099.93
1099.77
1099.96
1099.76
1099.39
1099.9
1099.13
1099.41
1099.34
1099.98
1099.89
1099.89
1099.98
1099.9
1099.95
1098.48
1099.95
1099.9
1099.98
1099.9
1099.95
1099.28
1099.98
1099.9
1099.96
1099.96
1099.9
1099.9
1099.96
1099.95
1099.73
1099.9
1099.91
1099.95
1099.89
1099.95
1099.91
1099.76
1099.89
1099.78
1099.89
1099.88
1098.84
1099.97
1098.77
1099.86
1099.98
1099.9
1096.82
1099.3
1099.96
1099.98
1099.74
1099.94
1099.98
1099.98
1099.81
1099.98
1099.76
1099.76
1099.76
1099.78
1099.98
1099.97
1099.98
1099.76
1099.76
1099.98
1099.75
1099.75
1099.98
1099.74
1099.31
1099.98
1099.65
1099.76
1099.98
1099.98
1099.74
1099.98
1098.74
1099.98
1099.9
1099.96
1099.96
1099.6
1099.08
1099.35
1099.92
1099.61
1098.33
1099.96
1099.9
1099.9
1099.95
1099.9
1099.89
1099.37
1099.89
1099.96
1099.45
1099.87
1099.9
1099.95
1099.78
1099.95
1099.89
1099.95
1099.9
1099.9
1099.89
1099.95
1099.95
1099.96
1099.89
1099.9
1099.76
1099.85
1099.68
1098.9
1099.96
1099.52
1099.95
1099.98
1099.95
1099.98
1099.95
1099.95
1099.75
1099.73
1099.98
1099.9
1099.96
1099.82
1099.73
1099.96
1099.91
1099.49
1099.94
1099.49
1099.45
1099.95
1099.73
1099.95
1099.29
1099.95
1099.52
1099.98
1098.64
1098.43
1098.35
1099.96
1099.96
1099.89
1099.96
1099.96
1099.69
1099.49
1099.96
1099.89
1099.96
1099.98
1099.92
1099.7
1099.88
1099.73
1099.96
1099.92
1099.96
1099.9
1099.9
1099.89
1099.96
1099.9
1099.91
1099.89
1099.89
1099.96
1099.96
1099.9
1099.95
1099.95
1099.9
1099.9
1099.96
1099.95
1099.89
1099.95
1099.89
1099.89
1099.89
1099.88
1099.95
1099.95
1099.88
1099.89
1099.95
1099.96
1099.89
1099.95
1099.84
1099.95
1099.94
1099.95
1099.95
1099.96
1099.9
1099.96
1099.89
1099.89
1099.89
1099.95
