566.409
616.736
505.776
472.848
834.467
822.095
799.677
565.82
564.054
561.119
557.028
551.799
545.455
538.021
529.536
520.035
509.522
498.212
485.739
486.415
499.942
512.768
524.79
536.537
547.395
558.203
567.482
577.334
585.516
594.102
601.244
608.372
614.694
620.616
625.939
630.92
635.409
639.405
643.148
646.467
649.435
652.12
654.501
656.642
658.518
660.243
661.637
663.147
663.973
665.389
666.214
666.973
667.657
668.345
668.92
669.116
669.506
670.573
669.403
671.53
670.383
671.775
670.72
672.6
671.237
672.263
672.078
672.249
672.682
672.107
673.438
672.824
673.049
673.795
672.768
673.484
673.117
674.428
672.762
675.803
674.465
676.081
675.233
677.818
676.637
678.373
677.481
680.889
677.499
681.492
679.827
681.946
680.896
681.068
680.352
680.506
679.748
678.683
676.77
677.644
672.221
673.484
667.311
665.083
658.497
655.96
645.64
641.058
631.407
625.029
611.623
603.848
590.773
580.243
564.471
554.276
537.45
522.906
521.77
536.21
549.738
562.308
573.395
583.445
592.186
599.632
605.766
610.553
613.985
616.047
641.927
665.953
688.785
710.329
730.575
749.468
767.007
783.179
797.995
811.473
823.641
834.538
844.21
852.712
860.104
866.451
871.824
876.294
879.938
882.83
885.046
886.661
887.749
888.386
888.643
888.582
888.258
887.726
887.038
886.24
885.375
884.475
883.57
882.684
881.834
881.034
880.293
879.616
879.004
878.455
877.968
877.535
877.149
876.805
876.493
876.201
875.92
875.655
875.422
875.211
874.993
874.742
874.461
874.159
873.84
873.498
873.128
872.725
872.282
871.795
871.256
870.655
869.985
869.231
868.381
867.42
866.33
865.094
863.692
862.102
860.301
858.26
855.948
853.333
850.381
847.065
843.355
839.216
834.604
829.476
823.788
817.5
810.57
802.956
794.621
785.524
775.631
764.908
753.325
740.857
727.485
713.193
697.976
681.829
664.766
646.789
627.94
608.221
587.708
698.643
651.776
693.848
881.279
833.272
865.105
782.032
625.269
699.201
878.894
875.76
578.139
867.02
675.681
705.232
696.307
801.752
640.942
763.794
869.885
712.205
708.552
863.74
703.345
703.419
871.753
564.503
605.369
709.17
666.333
686.851
701.464
701.222
677.039
885.26
886.848
874.532
886.973
884.829
701.831
874.027
710.202
712.367
708.745
854.62
828.209
845.75
702.586
873.614
589.782
645.805
569.409
576.922
634.635
528.733
537.273
873.078
702.414
598.794
695.802
874.922
711.173
877.608
690.327
860.755
556.462
640.945
555.074
607.076
581.339
584.6
500.84
664.772
542.285
554.901
616.277
680.881
729.464
868.618
704.956
710.831
837.923
704.549
816.261
686.913
784.362
658.92
739.802
870.91
703.484
702.06
872.462
866.06
706.972
709.031
697.154
858.958
852.012
711.586
608.646
698.812
657.027
851.401
632.586
883.067
639.553
748.366
810.263
691.563
878.555
679.915
880.431
877.062
876.575
670.225
875.416
700.767
875.103
887.229
881.44
886.315
700.059
682.5
622.934
594.648
547.438
539.073
586.743
513.736
691.268
874.413
877.078
655.39
727.804
871.601
727.936
872.887
862.945
629.216
734.813
716.981
702.835
882.611
882.762
739.779
850.617
626.484
706.041
558.16
564.684
596.18
681.446
529.184
571.394
687.548
626.885
602.342
663.801
726.32
567.128
514.921
627.921
697.011
765.887
666.763
752.24
793.436
691.254
822.535
704.764
842.049
711.557
809.347
867.867
679.084
710.262
698.282
833.325
774.492
706.24
648.306
707.265
726.463
864.973
711.917
849.063
711.032
856.923
869.287
873.828
701.744
705.144
871.351
703.953
702.504
872.778
873.363
701.472
703.498
872.122
696.568
697.68
870.424
705.599
616.808
707.199
698.981
862.341
589.442
874.267
701.674
694.872
700.683
822.402
842.921
858.774
796.816
882.164
870.463
693.176
879.634
673.805
883.965
883.65
661.856
878.219
876.144
688.646
645.885
887.17
874.815
684.8
700.124
886.343
885.626
701.805
705.929
871.258
614.871
571.338
556.518
582.543
629.534
526.178
638.474
588.258
573.077
601.049
604.762
829.483
861.07
778.691
721.165
880.605
648.991
694.114
725.529
818.787
789.889
691.947
719.737
864.705
734.02
748.99
865.203
732.43
737.754
867.235
858.293
730.096
713.346
728.924
870.412
729.258
869.972
738.55
838.172
729.358
869.305
868.642
701.323
726.639
645.469
660.961
614.772
621.446
584.877
745.181
863.793
733.412
730.575
730.214
638.856
724.662
695.568
882.078
729.06
727.55
883.003
881.073
871.981
615.043
554.015
624.271
544.064
684.546
657.858
571.893
590.732
582.874
597.302
709.233
723.4
660.522
673.152
724.363
824.433
735.072
841.813
738.689
771.082
798.145
738.766
699.714
852.908
735.567
734.986
867.63
860.909
861.99
829.529
736.375
739.419
848.005
869.071
866.326
805.687
730.277
728.884
730.581
708.643
647.307
867.997
726.199
619.464
723.827
806.698
847.467
723.015
877.272
876.235
874.709
718.578
708.695
870.925
675.712
878.856
873.43
726.419
662.765
870.81
699.4
686.629
877.959
882.932
728.141
882.15
715.285
872.406
590.176
636.767
602.476
574.356
542.079
662.033
601.573
670.58
648.96
750.969
714.465
863.994
748.354
870.189
684.17
715.216
752.636
865.974
753.616
689.231
856.218
792.188
812.638
743.325
759.066
759.589
860.409
646.828
741.673
874.064
875.397
876.018
765.231
832.068
764.924
843.74
755.195
859.746
581.345
738.616
854.932
703.884
722.971
865.081
557.571
680.217
635.661
677.98
587.5
605.432
762.644
642.994
721.369
608.362
704.246
683.71
736.644
682.93
667.894
864.543
733.024
736.778
856.718
855.244
760.432
780.881
760.461
730.284
730.735
869.513
729.495
868.889
866.804
731.108
818.27
761.737
748.256
723.774
845.073
739.158
861.151
865.798
732.551
730.012
725.301
868.334
736.23
812.561
730.589
714.202
834.112
737.82
859.683
867.543
818.723
854.786
752.534
729.927
874.037
864.37
879.747
722.19
879.468
793.389
866.388
870.251
711.162
729.058
839.049
875.443
719.701
726.879
669.541
881.395
870.584
728.377
753.031
876.022
871.94
737.861
652.522
667.04
600.474
634.725
606.641
620.158
608.252
773.415
754.953
823.229
855.227
858.554
758.08
762.334
850.038
682.26
688.124
854.668
748.17
847.013
804.36
736.146
783.47
867.798
775.217
755.468
756.561
766.555
840.955
782.257
754.04
862.401
666.072
617.29
601.297
869.443
705.554
828.013
764.494
861.993
861.492
750.068
691.321
866.512
751.842
864.045
753.301
870.357
873.616
875.017
732.906
714.605
624.607
656.236
638.528
673.146
572.796
740.035
627.102
614.658
694.883
718.298
658.662
743.622
638.283
801.047
676.343
765.466
857.117
759.241
823.368
763.518
763.633
859.63
784.045
756.283
860.054
862.333
754.946
861.61
755.51
756.951
835.406
840.916
765.748
765.552
854.16
852.947
761.236
757.451
799.651
806.477
860.786
752.288
756.33
730.623
737.479
754.985
846.214
764.594
869.349
753.247
743.238
745.636
854.413
871.086
747.397
875.309
875.638
739.875
749.161
865.672
754.363
697.865
775.64
751.426
709.404
859.658
718.911
872.503
735.562
872.801
865.506
657.732
591.507
621.319
632.662
570.225
674.467
655.361
736.343
695.354
717.642
773.623
864.14
862.679
856.538
764.061
844.789
776.112
778.63
776.133
771.577
735.219
861.062
814.946
785.768
795.718
781.132
786.127
778.54
852.097
850.935
760.285
865.368
776.377
854.804
778.331
849.033
787.592
826.228
788.922
834.212
852.17
672.868
666.428
732.827
848.101
782.486
867.03
855.627
744.253
653.558
677.406
649.922
597.556
687.159
640.859
757.419
630.344
616.187
697.201
726.105
676.941
731.431
788.023
714.763
701.942
812.77
747.523
745.05
760.355
775.172
703.513
784.123
798.225
775.985
771.681
810.045
784.224
848.276
851.425
859.16
864.034
754.691
845.933
861.785
779.282
761.86
755.268
857.912
758.593
774.915
851.586
756.032
757.724
763.889
838.074
784.208
765.801
778.434
746.448
858.12
848.22
775.81
868.556
751.676
854.956
874.386
770.192
832.637
744.659
867.123
729.852
863.602
753.767
850.506
864.435
860.861
864.077
755.002
656.275
625.616
608.014
639.281
585.908
695.129
767.863
719.082
744.451
814.792
832.199
858.39
842.36
629.064
780.835
727.687
711.974
766.58
786.034
753.333
790.69
846.644
767.18
803.944
852.207
849.752
843.586
658.187
794.327
835.684
802.173
724.364
767.465
785.424
778.462
852.368
853.608
777.872
850.762
769.126
857.057
854.752
776.067
865.364
795.345
684.228
705.896
856.715
800.083
633.606
613.498
656.52
750.112
673.662
643.206
711.291
666.493
688.427
686.422
757.93
804.821
754.669
710.877
753.226
791.497
791.237
800.009
795.456
849.061
781.645
784.808
778.408
804.41
778.121
837.116
778.491
851.172
852.523
834.319
848.483
843.636
819.285
786.755
856.996
777.064
851.831
778.654
788.082
780.612
779.234
840.958
826.374
828.417
786.489
788.229
789.141
862.921
860.187
765.667
795.623
757.938
863.418
775.964
861.986
863.245
762.199
772.653
723.884
774.322
845.486
843.435
770.881
856.106
854.813
864.813
775.847
739.87
642.338
783.548
853.996
851.56
845.119
801.681
852.465
847.104
832.009
795.822
795.741
657.651
682.114
760.01
728.049
802.875
850.265
838.302
784.354
808.361
812.822
805.489
823.537
809.386
798.895
840.022
806.68
841.29
798.503
799.444
840.732
840.469
798.895
849.31
844.05
649.369
795.087
782.581
830.633
822.53
819.066
805.298
815.056
812.902
780.357
774.888
850.073
842.061
837.789
723.616
643.758
704.243
766.251
715.907
688.685
732.353
702.736
793.632
758.158
738.626
771.822
763.574
779.257
720.354
781.476
774.348
788.262
741.409
823.997
747.596
839.474
834.782
808.115
799.025
839.571
837.169
802.677
804.814
798.073
799.742
833.132
805.96
800.905
831.079
850.401
779.729
787.188
839.278
840.01
827.778
805.79
788.874
798.507
788.94
763.011
859.304
850.288
843.506
766.841
795.629
768.399
857.681
793.734
792.282
851.255
853.727
843.563
795.247
758.289
794.562
624.232
671.451
695.69
846.933
786.87
800.176
807.193
845.565
701.371
717.787
747.512
740.78
664.706
757.058
706.323
771.677
717.904
716.602
770.302
734.898
762.932
769.968
813.549
779.394
787.911
829.008
810.952
820.872
774.315
836.186
821.62
849.25
822.659
839.272
787.622
839.207
820.065
844.159
827.404
818.732
823.174
841.548
818.67
787.758
812.702
816.786
830.249
812.657
830.423
817.286
809.341
815.334
810.818
812.815
702.904
670.236
784.273
692.744
748.823
804.771
795.808
734.806
776.597
826.966
840.114
798.405
820.794
841.092
840.78
808.982
840.663
800.423
798.378
808.128
810.659
843.85
826.277
829.963
797.104
806.104
840.272
798.25
807.368
853.152
795.175
778.473
844.136
781.688
795.623
852.053
851.084
785.156
853.542
779.68
844.686
811.908
833.197
824.315
713.137
639.981
655.045
818.486
747.355
763.062
816.82
812.422
816.012
833.782
809.407
807.604
788.209
821.341
827.419
669.291
799.947
823.407
818.166
797.528
832.125
817.898
839.159
816.078
812.562
812.837
840.562
831.477
830.636
812.269
814.481
693.479
733.297
738.225
742.716
809.704
791.714
819.652
828.437
840.204
848.122
830.731
838.034
786.222
787.113
846.163
812.584
844.435
730.008
679.586
831.896
746.021
682.767
760.488
695.1
706.261
772.945
728.412
783.582
726.029
793.011
755.53
821.838
749.832
756.618
768.917
822.423
825.638
805.894
826.615
836.468
802.065
793.892
837.525
823.041
835.052
839.806
829.142
802.158
823.643
802.141
827.544
811.921
838.581
827.04
811.695
817.505
831.708
823.663
829.528
823.935
815.167
829.111
827.278
817.083
827.939
827.416
825.5
815.828
831.867
827.414
815.421
827.443
816.327
802.887
824.492
801.606
839.784
801.726
804.668
824.813
833.792
838.162
803.426
832.941
798.32
832.469
814.042
817.277
827.527
838.854
815.622
831.179
815.547
812.358
803.958
815.899
