529.527
542.924
457.085
448.795
737.068
731.749
712.849
529.02
527.498
524.967
521.44
516.931
511.461
505.055
497.74
489.547
480.522
470.682
460.129
460.717
472.023
483.024
493.179
503.183
512.334
520.97
529.136
536.502
543.724
549.729
555.931
561.043
566.083
570.235
574.465
577.733
581.047
583.651
586.332
588.165
590.315
591.787
593.342
594.388
595.788
596.469
597.474
598.099
598.912
599.302
599.923
600.396
600.863
601.2
601.779
602.172
602.52
602.983
603.484
603.753
604.157
604.75
604.927
605.648
605.687
606.749
606.651
607.602
607.68
608.646
608.437
609.534
609.481
610.359
610.322
611.45
611.355
612.118
612.316
613.106
612.796
613.677
613.617
614.082
613.829
614.702
614.141
614.478
614.149
614.228
613.431
612.963
612.39
611.376
610.036
609.094
607.439
605.381
603.303
600.986
597.618
594.243
590.837
586.013
581.87
575.749
571.405
563.849
558.021
549.786
542.737
532.605
524.654
513.795
504.093
492.307
482.035
469.108
468.696
480.029
490.409
500.048
508.737
516.605
523.441
529.337
534.185
537.996
540.728
542.375
562.297
580.92
598.729
615.703
631.795
646.994
661.278
674.643
687.089
698.622
709.258
719.015
727.92
736.003
743.296
749.84
755.673
760.837
765.377
769.335
772.756
775.682
778.157
780.226
781.929
783.302
784.377
785.186
785.76
786.128
786.317
786.351
786.25
786.034
785.719
785.321
784.851
784.321
783.742
783.121
782.466
781.784
781.079
780.356
779.62
778.87
778.107
777.345
776.604
775.884
775.166
774.435
773.698
772.966
772.248
771.544
770.851
770.17
769.501
768.84
768.188
767.539
766.891
766.236
765.566
764.872
764.143
763.365
762.523
761.6
760.574
759.422
758.113
756.617
754.901
752.935
750.687
748.118
745.184
741.838
738.032
733.721
728.858
723.398
717.296
710.509
702.997
694.72
685.647
675.748
664.998
653.382
640.886
627.511
613.255
598.138
582.169
565.39
547.823
625.997
595.77
623.13
784.855
717.991
748.742
673.721
575.82
627.878
783.676
779.915
538.349
764.445
591.383
638.841
613.36
722.381
560.43
693.773
767.058
652.535
639.427
762.248
637.205
635.387
769.715
527.814
533.356
614.777
606.209
618.815
629.381
630.34
613.033
774.525
783.202
776.946
779.054
784.947
631.458
775.445
637.9
635.164
627.089
757.014
740.777
751.842
632.364
774.024
519.828
597.295
505.413
538.52
556.492
496.824
504.378
772.55
633.463
555.307
624.152
759.713
639.026
782.57
620.86
760.487
494.801
561.517
494.239
564.408
542.329
545.142
472.785
579.986
508.338
518.753
541.357
626.698
630.906
765.765
638.096
631.524
747.039
621.389
732.679
603.818
709.524
577.405
674.847
768.368
636.58
634.622
771.107
763.752
639.404
638.48
625.254
759.465
755.522
636.894
562.504
626.899
599.844
734.938
581.842
785.17
586.885
646.111
697.647
621.742
764.242
614.979
784.541
781.951
781.298
608.605
779.194
628.351
778.458
780.754
768.192
784.008
629.583
616.431
547.2
525.013
513.098
482.491
546.989
484.204
627.064
760.845
781.327
600.96
650.258
776.43
651.674
778.447
761.089
580.837
662.01
642.923
634.633
779.667
775.568
660.851
753.703
549.728
612.279
521.864
527.9
555.023
620.216
497.234
508.439
597.745
581.262
531.542
612.427
628.39
528.91
485.167
552.436
640.059
660.378
585.669
684.722
716.294
609.349
736.98
624.092
749.599
633.286
727.828
765.113
598.915
629.746
617.818
744.115
702.029
638.669
569.858
638.801
664.124
763.025
636.158
753.807
638.466
758.316
766.412
774.74
632.324
638.261
769.036
636.378
634.479
771.821
773.292
633.585
635.588
770.405
624.676
625.545
767.709
637.122
569.879
639.097
626.55
761.409
547.015
776.187
631.426
623.626
627.251
708.257
726.875
742.214
686.139
785.07
754.561
622.285
784.144
611.287
785.136
771.606
603.041
783.148
780.618
620.13
591.854
782.127
777.71
617.982
628.629
776.994
784.579
630.493
636.463
775.714
540.871
533.706
520.935
515.643
552.443
494.729
559.55
519.949
508.506
559.218
562.416
714.929
745.454
671.04
645.112
781.411
568.572
637.576
648.433
733.835
713.294
604.619
629.985
770.655
646.955
681.953
763.048
660.878
662.482
765.637
758.071
657.995
640.967
653.514
773.49
654.539
772.083
656.308
746.369
655.721
770.481
768.394
608.515
654.354
564.654
609.991
570.84
546.471
544.442
643.559
761.757
661.788
659.153
657.028
587.909
647.29
630.03
780.469
652.288
650.732
777.243
771.074
777.127
540.748
518.675
579.015
509.904
595.353
574.483
533.59
521.343
543.559
554.555
649.99
661.505
579.313
588.356
635.197
737.612
649.785
748.572
657.545
699.134
719.337
661.502
612.426
754.997
662.676
662.087
766.308
759.676
760.4
740.938
652.1
660.232
752.208
769.745
764.331
724.745
655.849
639.312
660.283
618.353
594.917
766.993
648.809
572.622
646.821
694.778
731.745
646.327
764.766
781.016
780.159
643.757
638.139
774.962
616.314
781.638
779.061
649.919
606.642
756.348
632.277
623.927
781.541
778.595
651.35
773.535
641.887
777.8
549.849
557.773
530.931
536.215
508.465
577.806
558.538
584.871
597.185
668.989
646.42
750.776
667.14
775.543
624.7
622.969
670.503
772.646
672.614
633.394
755.55
714.306
728.666
649.946
667.119
683.678
760.004
565.494
663.229
765.333
773.642
770.025
677.191
741.275
682.45
748.023
676.538
762.676
542.082
662.216
756.14
639.108
652.115
771.345
521.661
591.902
558.302
624.211
546.768
534.356
657.779
594.882
624.436
564.004
645.723
595.282
672.151
597.082
612.217
762.409
661.541
662.376
757.156
754.845
683.95
706.574
690.937
658.917
657.696
771.197
654.949
769.08
764.981
659.746
732.435
670.311
654.953
630.482
750.504
658.961
761.331
763.69
660.872
656.747
647.923
767.69
662.422
729.567
643.216
624.666
743.854
654.488
758.905
755.215
705.291
738.97
671.086
656.409
779.635
769.95
781.602
645.734
768.164
683.387
751.233
772.828
639.49
653.731
723.739
780.623
644.591
649.38
611.557
781.042
774.166
652.574
671.598
771.443
775.84
661.042
570.237
581.438
558.53
556.073
534.404
575.476
565.225
666.819
686.251
709.885
762.725
757.573
682.589
683.931
751.644
627.434
599.01
743.171
672.289
747.974
721.691
639.506
703.118
774.353
689.506
678.396
680.353
667.709
726.468
686.001
673.967
766.729
580.631
572.783
558.791
764.679
614.394
738.738
675.231
763.36
762.024
668.401
630.062
773.253
670.026
769.212
672.996
759.087
775.561
774.575
658.236
619.046
547.971
573.074
591.047
620.069
534.536
639.445
579.491
569.451
605.245
657.144
605.17
677.377
588.744
690.248
618.785
694.363
756.261
683.265
735.759
673.101
683.641
758.813
708.348
679.663
759.414
765.401
676.032
763.564
678.904
680.932
743.274
746.378
679.004
681.45
754.119
753.356
683.87
681.929
719.657
724.445
760.653
659.662
663.683
637.824
644.158
677.29
749.464
683.027
775.232
672.024
664.087
665.489
740.037
775.774
666.447
767.961
772.5
662.252
667.803
768.995
674.783
634.698
689.879
669.582
642.955
745.745
649.346
762.437
659.84
775.782
772.015
574.098
550.799
545.573
586.005
532.443
587.327
603.403
671.169
634.868
651.487
687.719
757.182
768.07
764.735
681.666
746.404
691.156
697.4
701.644
685.882
663.859
767.882
728.706
691.807
706.15
701.7
703.302
699.1
754.247
751.899
679.642
765.309
692.564
760.617
695.484
754.303
696.013
736.397
701.833
740.134
755.695
586.656
614.316
633.694
748.84
702.684
763.741
763.431
669.764
570.808
589.559
600.521
555.808
597.263
560.901
653.599
582.953
571.242
639.705
630.775
620.517
667.699
679.094
621.107
610.523
700.505
679.922
647.528
661.542
701.732
641.047
707.484
717.485
677.872
673.148
725.518
689.147
750.642
752.924
758.223
767.278
675.365
747.181
762.712
682.089
684.004
677.685
756.951
682.828
688.961
752.541
679.413
681.438
683.271
744.755
703.404
680.376
696.047
665.932
747.509
733.64
690.294
774.836
674.457
762.079
775.183
684.86
718.556
664.777
773.828
660.146
768.339
673.489
738.304
759.359
751.298
767.573
676.494
605.972
579.945
564.801
559.789
545.766
603.584
683.584
623.593
645.142
703.107
719.4
766.454
744.936
582.191
673.353
663.775
648.934
693.536
683.69
678.981
701.752
738.16
688.103
720.488
747.287
750.33
752.987
607.261
713.252
738.654
702.052
661.664
695.186
703.446
696.865
754.908
758.493
694.651
751.509
684.156
765.32
761.452
691.337
766.523
705.703
595.012
612.129
754.541
713.454
586.501
569.178
573.478
647.763
620.09
593.588
651.159
612.366
598.549
627.989
687.951
694.135
654.18
646.496
654.738
712.767
689.123
717.109
693.864
749.667
702.144
703.564
698.185
705.29
698.473
741.936
696.358
752.387
755.503
737.628
753.1
745.688
731.312
694.002
761.762
693.502
753.625
697.832
702.305
701.305
699.962
744.148
735.789
736.13
703.031
697.799
700.995
754.561
767.538
682.563
706.359
678.261
767.912
690.735
768.137
762.076
680.629
686.812
655.916
688.316
732.801
734.046
690.405
764.141
761.016
767.181
691.64
666.956
594.011
697.723
755.904
758.739
755.163
718.927
757.853
753.96
736.12
708.57
707.35
605.759
625.548
657.536
660.985
697.107
758.826
740.814
702.341
712.791
720.101
720.866
731.271
718.937
713.496
742.913
719.688
746.636
714.549
716.572
745.272
744.239
712.002
741.861
753.739
599.684
686.355
703.422
723.668
727.85
715.811
720.659
727.063
720.367
696.202
693.013
750.368
748.829
744.677
626.363
594.376
611.398
661.097
654.439
632.434
634.766
641.81
684.32
687.273
672.333
669.967
662.249
677.049
655.275
704.299
699.205
709.086
670.601
711.599
674.986
726.569
724.157
702.643
698.09
729.446
739.846
719.634
720.837
714.827
713.647
736.815
707.99
718.318
735.644
751.013
700.691
702.648
743.201
743.188
736.439
720.519
699.58
713.641
700.398
685.447
767.067
747.135
752.509
683.179
706.622
683.732
765.901
704.17
702.99
744.986
756.837
752.109
707.354
682.303
704.945
578.462
584.978
604.057
756.841
699.297
717.372
719.222
755.68
608.777
622.112
646.829
640.321
612.399
653.76
646.234
666.036
655.417
653.575
666.608
667.558
689.547
694.592
703.222
674.841
682.699
718.141
718.328
726.583
695.696
731.195
735.202
758.366
735.683
736.638
704.241
741.652
734.172
743.437
732.081
733.201
735.614
745.58
725.153
699.559
720.414
728.3
741.826
721.274
741.572
727.262
714.99
726.567
717.541
723.788
643.994
616.002
676.84
634.019
680.195
695.092
690.182
665.844
699.286
719.242
742.744
715.435
729.477
746.021
746.55
723.084
744.79
717.81
714.013
719.004
718.717
750.666
732.96
735.075
710.08
720.076
743.724
714.676
710.559
757.448
707.653
695.3
752.1
696.722
706.903
758.383
758.993
698.572
754.664
699.3
754.573
719.2
741.438
729.283
618.061
591.64
604.128
729.23
678.103
687.959
708.33
707.488
711.837
727.724
717.016
715.553
707.262
719.146
732.527
615.838
711.231
735.178
725.015
710.405
744.261
732.541
746.742
728.21
720.563
722.649
745.9
743.5
741.316
721.316
724.461
635.917
634.911
671.183
673.35
701.337
706.913
725.738
734.24
738.447
757.688
742.582
734.192
699.046
699.244
756.238
720.885
746.883
631.772
624.621
739.292
644.978
626.784
657.119
636.679
645.495
667.806
663.628
677.177
660.835
685.698
684.176
711.077
678.524
683.39
692.025
714.174
730.399
714.243
731.291
747.658
716.922
711.133
748.154
721.983
746.733
742.291
730.061
716.081
726.771
715.551
732.386
721.658
747.87
733.532
722.062
732.173
741.211
734.662
734.385
734.077
729.237
736.545
732.69
731.706
735.131
733.115
733.402
728.473
740.823
734.262
729.038
733.872
730.849
712.783
733.607
712.127
746.312
693.757
713.397
724.866
745.821
748.168
712.877
745.146
710.434
744.692
722.851
724.617
733.555
747.347
728.76
741.287
729.905
721.807
713.03
723.896
