885.87
890.195
963.402
734.291
1092.42
1085.62
1043.88
885.59
884.559
882.603
879.487
874.89
868.422
859.584
847.818
832.657
814.135
792.298
762.3
763.596
793.695
815.083
832.673
846.249
855.86
861.984
865.25
866.695
871.523
852.78
890.373
899.166
885.2
882.274
893.386
879.291
827.536
839.284
851.505
796.548
761.927
874.798
837.348
834.571
851.791
942.089
834.455
861.893
869.876
869.501
869.318
894.048
807.961
774.885
803.759
807.271
780.606
823.188
934.686
917.089
926.911
936.168
939.684
933.02
905.556
806.696
506.637
578.089
534.759
534.703
563.762
998.299
922.436
967.388
1010.93
1032.63
1042.58
1046.92
1048.76
1049.53
1049.85
1049.98
1050.03
1050.05
1050.06
1050.06
1050.06
1050.06
1050.06
1050.06
1050.06
1050.06
1050.06
1050.06
1050.06
1050.06
1050.06
1050.06
1050.05
1050.05
1050.03
1050
1049.95
1049.85
1049.68
1049.38
1048.87
1048.04
1046.74
1044.74
1041.79
1037.6
1031.82
1024.11
1014.21
1002.15
988.557
973.863
965.941
958.25
938.501
902.626
909.103
901.739
898.232
895.648
893.569
892.058
891.028
890.417
928.772
970.838
1001.76
1027.32
1047.83
1063.48
1075.01
1083.28
1089.03
1092.9
1095.42
1096.99
1097.94
1098.5
1098.82
1099
1099.1
1099.15
1099.18
1099.19
1099.2
1099.2
1099.2
1099.2
1099.2
1099.2
1099.2
1099.21
1099.2
1099.2
1099.2
1099.2
1099.2
1099.2
1099.2
1099.2
1099.2
1099.2
1099.2
1099.2
1099.19
1099.19
1099.18
1099.18
1099.17
1099.16
1099.15
1099.14
1099.14
1099.14
1099.15
1099.15
1099.14
1099.13
1099.12
1099.1
1099.07
1099.04
1099
1098.95
1098.9
1098.84
1098.78
1098.71
1098.61
1098.49
1098.32
1098.09
1097.8
1097.45
1097.05
1096.6
1096.14
1095.68
1095.25
1094.86
1094.53
1094.26
1094.03
1093.83
1093.64
1093.45
1093.26
1093.08
1092.86
1092.58
1092.12
1091.33
1089.95
1087.64
1083.96
1078.34
1070.15
1058.62
1042.93
1022.36
996.769
965.936
924.049
971.148
864.873
922.377
1099.09
1096.89
1098.89
1083.23
884.395
950.427
1099.09
1099.06
898.34
1098.35
1058.2
1059.42
1059.32
1092.19
1050.86
1090.51
1098.69
1077.69
1059.44
1097.75
1058.91
1043.01
1098.92
903.622
938.891
1027.2
885.588
865.482
970.8
870.661
899.126
1099.08
1099.09
1099.01
1099.08
1099.09
711.699
1099
1059.44
1059.44
1059.43
1095.46
1092.91
1093.96
680.955
1099.01
1021.84
1021.65
961.788
915.541
929.428
846.626
865.365
1099
821.372
904.236
927.83
1099.03
1059.44
1099.08
895.27
1097
993.608
928.538
972.911
964.704
918.922
921.273
789.701
970.473
865.879
880.82
1040.46
1058.01
1047.8
1098.54
1059.35
1059.43
1093.32
1059.4
1092.55
1059.04
1091.72
1055.99
1086.9
1098.82
1056.4
986.071
1098.98
1098.21
1059.43
1059.44
964.437
1096.52
1094.92
1059.44
905.27
964.393
872.832
1098.39
872.592
1099.09
873.795
1063.47
1092.82
913.326
1099.06
865.939
1099.09
1099.08
1099.07
881.975
1099.05
958.274
1099.04
1099.09
1099.07
1099.09
964.377
865.422
932.998
943.814
881.43
976.998
922.966
822.295
921.957
1098.69
1098.72
950.043
991.35
1098.66
1013.25
1098.7
1097.48
946.601
1069.56
942
905.933
1098.72
1098.72
1069.57
1093.23
978.861
1027.18
903.373
919.77
956.224
937.04
857.486
1008.78
1001.47
995.887
1032.36
1042.29
1047.85
891.465
822.991
1046.49
1069.52
1074.98
1057.35
1089.17
1091.99
1059.22
1092.72
1059.42
1093.6
1059.43
1092.37
1098.46
1058.73
1059.43
1059.37
1093.1
1091.28
1059.4
1053.92
1059.44
1083.26
1098.02
1059.44
1094.41
1059.44
1096
1098.62
1099
683.724
1059.22
1098.87
1052.28
931.539
1098.99
1099.01
744.729
1023.17
1098.95
950.003
967.954
1098.75
1058.17
905.049
1059.44
974.003
1097.42
902.05
1099
796.146
924.223
945.794
1095.32
1097.83
1098.71
1088.96
1099.09
1098.98
921.711
1099.09
897.223
1099.09
1099.08
890.729
1099.08
1099.07
855.6
871.339
1099.09
1099.03
868.55
967.419
1099.08
1099.09
938.081
905.502
1098.64
935.526
910.664
894.061
954.346
930.995
845.791
928.687
991.088
994.749
960.124
962.98
1096.55
1098.52
1083.1
959.465
1098.72
1055.7
1067.57
967.716
1089.85
1089.27
1067.36
1069.34
1097.92
1069.56
1086.75
1097.87
1069.38
1069.57
1098.33
1096.16
1041.87
920.184
963.952
1098.57
888.528
1098.54
1069.56
1090.66
865.719
1098.53
1098.54
1027.54
947.196
974.393
1040.34
986.304
1040.21
931.383
1063.49
1097.63
1069.54
1063.58
975.512
946.786
963.045
916.687
1098.72
1008.87
1001.83
1098.72
1098.72
1098.68
982.286
902.878
993.921
882.682
1001.42
971.125
919.604
1013.32
943.35
939.054
1075.63
1081.08
1060.41
1063.7
1069.45
1089.99
1069.57
1091.11
1069.56
1088.68
1089.43
1069.57
1068.27
1094.03
1069.57
1069.57
1098.41
1097.02
1097.29
1090.16
1069.57
1069.57
1092.44
1098.53
1098.11
1089.58
887.324
1069.51
1068.46
1068.82
949.184
1098.47
972.22
945.518
961.407
1092.55
1098.03
960.289
1098.7
1098.72
1098.72
952.276
906.197
1098.61
943.194
1098.72
1098.71
983.347
948.851
1098.67
911.052
928.33
1098.72
1098.72
1009.99
1098.72
932.749
1098.69
950.898
976.444
986.076
933.134
882.276
970.526
960.764
1061.84
977.587
987.278
957.858
1097.99
988.085
1098.05
975.402
1074.62
1013.99
1098.01
1043.99
1064.01
1095.73
1084.55
1084.67
1076.76
1076.98
1077
1097.26
1007.43
978.884
1098.03
1098.03
1098.06
1076.93
1085.42
1077.01
1088.81
977.633
1097.21
947.687
1069.57
1094.82
966.91
949.163
1097.96
908.616
1002.06
1049.11
1056.07
947.887
1028.38
1074.95
1019.6
1048.08
943.443
1071.92
1067.05
1084.6
1065.91
977.382
1097.75
1069.49
1069.57
1095.54
1095.45
1077.01
1089.05
1087.99
1056.32
1016.42
1098.52
864.844
1098.54
1098.22
1066.95
1084.7
1076.98
1076.88
1075.59
1091.72
1069.56
1097.55
1097.99
1069.11
929.766
964.627
1098.52
1069.57
1089.72
1069.54
1069.15
1090.37
1069.56
1096.65
1098.02
1095.01
1098.35
1024.98
947.623
1098.71
1097.87
1098.72
959.263
1098.71
1088.77
1098.62
1098.55
912.039
924.295
1097.48
1098.72
957.561
976.915
946.584
1098.72
1098.58
992.628
1034.39
1098.04
1098.05
963.444
972.68
1004.63
972.364
1009.42
1013.33
990.733
980.418
1082.93
1083.55
1095.93
1096.73
1096.37
1076.83
1076.99
1092.76
1058.42
1066.36
1096.94
982.253
1092.58
1076.78
1080.45
1083.04
1098.04
1042.07
1025.51
1072.46
1082.79
1097.38
1082.95
1020.88
1097.52
1030.28
996.261
971.191
1097.35
1073.06
1085.07
1076.94
1097.66
1097.63
984.548
973.386
1098.03
1003.07
1097.81
1041.92
1098.03
1098.05
1098.04
950.936
1048.36
1030.93
1054.49
1016.18
1052.55
930.416
1063.57
974.421
969.326
1070.65
1077.2
977.718
1082.48
976.833
1092.1
976.687
1084.1
1095.95
1076.97
1084.77
1076.96
1076.97
1096.83
1084.48
1067.58
1097.06
1097.52
978.654
1097.54
1044.57
1074.92
1085.92
1087.47
1076.93
1076.99
1095.06
1094.5
1077.01
1076.61
1084.6
1084.65
1097.43
1076.93
1076.95
1076.19
1076.55
987.115
1090.25
1076.99
1098.05
1041.11
985.431
993.506
1097.85
1098.05
991.304
1098.05
1098.02
971.071
985.169
1097.96
1004.3
970.561
1050.28
993.658
962.624
1097.94
953.11
1098.03
956.239
1098.05
1097.99
1005.97
961.633
1011.69
1011.35
930.131
1003.26
1003.33
1076.12
1001.44
996.067
1020.53
1096.92
1097.03
1096.94
1007.03
1091.61
1064.15
1056.96
1077.38
1018.05
989.635
1097.04
1076.53
1082.9
1063.2
1082.83
1082.96
1079.76
1096.14
1095.07
993.738
1096.91
1054.22
1096.31
1038.44
1095.05
1082.83
1079.81
1083.02
1081.5
1095.96
1058.15
1047.13
1063.46
1092.97
1082.98
1097.06
1096.82
983.827
1031.14
1029.68
1031.66
970.889
1029.08
1044.41
1074.89
994.608
985.012
1066.23
1078.78
1003.93
1080.53
1088.45
1076.13
1072.14
1094.46
1076.97
1081.47
1082.53
1084.37
999.834
1077.26
1076.97
1082.93
1082.89
1076.73
1082.92
1091.58
1095.77
1096.6
1097.75
988.509
1092.17
1097.66
1082.92
1076.99
1004.36
1096.16
1076.91
1033.42
1093.74
1058.79
1076.09
1076.97
1086.39
1083.06
1076.96
1037.86
993.523
1096.96
1097.68
1057.1
1098.05
982.335
1096.61
1098.04
1019.69
1096.84
990.663
1098.04
992.175
1097.72
1034.14
1096.9
1096.82
1096.97
1096.99
984.554
1036.86
1004.92
985.211
1031.58
952.802
1028.32
1022.95
1075.87
1083.21
1094.97
1096.36
1096.99
1089.69
1004.48
1087.9
1067.65
1024.35
1067.87
1087.47
1015.63
1045.88
1095.46
1010.08
1087.77
1095.4
1093.77
1094.94
1039.67
1066.17
1087.29
1087.54
1074.46
1077.45
1082.99
1048.06
1096.18
1096.01
1042.07
1094.67
1022
1096.96
1096.48
1063.4
1096.98
1057.9
1048.15
1048.3
1095.78
1069.15
1015.67
989.884
1046.83
1074.6
1050.78
1000.28
1071.37
1004.24
1060.39
1002.69
1077.35
1093.6
1084.94
997.949
1082.1
1077.14
1087.55
1065.94
1087.55
1093.37
1082.9
1083.03
1072.2
1087.5
1076.8
1084.19
1041.07
1095.46
1096.14
1086.67
1095.08
1090.82
1075.83
1082.83
1096.63
1047.62
1096.02
1065.44
1082.95
1082.66
1081.44
1088.22
1077.41
1076.66
1082.91
1082.88
1083.04
1096.97
1097.04
1013.93
1068.07
988.558
1097.02
1061.84
1097.05
1096.63
999.978
1017.86
994.102
1025.78
1096.83
1095.46
1009.8
1096.9
1096.4
1096.99
1059.79
986.399
1024.72
1030.71
1095.47
1095.62
1095.42
1087.53
1095.51
1094.71
1084.93
1072.79
1076.82
1021.07
1026.09
1086.41
1021.61
1090.89
1095.68
1088.72
1033.5
1087.51
1074.21
1087.77
1071.96
1087.7
1068.72
1091.96
1087.51
1093.54
1078.55
1086.55
1093.8
1093.64
1069.56
1095.48
1095.17
1030.59
1092.36
1052.86
1093.52
1078.81
1090.94
1066.16
1067.73
1077.04
1019.51
1012.08
1094.86
1093.2
1092.09
1062.91
1014.56
1069.41
1082.52
1066.35
1058.57
1080.27
1025.2
1091.39
1068.22
1068.2
1086.67
1085.96
1087.13
1023.06
1066.96
1067.46
1066.68
1018.45
1095.84
1017.16
1096.67
1095.4
1090.97
1087.52
1095.46
1088.01
1087.63
1087.79
1083.83
1068.29
1085.97
1087.44
1087.43
1083.54
1094.23
1082.27
1082.89
1086.4
1092.65
1077.37
1087.66
1082.98
1071.19
1045.83
1011.47
1097.02
1094.99
1094.71
1019.47
1072.2
1023.45
1096.98
1049.18
1046.74
1095.47
1095.5
1094.44
1076.62
1013.34
1052.81
1004.54
1047.93
1048.18
1095.52
1045.68
1087.11
1087.47
1095.46
1061.51
1071.36
1083.27
1073.83
1041.52
1081.65
1056.06
1086.9
1057
1043.08
1088.22
1041.89
1054.94
1054.22
1094.42
1089.3
1090.03
1095.27
1068.76
1078
1034.92
1093.5
1091.25
1095.65
1091.29
1093.48
1032.55
1089.53
1091.09
1094
1084.19
1090.95
1091.24
1093.63
1076.24
1046.53
1079.69
1082.66
1092.43
1084.85
1091.94
1083.41
1087.59
1065.16
1087.91
1060.34
1063.57
1024.49
1090.27
1025.92
1068.35
1093.64
1090.54
1019.72
1053.68
1093.53
1091.22
1085.45
1068.66
1093.71
1093.18
1066.39
1093.83
1087.32
1074.77
1087.54
1087.89
1093.75
1075.64
1081.57
1070.65
1087.56
1093.25
1081.56
1087.47
1095.51
1075.06
1015.96
1094.25
1024.2
1075.18
1095.57
1095.67
1037.16
1095.36
1034.08
1095.34
1071.12
1090.26
1079.9
1062.29
1019.35
1029.86
1083.25
1056.57
1037.4
1093.38
1090.98
1090.95
1093.52
1066.86
1065.6
1052.26
1090.91
1087.17
1036.76
1049.62
1091.13
1074.76
1041.33
1093.4
1090.87
1093.55
1083.42
1082.01
1083.47
1093.55
1093.21
1091.34
1084.91
1082.98
1053.62
1078.43
1056.93
1040.72
1093.05
1034.83
1077.32
1078.96
1093.5
1095.59
1092.88
1093.49
1042.31
1046.78
1095.49
1083.81
1094.03
1072.78
1049.01
1090.26
1080.3
1040.94
1085.39
1042.9
1043.34
1088.64
1057.16
1090.61
1042.57
1091.79
1055.91
1094.96
1039.38
1038.32
1036.2
1093.5
1081.08
1064.98
1082.51
1093.77
1055.57
1052.3
1093.81
1090.89
1093.66
1090.37
1091.6
1050.72
1090.45
1048.58
1085.72
1059.95
1093.71
1091.16
1058.44
1090.82
1090.33
1091.03
1091.55
1090.93
1088.89
1089.71
1088.45
1090.69
1089.86
1089.5
1090.97
1084.86
1089.92
1090.13
1087.82
1090.32
1090.35
1059.57
1090.9
1055.06
1093.53
1092.55
1064.68
1090.96
1093.56
1093.78
1062.39
1093.5
1044.42
1093.47
1064.4
1072.25
1090.14
1093.62
1086.42
1090.78
1089.75
1084.4
1064.05
1068.7
