586.127
647.501
528.57
485.614
875.625
815.949
807.833
585.498
583.607
580.463
576.08
570.476
563.674
555.706
546.601
536.405
525.162
512.899
499.745
500.455
514.568
528.075
540.862
552.938
564.292
574.887
584.798
593.863
602.455
609.91
617.286
623.627
629.398
634.602
639.314
643.533
646.897
650.339
653.171
655.657
657.259
660.036
660.818
662.653
663.092
665.016
664.517
665.745
665.71
666.194
666.022
666.44
665.913
665.858
665.748
665.46
665.374
664.557
665.907
663.459
665.278
663.353
665.829
664.187
665.528
666.079
665.416
666.277
667
669.3
667.566
672.87
672.216
675.186
673.967
677.376
679.559
681.832
684.275
687.277
690.557
690.102
695.884
690.703
697.775
696.796
701.242
699.951
705.001
709.476
707.304
713.744
705.779
714.492
707.209
712.384
707.06
711.51
713.563
709.293
709.681
703.884
706.551
693.568
693.071
685.672
680.521
671.497
667.285
649.705
645.134
630.745
621.854
603.157
597.516
578.366
563.885
545.721
544.372
561.471
575.86
589.315
601.615
612.218
621.626
629.503
635.992
641.026
644.626
646.783
675.08
701.367
726.218
749.636
771.526
791.894
810.708
827.98
843.723
857.967
870.754
882.132
892.162
900.907
908.439
914.833
920.165
924.514
927.956
930.567
932.419
933.583
934.124
934.109
933.597
932.638
931.275
929.552
927.509
925.186
922.621
919.848
916.899
913.807
910.603
907.32
903.989
900.64
897.306
894.017
890.803
887.69
884.707
881.877
879.221
876.753
874.486
872.444
870.658
869.129
867.829
866.733
865.841
865.153
864.663
864.353
864.199
864.178
864.267
864.441
864.673
864.937
865.207
865.456
865.657
865.785
865.813
865.718
865.476
865.061
864.449
863.611
862.518
861.134
859.429
857.373
854.935
852.077
848.752
844.907
840.49
835.451
829.734
823.286
816.049
807.97
798.994
789.071
778.153
766.198
753.171
739.042
723.791
707.412
689.893
671.266
651.519
630.734
608.896
694.625
665.867
694.962
912.322
880.797
913.405
826.774
641.967
694.773
902.524
883.283
596.493
864.293
710.352
729.491
727.408
822.034
674.597
787.902
863.305
737.994
733.562
864.356
714.909
708.326
862.828
584.027
636.38
748.415
677.945
692.527
692.498
693.579
686.516
932.087
929.768
873.074
932.599
923.683
696.305
869.261
738.292
746.762
738.678
861.171
843.603
856.032
697.159
866.455
616.001
670.222
597.27
597.336
667.403
545.455
554.868
864.458
698.724
617.113
694.923
923.054
736.464
895.855
694.327
863.701
582.856
674.039
581.871
629.516
602.07
605.565
515.503
700.118
559.427
572.588
649.285
706.404
770.358
863.841
720.783
747.996
850.753
736.123
834.17
722.808
806.755
692.246
765.085
862.898
712.033
702.95
863.289
864.421
728.878
735.831
695.146
863.092
859.792
745.186
626.052
694.504
670.299
899.52
648.946
918.353
655.256
790.737
856.693
694.192
926.484
687.486
909.125
892.573
889.365
680.943
880.458
693.194
877.804
932.086
929.085
928.044
694.077
689.888
655.057
624.706
565.717
564.657
607.859
529.741
703.811
922.073
907.882
673.045
719.966
879.02
720.985
888.247
860.209
648.511
753.494
720.551
712.058
925.242
928.095
773.253
857.116
659.539
745.122
576.581
584.132
617.86
695.944
545.98
600.869
724.908
650.395
637.536
688.867
767.054
584.952
530.852
662.986
722.766
809.531
702.622
777.011
814.815
729.638
839.197
738.915
853.6
745.048
828.467
864.091
717.041
743.046
734.005
847.438
797.801
721.311
688.236
732.263
752.089
864.45
741.74
858.087
739.227
862.258
863.57
867.755
696.994
716.663
862.809
709.338
701.573
863.774
865.356
700.936
707.165
862.98
695.342
694.866
863.072
713.473
634.706
737.921
694.421
864.114
607.158
871.04
695.624
695.306
692.943
869.448
890.799
907.03
842.483
915.409
918.72
694.88
905.848
683.704
921.122
930.93
674.64
899.182
886.26
692.382
660.894
931.129
875.339
690.856
694.452
932.621
926.002
693.541
714.813
876.212
646.492
591.353
575.471
612.055
662.039
542.839
671.44
618.342
601.746
623.071
627.042
876.794
909.124
823.26
722.061
919.18
682.964
719.691
721.481
835.329
811.118
729.434
756.629
871.962
772.487
773.588
859.488
749.41
762.717
858.706
860.038
732.272
718.911
722.013
868.851
722.362
865.221
773.035
849.634
725.13
862.21
859.645
740.159
736.99
679.774
685.848
637.456
652.633
604.217
787.39
860.009
753.9
737.99
730.24
657.25
721.775
707.192
923.52
720.539
720.387
927.568
927.613
881.977
647.312
572.656
647.605
561.589
721.746
692.845
590.799
620.878
603.611
616.642
734.843
748.848
695.789
706.854
764.227
839.712
774.818
852.022
772.777
794.228
818.284
771.547
737.693
858.195
759.171
756.872
858.719
860.367
860.337
843.533
773.815
771.976
855.733
861.083
858.984
824.671
725.219
767.191
743.261
745.037
665.642
858.868
721.103
638.697
721.921
852.936
895.355
722.315
924.642
904.704
898.143
721.461
716.231
873.546
691.136
913.88
891.51
721.264
679.668
918.681
709.868
699.926
910.953
926.602
719.964
928.138
720.515
885.06
611.43
670.516
633.515
594.479
559.925
697.236
621.825
708.026
668.993
746.644
727.678
911.422
746.874
900.608
701.941
754.671
745.658
881.099
745.23
714.512
853.461
812.086
828.968
783.731
797.365
783.148
851.906
681.727
745.84
920.111
917.546
920.863
803.153
843.377
798.817
850.166
750.403
852.881
601.705
770.375
859.024
718.988
734.245
874.894
576.314
717.195
668.622
703.324
607.375
638.69
806.124
667.229
761.846
628.128
729.561
721.916
761.751
720.052
686.997
859.761
751.198
766.836
859.629
853.568
785.649
803.118
784.4
734.769
731.674
863.527
723.66
860.275
858.805
739.999
833.342
799.187
787.513
763.523
854.04
774.059
852.05
859.222
746.513
728.826
721.687
859.172
761.454
830.34
770.111
751.286
846.839
771.827
860.276
914.75
865.566
902.803
745.936
738.915
894.82
869.186
916.634
722.074
926.466
838.875
914.391
866.955
717.85
721.59
886.705
901.449
721.781
720.817
685.67
921.488
871.009
721.29
745.647
920.106
906.54
743.95
687.229
703.281
622.159
668.715
638.225
643.213
630.48
817.704
778.612
870.178
862.29
852.83
773.106
793.084
852.887
707.132
726.514
901.478
758.743
844.233
820.378
777.292
806.668
890.923
768.625
754.559
763.421
808.179
888.451
823.62
745.937
860.472
702.73
639.794
622.222
913.775
744.82
840.544
803.114
853.389
852.353
746.794
708.265
884.33
746.168
866.557
745.417
917.265
911.736
915.982
741.012
754.707
657.359
692.648
662.472
698.193
592.153
781.977
647.453
635.169
734.477
743.452
678.517
767.933
658.685
846.971
694.798
788.338
853.312
779.224
837.16
801.34
794.172
852.302
805.02
761.505
852.074
856.734
749.259
853.635
756.894
766.134
845.53
848.61
802.755
800.889
853.591
853.503
788.172
770.579
818.405
824.035
851.902
791.581
794.811
771.347
778.117
752.203
851.42
797.113
897.462
745.597
746.342
746.882
902.049
903.675
746.656
920.788
918.82
744.683
746.882
862.304
747.305
713.84
768.102
746.481
723.717
907.231
731.069
919.029
742.655
909.249
877.957
693.389
612.549
654.376
656.216
589.708
711.141
676.842
760.257
714.891
734.625
769.129
909.489
896.737
871.388
768.32
844.189
767.784
778.421
796.749
768.725
749.145
890.98
828.486
826.256
788.717
798.53
816.576
786.371
842.997
842.984
766.672
906.811
768.474
853.624
772.297
843.312
826.634
837.378
825.088
840.492
844.167
710.171
691.064
774.364
844.271
804.028
910.625
865.231
755.959
689.199
714.821
674.106
618.681
725.19
676.011
800.625
651.913
637.54
722.113
766.759
697.596
756.246
833.218
754.655
741.272
859.274
770.79
786.475
801.875
797.143
722.248
803.674
815.461
817.647
813.493
824.826
825.343
852.293
842.584
852.588
859.631
748.335
844.234
852.806
820.928
790.606
752.773
853.113
776.138
768.784
853.281
759.538
768.321
795.228
847.018
809.454
801.536
773.529
746.801
904.695
895.835
767.857
894.233
761.304
859.61
914.012
768.338
879.915
746.704
887.619
744.763
863.949
745.362
897.48
908.99
907.124
901.592
763.512
680.866
648.691
629.878
674.035
606.235
733.63
769.022
759.709
786.589
861.231
879.149
881.092
843.987
651.208
825.615
751.107
732.157
786.74
829.435
767.822
788.129
892.428
778.351
828.655
896.739
844.02
850.42
682.318
809.983
832.912
844.68
748.78
789.064
814.326
776.554
843.419
848.868
770.876
843.452
768.321
874.543
857.144
767.522
905.672
789.127
722.398
745.471
899.944
794.018
656.71
635.198
692.565
792.906
698.037
664.894
736.047
687.68
726.886
706.603
780.419
850.851
797.271
728.747
794.595
809.914
834.526
814.477
838.578
844.243
801.149
811.98
781.678
846.479
783.6
842.188
774.665
842.704
843.938
832.619
841.222
844.147
831.374
826.369
853.553
769.403
842.774
780.031
823.258
795.63
789.345
843.709
836.35
836.112
818.929
826.719
826.17
908.788
887.828
768.909
788.131
765.365
899.3
767.68
894.058
905.658
767.642
768.951
739.866
768.927
892.547
889.482
780.856
868.328
855.119
903.808
767.664
752.74
666.027
788.019
894.601
884.988
859.644
821.545
889.252
844.987
832.481
787.546
787.125
680.035
704.077
803.312
746.525
847.392
879.59
833.502
795.787
848.966
806.437
834.399
829.6
846.853
795.388
832.116
840.401
833.269
800.134
809.774
831.836
831.479
791.917
894.768
853.399
672.924
840.504
797.893
875.77
819.813
862.811
818.592
825.899
805.814
787.024
783.765
892.064
837.133
831.412
764.591
666.131
743.868
810.134
739.834
713.109
773.845
723.625
839.121
779.288
761.404
815.027
806.495
822.594
739.736
799.471
793.458
805.109
757.922
870.743
763.134
886.533
881.13
852.552
841.845
885.811
833.362
824.957
831.714
803.791
794.814
832.517
847.576
818.364
832.63
843.838
792.501
821.138
843.172
831.598
836.923
836.503
826.817
796.451
787.329
775.31
884.533
894.08
847.968
769.094
787.648
768.525
877.788
789.211
788.732
896.303
893.234
845.806
786.614
771.677
789.17
646.707
708.585
734.621
869.072
788.233
812.846
842.236
862.628
740.916
758.534
790.157
783.004
688.505
800.38
729.678
815.896
740.758
738.213
814.043
754.957
781.541
787.505
859.62
823.452
832.203
875.377
806.288
819.196
788.136
880.698
847.132
876.3
850.435
882.9
797.855
833.502
843.187
886.878
820.936
839.42
853.025
881.279
819.112
787.101
804.978
813.216
836.766
803.876
834.626
810.153
849.334
825.007
850.159
821.279
727.175
692.498
829.181
714.267
770.833
850.569
840.262
752.29
793.044
872.32
832.843
806.354
827.732
832.54
833.271
821.373
831.625
815.524
798.056
844.423
849.168
839.885
831.172
832.594
789.406
838.456
831.495
801.894
848.533
891.372
786.587
786.265
844.279
787.2
787.272
887.258
882.546
788.562
894.801
792.319
856.62
806.338
828.185
820.577
753.453
662.912
678.218
813.5
767.956
779.082
862.344
856.689
860.052
878.645
805.69
804.869
802.374
864.741
819.589
692.517
804.551
855.134
819.65
804.456
846.179
836.189
875.073
814.165
804.35
804.468
879.146
842.988
832.678
803.427
806.62
717.175
775.09
759.688
761.842
855.142
800.861
819.029
832.181
883.454
872.76
839.694
882.135
788.578
787.473
865.762
804.011
885.238
771.555
703.431
824.585
788.644
705.835
803.992
717.829
728.487
817.117
750.632
828.238
746.925
838.016
775.18
868.111
767.956
773.704
783.853
867.908
820.913
804.176
820.979
862.797
813.68
806.882
866.126
866.042
858.978
833.275
871.314
812.311
864.776
811.442
820.339
817.801
871.23
865.74
818.716
833.411
829.759
857.049
869.381
858.81
821.362
821.135
818.95
830.579
819.454
818.729
862.998
815.715
828.228
818.601
819.369
818.497
827.336
805.325
860.718
805.105
877.095
846.991
803.987
867.381
855.261
868.87
804.819
851.944
804.074
848.999
818.781
819.807
818.626
873.222
817.46
831.15
824.115
803.664
804.308
819.521
