533.845
547.515
459.518
451.641
742.829
736.7
718.156
533.326
531.775
529.196
525.602
521.008
515.435
508.907
501.454
493.111
483.907
473.908
463.095
463.664
475.337
486.26
496.977
506.681
516.124
524.917
533.003
540.752
547.458
554.332
559.84
565.45
570.086
574.698
578.279
582.042
584.935
587.856
590.001
592.46
594
595.789
597.044
598.471
599.167
600.373
600.976
601.794
602.237
603.016
603.429
603.922
604.365
604.908
605.148
605.583
606.06
606.407
606.716
607.303
607.746
607.996
608.725
608.868
609.781
609.571
610.665
610.607
611.52
611.457
612.704
612.493
613.555
613.578
614.6
614.305
615.355
615.422
616.075
616.028
617.158
616.886
617.584
617.607
618.311
617.618
618.378
617.954
618.059
617.471
617.595
617.029
616.22
615.505
614.703
612.936
611.419
609.738
607.398
604.587
602.173
598.893
594.728
591.17
585.821
581.585
574.215
569.271
561.181
554.526
545.297
538.249
527.472
518.68
507.359
497.139
484.044
472.815
471.988
483.25
493.921
503.672
512.634
520.567
527.617
533.605
538.58
542.469
545.268
546.952
567.256
586.2
604.322
621.562
637.904
653.313
667.783
681.301
693.873
705.505
716.214
726.021
734.954
743.044
750.329
756.848
762.643
767.759
772.242
776.137
779.489
782.343
784.744
786.738
788.368
789.669
790.675
791.417
791.927
792.235
792.368
792.35
792.201
791.94
791.585
791.149
790.644
790.083
789.475
788.828
788.149
787.444
786.718
785.975
785.22
784.452
783.672
782.894
782.138
781.403
780.671
779.926
779.175
778.431
777.701
776.986
776.284
775.596
774.92
774.257
773.603
772.956
772.313
771.667
771.01
770.334
769.627
768.876
768.067
767.182
766.201
765.098
763.844
762.407
760.755
758.856
756.678
754.181
751.32
748.045
744.307
740.058
735.252
729.839
723.773
717.008
709.501
701.213
692.106
682.151
671.321
659.598
646.969
633.428
618.983
603.637
587.423
570.353
552.485
629.845
600.652
626.806
790.744
724.977
755.729
680.359
580.672
631.506
789.453
785.539
542.601
769.875
597.498
642.82
618.521
728.806
566.292
700.25
772.459
658.736
643.094
767.746
641.788
639.956
775.134
532.104
537.738
620.616
610.428
623.212
632.783
634.811
617.474
781.166
789.481
782.497
785.547
791.036
635.71
780.964
641.897
638.892
631.927
762.73
746.968
757.748
636.879
779.514
523.752
602.778
509.139
543.011
561.323
500.695
508.217
778.014
637.831
559.558
627.964
766.615
643.209
788.287
624.922
766.056
499.451
566.46
497.89
569.352
546.892
549.757
476.119
585.245
511.891
523.022
546.461
632.6
636.995
771.174
642.395
636.297
753.088
625.777
739.001
608.723
716.007
582.905
681.235
773.774
640.634
638.696
776.546
769.2
642.661
643.273
628.766
765.077
761.298
641.458
567.459
630.709
604.118
741.959
586.179
791.152
591.616
652.41
704.509
625.586
771.087
619.02
790.39
787.642
786.965
613.295
784.798
631.945
784.043
787.174
774.973
790.22
633.563
620.621
551.834
529.094
517.116
485.383
551.638
487.631
631.772
767.629
787.166
605.892
654.333
782.008
655.891
784.091
766.478
585.284
666.442
647.087
639.021
785.892
782.005
665.613
759.377
554.301
618.063
526.155
532.163
559.79
625.045
500.964
510.976
603.318
586.501
534.763
618.14
634.425
533.099
488.524
555.365
646.126
666.863
589.462
691.166
722.755
613.349
743.239
629.452
755.575
637.962
734.206
770.53
602.279
633.979
622.151
750.236
708.518
642.451
574.265
643.639
670.432
768.495
640.273
759.646
642.447
763.978
771.815
780.244
635.849
641.455
774.448
639.883
637.798
777.272
778.769
636.62
638.698
775.833
628.416
629.405
773.111
640.994
573.895
643.395
630.161
766.939
551.538
781.721
634.681
627.442
631.256
715.193
733.888
749.226
692.903
791.004
761.511
626.435
789.955
615.174
791.17
778.319
607.659
788.894
786.262
623.879
596.066
788.476
783.277
621.704
632.614
783.561
790.728
633.596
640.949
781.272
545.322
538.106
525.093
519.633
557.176
498.414
564.448
524.166
511.7
564.064
567.322
721.852
752.38
677.619
649.317
787.448
573.972
643.599
652.339
740.048
719.708
609.973
635.476
776.157
651.329
688.349
768.409
665.513
666.813
771.007
763.56
662.55
645.015
657.117
778.996
658.33
777.559
660.911
752.301
659.355
775.927
773.802
614.216
659.173
569.565
615.66
575.888
551.335
548.772
649.802
767.133
666.055
663.439
661.383
593.053
651.516
634.402
786.628
656.263
654.839
783.607
777.657
782.725
545.188
522.756
584.213
513.69
600.873
579.617
537.653
526.039
548.112
559.068
656.146
667.767
583.32
592.985
639.988
743.758
654.397
754.435
662.756
705.575
725.715
666.135
616.724
760.616
666.515
666.833
771.685
765.105
765.806
747.013
657.174
664.618
757.941
775.177
769.691
731.076
660.367
644.583
664.299
624.167
599.582
772.379
652.924
577.392
650.932
701.58
738.703
650.346
771.488
786.815
785.888
647.902
642.553
780.502
620.838
787.57
784.731
653.692
611.397
763.189
637.087
628.534
787.425
784.889
655.199
780.045
646.253
783.42
554.519
562.551
535.088
540.627
512.354
583.016
563.296
589.565
602.427
673.297
651.387
757.517
671.337
781.302
629.851
628.193
674.886
778.213
676.748
639.344
760.87
720.606
734.802
655.076
672.72
688.03
765.304
570.403
667.695
771.817
779.776
776.37
682.287
747.136
687.17
753.624
681.051
768.025
546.598
666.219
761.71
644.151
656.82
776.867
525.846
597.345
562.491
630.069
551.413
538.874
664.207
600.321
630.383
568.524
651.804
600.738
678.492
601.558
617.412
767.776
665.603
666.61
762.683
760.183
688.264
713.01
697.367
662.606
661.788
776.657
659.03
774.499
770.344
663.857
738.504
675.735
660.404
636.115
756.3
663.854
766.646
769.049
664.626
660.545
651.862
773.086
666.931
735.843
648.352
629.916
749.858
659.049
764.361
761.901
712.165
745.92
675.285
661.123
785.333
775.433
787.585
649.838
774.818
690.092
758.121
778.319
644.055
658.03
730.69
786.386
648.519
653.285
616.562
787.139
779.687
656.995
675.772
777.717
781.688
665.721
575.277
586.649
563.349
560.668
538.292
580.61
570.168
673.306
692.602
716.706
768.124
762.867
686.84
688.603
757.101
633.28
604.301
749.777
677.295
753.2
727.721
645.119
707.999
780.003
693.88
682.6
684.692
673.516
733.324
691.357
678.429
772.147
585.75
577.816
563.446
770.933
619.912
744.666
680.458
768.708
767.35
672.692
635.09
778.845
674.34
774.677
677.189
765.711
781.513
780.645
662.844
624.876
552.109
577.968
596.416
625.854
538.755
645.598
584.476
574.294
610.703
663.33
610.106
683.696
593.765
696.953
623.903
700.726
761.568
687.758
741.757
678.159
688.523
764.105
714.684
684.234
764.709
770.789
680.393
768.918
683.164
685.338
749.068
752.039
683.672
686.429
759.478
758.742
688.671
686.592
725.91
730.644
765.96
664.858
668.93
642.831
649.288
681.408
755.012
687.762
780.952
676.342
668.558
669.79
746.862
781.576
670.763
774.375
778.701
666.714
671.927
774.437
678.964
639.938
694.348
673.755
648.007
752.533
654.368
768.994
664.329
781.68
777.558
579.144
555.471
550.203
591.282
536.756
592.668
608.607
677.382
640.26
656.729
692.155
763.531
773.809
770.197
686.353
751.668
695.687
702.04
707.872
690.443
669.024
773.536
734.603
697.255
710.849
706.461
708.187
703.717
759.476
757.102
684.38
771.316
696.98
765.96
699.95
759.549
701.329
742.189
706.974
745.631
760.95
591.721
619.999
639.723
754.056
707.439
769.911
768.85
674.898
575.641
594.848
606.021
560.514
602.715
565.266
659.935
587.959
576.067
645.683
636.178
625.948
673.964
685.705
626.394
615.71
707.28
686.167
653.099
667.391
708.089
646.431
713.676
723.577
683.542
678.781
731.483
694.499
756.142
758.136
763.515
772.694
679.776
752.424
768.049
687.662
688.582
682.112
762.25
687.347
693.368
757.96
683.541
686.013
688.295
750.482
708.32
685.123
700.492
670.224
754.06
740.488
694.785
780.52
679.416
767.461
781.193
689.412
725.404
669.289
779.448
665.359
773.785
677.543
744.956
765.608
757.789
773.41
681.439
611.569
585.11
569.687
564.659
550.342
609.176
688.167
629.28
651.021
709.792
726.121
771.998
750.26
587.339
679.84
669.86
654.553
699.631
689.568
684.425
706.376
744.55
693.342
725.422
753.483
755.535
758.262
612.815
719.153
743.769
707.921
667.826
701.437
708.319
701.394
760.148
763.797
699.102
756.712
688.66
770.807
766.818
695.877
772.473
710.39
600.355
617.81
760.611
718.232
591.754
574.145
578.519
653.973
625.805
598.697
657.242
617.588
603.857
633.353
694.207
700.778
660.051
651.887
660.579
718.914
695.042
722.95
699.74
754.876
706.848
708.324
702.882
711.086
702.996
747.386
700.972
757.593
760.753
742.755
758.325
750.979
737.119
699.325
767.112
698.026
758.846
702.493
707.348
705.858
704.578
749.51
741.485
741.671
707.85
703.224
706.124
760.986
773.153
687.161
711.015
683.161
773.698
695.171
773.833
768.126
685.377
691.27
661.18
692.802
739.491
740.491
695.573
769.581
766.369
773.073
696.214
672.031
599.39
702.617
761.767
764.35
760.501
723.851
763.552
759.215
741.293
713.265
711.975
611.168
631.131
663.563
666.566
703.299
764.357
745.916
707.764
718.335
724.915
725.94
736.651
724.261
718.231
748.004
724.925
751.779
719.275
721.421
750.394
749.345
716.76
748.193
759.034
605.115
692.841
709.191
729.937
732.826
721.796
726.442
732.723
725.173
701.222
698.103
756.286
754.01
749.808
632.238
599.66
616.87
667.46
660.472
638.281
640.574
647.421
690.899
693.391
678.447
675.821
668.158
682.906
660.883
710.309
705.262
715.046
676.136
718.31
680.477
733.283
730.686
708.789
703.95
735.938
744.954
724.573
725.81
719.637
718.438
741.962
713.665
723.201
740.85
756.216
705.231
707.48
748.605
748.281
742.082
725.612
704.895
718.402
705.034
690.728
772.646
753.229
757.769
687.708
711.266
688.28
771.415
708.843
707.652
751.254
762.645
757.356
711.968
687.692
709.598
583.537
590.033
609.571
762.256
704.058
722.286
724.512
761.039
614.286
627.791
652.76
646.379
617.989
659.973
652.135
672.374
661.358
659.373
672.711
673.359
695.462
700.463
709.767
680.982
688.884
724.694
723.157
731.569
701.228
737.348
740.405
763.856
740.923
742.662
709.594
746.751
739.319
749.377
737.059
738.303
740.869
751.296
730.193
704.247
725.23
733.234
746.956
726.116
746.687
732.154
720.418
732.135
722.957
729.232
649.949
621.507
683.268
639.576
686.321
701.616
696.381
671.437
705.11
725.558
747.838
720.246
734.89
751.154
751.694
728.82
749.904
722.74
718.74
724.29
724.119
755.874
738.293
740.319
714.776
725.223
748.822
719.411
716.183
763.2
712.271
700.344
757.34
701.659
711.565
764.037
764.564
703.447
760.561
704.791
759.89
724.029
746.536
734.259
623.77
596.886
609.536
734.152
684.074
693.596
714.701
713.593
717.886
733.939
721.851
720.407
712.973
725.079
737.498
621.371
716.283
740.468
730.094
715.587
749.464
737.615
752.29
733.146
725.384
727.495
751.554
748.676
746.42
726.165
729.332
641.744
640.721
677.16
679.124
707.71
712.229
730.748
739.527
744.428
763.139
747.732
740.28
703.888
703.961
761.623
725.706
752.682
637.659
630.343
744.354
651.019
632.417
663.281
642.386
651.274
674.055
669.596
683.477
666.642
692.035
690.124
717.635
684.242
689.071
697.61
720.527
735.374
719.104
736.264
752.998
722.526
716.783
753.533
727.876
752.037
747.387
735.878
721.559
732.479
720.954
737.363
726.912
753.329
739.069
727.392
737.207
746.308
739.98
740.009
739.419
734.212
741.564
737.657
736.72
740.129
738.086
738.861
733.435
745.912
739.241
734.022
738.845
735.855
717.733
738.994
717.122
751.912
700.117
718.263
730.709
751.093
753.588
717.799
750.389
715.547
749.916
728.057
729.739
738.526
752.848
733.737
746.386
734.897
726.662
717.921
729.06
