547.503
562.12
468.929
460.44
760.412
751.954
734.348
546.957
545.314
542.585
538.78
533.917
528.017
521.109
513.22
504.386
494.655
484.044
472.673
473.295
485.398
497.207
507.935
518.641
528.257
537.295
545.838
553.395
560.939
566.849
573.284
578.287
583.368
587.32
591.585
594.57
597.793
600.123
602.714
604.16
606.238
607.415
608.816
609.567
610.962
611.331
612.27
612.711
613.488
613.654
614.227
614.618
615.017
615.244
615.888
616.243
616.537
617.027
617.588
617.756
618.164
618.858
618.915
619.788
619.64
621.067
620.698
621.927
621.846
623.09
622.52
623.98
623.681
624.787
624.526
626.088
625.734
626.716
626.871
627.928
627.265
628.522
628.344
628.98
628.572
630.007
629.2
629.861
629.578
629.993
629.063
628.782
628.462
627.537
626.222
625.76
624.276
622.306
620.51
618.543
615.004
611.749
608.658
603.567
599.753
593.134
589.624
581.247
575.84
566.982
560.168
548.714
541.042
529.055
519.084
506.158
495.912
481.606
481.313
493.544
504.757
515.226
524.655
533.247
540.709
547.176
552.495
556.69
559.699
561.515
582.985
602.991
622.052
640.158
657.247
673.316
688.34
702.32
715.258
727.17
738.076
748.004
756.988
765.068
772.288
778.695
784.339
789.273
793.548
797.216
800.329
802.936
805.088
806.835
808.222
809.288
810.069
810.596
810.905
811.024
810.982
810.801
810.503
810.106
809.626
809.075
808.467
807.812
807.116
806.39
805.637
804.864
804.074
803.272
802.461
801.638
800.805
799.976
799.171
798.39
797.612
796.822
796.028
795.241
794.471
793.718
792.983
792.265
791.564
790.882
790.218
789.57
788.935
788.309
787.685
787.055
786.411
785.739
785.027
784.258
783.41
782.46
781.378
780.13
778.682
777.003
775.055
772.798
770.18
767.147
763.645
759.621
755.019
749.785
743.864
737.203
729.75
721.458
712.283
702.186
691.136
679.107
666.081
652.053
637.016
620.994
603.986
586.049
567.194
641.133
614.049
638.702
808.856
746.889
777.507
701.309
594.411
643.056
807.224
802.846
555.935
786.506
610.267
654.989
632.414
748.704
578.401
720.446
789.031
678.198
655.879
784.566
652.823
650.819
791.787
545.616
551.237
639.145
624.026
635.009
644.653
645.457
630.123
801.695
808.815
799.582
805.581
809.768
646.693
797.95
655.132
653.098
645.493
780.22
766.023
775.849
647.589
796.41
536.129
620.088
520.874
557.162
576.6
512.006
520.348
794.82
648.82
573.57
639.501
788.06
655.612
805.877
636.774
783.088
509.093
582.129
508.825
584.994
561.27
564.304
486.276
601.97
524.356
535.278
558.641
651.179
656.272
787.752
653.96
649.548
771.657
640.329
758.516
623.17
736.152
596.109
701.221
790.373
652.242
650.147
793.27
785.878
655.766
655.098
640.568
782.243
778.976
654.153
580.846
642.01
618.07
763.912
600.524
809.548
605.458
672.347
726.104
637.518
792.325
631.899
808.377
805.153
804.403
626.106
802.045
643.548
801.234
806.967
795.986
809.341
644.792
633.122
566.391
542.17
529.747
496.15
566.295
498.602
646.109
788.667
805.116
620.886
666.445
799.167
667.885
801.45
782.979
600.621
679.142
659.962
652.957
805.048
801.852
679.164
776.733
568.813
636.406
538.839
545.638
574.878
639.677
512.586
524.136
620.977
603.011
548.562
636.127
653.513
546.021
499.59
570.658
665.192
687.354
604.876
711.293
742.797
628.749
762.53
642.548
773.906
651.144
753.925
787.128
618.503
648.145
636.942
769.048
728.717
654.684
588.381
654.888
690.198
785.235
653.775
777.528
655.491
781.296
788.385
797.185
647.686
654.282
791.071
652.069
650.065
794.036
795.619
649.172
651.315
792.52
639.991
640.716
789.693
652.8
588.572
655.586
641.736
783.855
564.938
798.755
646.814
639.076
642.307
736.984
755.851
771.115
714.22
809.251
783.138
637.862
807.829
628.731
809.727
799.093
621.016
806.57
803.633
636.269
610.421
808.034
800.414
634.539
643.757
803.842
809.648
645.885
654.533
798.373
559.461
551.97
538.199
531.963
572.146
509.94
579.966
536.452
524.159
579.401
582.847
743.554
773.95
698.371
661.708
806.01
587.632
662.526
664.684
759.195
739.602
625.059
650.471
793.074
667.171
708.329
784.848
677.763
680.187
787.497
780.345
674.551
658.422
669.925
795.937
670.985
794.408
675.535
770.493
672.273
792.68
790.429
632.274
673.758
585.129
633.509
591.788
564.358
562.779
669.547
783.601
678.915
675.881
673.549
607.704
663.526
648.876
805.574
668.534
666.919
803.216
797.993
799.947
559.031
535.697
600.592
526.144
618.353
595.922
551.342
537.647
562.519
573.367
675.467
687.39
599.108
608.501
655.734
762.67
669.74
772.4
676.378
725.626
745.465
679.663
633.13
777.802
680.206
679.303
788.204
781.715
782.354
765.683
671.704
678.833
775.486
791.885
786.141
750.649
672.269
659.624
677.205
638.831
614.863
788.931
664.99
592.132
663.139
722.969
760.447
662.754
792.302
804.643
803.502
660.659
655.952
797.547
636.007
805.8
802.168
666.18
626.524
784.431
650.783
643.201
805.509
804.267
667.608
800.135
659.086
800.708
569.3
577.594
548.344
554.602
524.686
599.575
577.868
605.288
618.03
686.182
666.571
778.426
684.491
798.99
645.756
644.719
687.645
795.323
689.883
658.037
777.157
740.113
753.708
671.935
688.357
702.041
781.574
585.663
681.29
791.828
798.634
795.914
697.61
765.107
702.009
770.755
693.978
784.468
560.799
680.358
778.743
659.701
671.799
793.844
538.794
614.559
576.949
648.509
565.453
551.467
684.502
617.494
649.173
583.223
670.889
616.082
698.333
617.455
633.316
784.224
678.596
680.315
779.583
776.515
702.416
733.007
717.415
675.691
674.256
793.455
671.424
791.167
786.812
676.536
757.176
691.355
676.778
652.354
774.049
677.64
782.976
785.489
677.874
673.313
664.191
789.674
679.977
755.212
663.418
645.166
768.287
673.973
781.05
782.609
733.748
767.6
688.28
675.561
802.855
792.293
805.974
662.229
795.396
711.206
779.543
795.215
657.058
670.069
752.443
804.102
661.38
665.61
631.303
805.885
796.677
668.799
688.815
797.026
799.649
679.477
591.252
603.075
578.522
575.411
551.955
596.782
585.738
693.741
712.405
738.065
784.711
779.093
700.647
702.733
773.783
651.646
620.562
770.237
692.693
769.194
746.297
662.512
722.4
797.363
707.615
696.022
698.116
690.84
754.724
708.552
691.267
788.808
601.794
593.706
578.433
790.179
635.873
762.863
695.858
785.148
783.715
685.63
651.013
796.031
687.182
791.483
690.297
786.2
799.796
799.301
677.168
643.267
566.425
592.9
613.369
644.062
552.524
665.035
599.793
589.329
626.403
682.714
626.226
703.433
609.367
718.015
639.89
720.532
777.823
701.476
760.188
693.985
702.547
780.341
734.333
697.349
780.959
787.358
693.435
785.379
696.586
698.748
766.821
769.362
699.268
701.194
775.873
775.215
702.375
699.837
745.24
749.771
782.257
681.374
685.194
659.862
666.225
694.833
771.976
702.361
798.52
689.237
681.958
683.103
768.093
799.396
683.841
794.146
797.775
680.504
685.109
791.176
692.15
655.452
707.974
686.78
663.341
773.619
669.241
789.25
678.542
799.796
794.6
595.046
570.192
563.974
607.944
550.413
609.531
625.112
696.787
657.04
673.327
705.831
783.095
791.415
786.973
700.667
767.765
709.281
715.915
727.184
704.014
685.073
790.88
752.717
713.85
725.043
720.7
723.162
717.801
775.535
773.062
699.069
789.761
710.788
782.381
713.895
775.675
717.537
759.947
722.456
762.443
777.098
607.559
637.886
658.742
770.025
721.868
788.879
785.496
690.432
591.099
611.519
623.332
575.422
619.938
580.104
679.918
603.861
591.578
664.44
653.594
642.599
693.564
706.5
643.625
632.616
728.527
705.635
670.649
684.706
727.841
663.156
732.845
742.371
700.778
696.197
749.833
711.457
772.956
774.133
779.743
789.352
692.743
768.461
784.451
704.821
702.665
695.236
778.486
700.939
707.064
774.529
697.13
699.27
702.341
768.015
722.814
700.397
714.491
683.428
774.325
761.828
708.393
797.98
694.595
783.996
799.656
703.031
746.812
682.487
796.717
681.587
790.535
690.815
765.593
784.836
777.84
791.319
696.373
629.191
601.419
585.111
579.099
564.606
626.861
702.089
646.719
669.045
730.691
747.063
789.014
766.532
603.327
700.217
688.864
672.024
718.532
707.991
701.069
720.685
764.28
709.391
740.721
772.541
771.482
774.449
630.313
737.336
759.406
725.614
687.099
720.853
723.147
715.354
776.243
780.098
713.006
772.665
702.41
787.654
783.305
709.466
790.74
724.598
617.049
635.707
779.253
732.725
608.251
589.593
593.621
673.533
643.775
614.946
676.302
634.316
620.46
650.148
713.678
721.582
678.294
668.482
677.898
737.908
713.296
740.922
717.859
770.831
721.229
723.127
716.772
728.601
717.116
764.046
714.811
773.568
776.881
758.428
774.384
767.156
754.935
715.783
783.558
711.781
774.874
716.376
722.714
720.251
718.745
765.896
758.933
758.616
723.075
719.065
721.844
780.807
790.38
701.398
725.249
697.905
791.451
708.855
791.307
786.704
699.826
704.933
677.56
706.408
760.274
760.418
711.417
786.292
782.819
791.157
709.794
687.906
616.331
717.536
779.748
781.538
776.877
738.885
781.014
775.36
757.103
727.579
726.285
627.984
648.396
682.442
683.881
722.385
781.302
761.533
724.396
735.356
739.711
741.366
753.095
740.545
732.801
763.62
740.618
767.57
733.967
736.188
766.112
765.009
731.192
767.717
775.279
622.167
713.114
726.929
749.267
748.065
740.317
744.209
750.071
739.967
716.491
713.797
774.453
769.926
765.538
650.744
616.114
633.962
687.479
679.353
656.648
658.33
664.891
711.536
712.398
697.51
694.281
686.486
701.38
678.3
728.892
724.02
733.441
693.115
739.257
697.297
754.173
750.939
727.79
721.875
756.045
760.579
739.718
741.205
734.297
732.942
757.694
731.045
738.173
756.764
772.166
719.565
722.871
765.121
763.903
759.358
741.148
720.629
732.971
719.356
707.013
789.765
771.954
773.913
701.85
725.52
702.093
788.343
723.079
721.904
770.557
780.449
773.465
726.296
704.13
723.844
599.598
606.127
626.899
778.86
718.582
737.067
740.335
777.481
631.59
645.612
671.393
665.421
635.511
679.481
670.554
692.245
679.906
677.446
691.702
691.374
713.735
718.571
730.167
700.045
707.978
745.056
737.931
746.832
718.296
756.284
756.222
780.684
756.854
761.183
725.977
762.366
755.032
767.629
752.283
753.921
756.922
768.78
745.584
718.582
740.001
748.358
762.695
740.89
762.398
747.225
737.327
749.178
739.692
745.9
668.621
638.584
703.39
657.026
705.384
721.977
715.49
688.548
723.044
745.067
763.456
734.963
751.439
766.911
767.49
746.429
765.595
737.578
733.384
740.345
740.612
771.871
754.589
756.35
729.169
740.845
764.464
734.119
733.371
780.827
726.613
715.863
773.43
716.746
725.812
781.358
781.631
718.192
778.651
721.637
776.203
738.8
762.152
749.49
641.696
613.51
626.615
749.32
702.611
711.048
734.463
732.455
736.585
753.08
736.615
735.157
730.512
743.391
752.714
638.824
731.732
756.625
745.595
731.441
765.386
753.154
769.246
748.278
740.148
742.354
768.839
764.535
762.102
740.938
744.27
659.955
658.999
695.754
697.032
727.511
728.428
746.061
755.686
762.806
779.853
763.526
759.011
718.49
718.378
778.139
740.482
770.438
656.115
648.257
759.863
669.935
650.158
682.56
660.321
669.293
693.58
688.195
703.152
684.712
711.789
708.554
738.044
702.023
706.691
714.878
740.182
750.599
733.877
751.488
769.368
739.71
734.133
770.022
745.963
768.282
763.004
753.669
738.348
749.837
737.523
752.581
742.969
770.042
756.006
743.687
752.704
761.948
756.26
757.209
755.838
749.445
756.964
752.876
752.16
755.467
753.321
755.594
748.572
761.521
754.542
749.209
754.124
751.213
732.924
755.562
732.439
769.02
719.916
733.103
748.608
767.227
770.186
732.848
766.437
731.164
765.895
743.95
745.355
753.786
769.677
748.893
762.049
750.18
741.461
732.853
744.807
