560.727
615.871
505.417
469.108
838.76
789.434
775.794
560.151
558.424
555.553
551.553
546.438
540.232
532.961
524.659
515.361
505.102
493.953
481.904
482.569
495.567
507.971
519.814
531.051
541.669
551.679
561.028
569.825
577.855
585.538
592.289
598.693
604.505
609.785
614.537
618.791
622.816
626.133
629.19
631.839
634.495
635.999
638.208
639.377
641.034
641.479
643.021
643.292
644.089
644.354
644.837
644.819
645.21
645.232
645.225
645.273
645.155
645.506
644.617
645.915
644.876
646.1
644.984
646.278
646.074
646.481
647.691
648.245
649.218
649.392
652.091
651.128
653.671
654.24
657.274
658.049
659.654
661.384
663.003
664.561
665.805
669.169
668.971
674.609
673.685
677.137
677.368
680.572
680.41
680.261
683.307
681.255
686.54
682.557
686.746
683.633
685.753
682.26
679.471
678.954
675.097
673.849
667.017
667.236
659.885
655.348
648.074
641.927
631.64
626.944
614.176
605.45
592.028
582.64
565.124
553.244
537.322
522.329
521.67
535.744
549.431
561.794
572.876
582.892
591.53
598.941
605.007
609.754
613.149
615.19
641.013
665.035
687.899
709.523
729.889
748.949
766.696
783.118
798.223
812.025
824.55
835.831
845.908
854.829
862.645
869.413
875.193
880.046
884.033
887.217
889.659
891.418
892.554
893.126
893.19
892.794
891.982
890.798
889.284
887.484
885.436
883.177
880.742
878.163
875.474
872.704
869.882
867.038
864.198
861.39
858.636
855.961
853.384
850.926
848.603
846.425
844.402
842.555
840.912
839.471
838.21
837.106
836.159
835.373
834.745
834.261
833.902
833.652
833.49
833.398
833.353
833.334
833.318
833.28
833.197
833.042
832.792
832.421
831.904
831.215
830.327
829.209
827.829
826.152
824.146
821.782
819.028
815.85
812.203
808.041
803.321
797.999
792.031
785.373
777.983
769.819
760.84
751.012
740.299
728.675
716.116
702.604
688.132
672.694
656.3
638.956
620.699
601.537
581.54
672.456
639.465
671.709
876.772
834.569
868.066
781.978
615.539
671.831
868.509
852.048
571.465
831.914
675.758
700.053
701.552
784.211
638.573
749.932
832.067
701.642
707.379
831.141
694.616
685.989
832.614
558.847
604.728
708.372
651.933
667.502
673.597
674.661
660.332
890.011
890.567
843.077
891.706
886.074
675.428
839.599
715.75
713.325
712.861
826.565
806.825
820.526
678.011
836.92
588.526
637.997
569.064
570.992
633.788
523.885
532.23
834.86
680.994
591.031
672.378
878.67
710.763
862.837
669.521
829.938
556.131
640.039
554.539
600.42
575.312
578.501
496.422
663.863
536.775
549.035
614.666
671.769
728.786
832.034
697.949
711.877
814.611
707.469
796.806
689.201
768.693
660.204
727.649
832.204
689.885
683.413
833.454
831.76
703.987
713.244
672.383
829.052
824.894
712.856
599.919
672.175
644.152
853.519
622.35
881.775
628.594
747.855
810.821
670.739
882.646
663.137
874.088
860.035
857.288
655.238
849.595
672.913
847.274
891.77
885.822
889.383
672.998
664.563
622.185
594.149
542.149
538.869
580.596
509.285
675.983
878.492
872.609
644.26
698.465
848.047
698.219
855.977
828.076
620.267
730.586
695.331
685.517
886.317
887.476
741.282
822.76
625.908
705.267
552.407
558.989
589.769
667.483
524.178
571.908
686.669
619.669
599.416
655.359
725.667
560.6
510.38
626.444
687.191
765.583
667.669
739.245
776.838
693.194
802.116
709.566
817.779
714.635
790.852
831.997
682.717
712.981
703.383
810.975
759.737
701.437
647.25
704.859
715.121
831.511
716.189
822.889
713.063
827.939
832.049
838.182
676.326
697.059
832.364
688.316
681.435
834.077
835.813
677.573
683.727
832.971
672.243
672.456
832.112
692.259
607.848
707.556
672.459
830.626
581.624
841.237
674.532
671.89
673.033
823.316
844.621
861.315
797.051
879.345
873.831
671.118
871.324
658.123
884.03
888.258
648.103
865.671
854.618
669.324
634.283
891.377
845.099
666.507
672.135
891.141
887.871
673.922
687.475
845.609
614.213
565.531
551.036
582.031
628.739
521.304
637.591
587.976
572.632
594.529
598.159
830.792
864.029
778.66
697.063
881.85
650.65
684.369
698.061
798.511
773.41
693.135
721.703
841.421
736.217
736.09
828.212
722.238
738.164
828.508
826.795
711.514
693.032
699.532
839.114
701.657
835.804
743.441
814.069
703.311
832.935
830.197
700.589
707.968
644.734
652.591
607.838
623.413
578.194
744.694
828.161
726.647
714.51
707.309
629.07
698.044
679.446
885.136
698.987
698.116
887.525
885.805
850.6
614.486
548.503
617.117
538.556
683.692
657.011
565.645
589.934
576.762
589.903
698.747
712.141
662.975
674.916
724.768
803.196
737.997
816.768
744.113
756.433
780.728
740.789
701.552
824.125
734.007
731.849
828.751
827.674
827.922
807.331
740.852
743.589
821.084
831.801
828.269
787.323
705.423
729.76
718.506
708.967
636.913
829.105
698.106
610.939
697.932
807.275
849.59
697.552
881.639
869.943
864.4
695.899
689.784
843.277
662.534
877.581
858.762
697.703
650.988
874.549
682.613
672.099
875.167
887.123
698.632
886.929
693.844
853.249
583.899
636.086
601.951
568.422
536.912
661.148
594.331
669.608
639.265
721.554
698.204
867.715
720.97
865.786
671.772
716.187
721.76
849.269
722.232
679.613
821.734
774.976
792.589
746.064
763.246
754.439
822.113
646.253
718.478
878.767
879.086
880.697
768.384
808.22
768.84
816.233
727.461
824.182
575.194
739.123
825.233
689.25
705.163
843.951
552.027
679.403
637.186
668.942
580.823
606.13
762.365
635.255
720.756
600.793
693.893
682.773
724.58
683.523
656.938
828.2
724.906
738.57
826.113
821.56
756.812
765.325
746.698
713.081
708.987
834.211
702.485
830.93
828.355
716.823
797.263
765.791
752.127
725.021
819.091
742.839
822.692
828.23
720.292
705.485
698.045
829.584
735.743
793.242
733.245
715.595
810.955
743.499
827.307
871.599
819.653
857.328
721.451
710.702
861.579
839.012
879.821
697.46
884.058
793.646
869.749
837.402
691.409
700.843
840.758
867.199
696.617
698.165
657.068
883.635
841.035
699.118
721.671
880.514
870.696
716.213
651.725
666.336
593.866
634.224
606.382
613.1
601.465
773.424
741.354
824.557
832.333
821.958
748.704
762.35
819.781
672.829
688.729
858.366
728.751
813.06
784.605
737.278
778.293
857.626
743.074
732.015
739.084
768.677
843.084
785.624
723.552
831.256
665.586
610.156
594.369
874.073
706.283
805.088
767.392
824.455
823.17
721.439
678.17
852.024
721.539
836.712
722.289
874.697
874.865
878.061
712.798
714.041
623.703
655.094
630.897
664.233
566.655
739.589
618.551
606.902
694.682
707.177
648.39
730.876
629.286
801.658
664.703
750.989
821.869
752.979
801.396
766.928
764.58
821.988
767.758
736.693
822.028
827.831
726.23
824.802
733.493
741.18
810.674
814.38
768.803
768.874
821.305
820.942
758.867
746.311
781.501
787.378
822.34
756.439
760.126
732.916
739.891
728.389
817.765
767.774
863.148
721.736
719.412
720.417
857.366
868.341
720.823
880.052
879.804
717.672
721.166
833.031
724.044
683.971
743.135
721.526
693.899
863.008
701.947
877.065
714.705
872.892
846.581
657.101
585.086
620.899
625.171
564.226
673.704
645.956
723.804
683.002
702.97
742.969
868.795
861.493
840.147
739.801
812.465
743.17
753.373
760.101
742.141
718.201
856.75
793.305
790.102
762.116
770.249
786.438
760.612
814.365
813.481
737.57
869.015
744.176
824.774
748.322
815.202
792.295
802.616
791.873
807.16
815.886
673.286
657.688
732.427
813.374
775.423
871.517
834.871
725.621
653.048
676.856
641.827
590.872
686.536
639.446
757.18
622.221
608.687
687.041
726.988
666.098
719.511
788.318
715.623
702.764
813.727
734.14
746.449
762.182
759.797
690.412
767.178
779.414
778.507
773.878
789.338
788.03
818.914
813.576
821.995
830.545
725.04
812.784
823.765
782.33
760.743
730.445
821.954
750.691
743.141
820.447
734.751
743.752
766.549
812.478
780.622
769.378
749.452
720.553
862.145
850.763
743.085
860.428
731.342
830.013
876.619
741.48
834.359
719.998
854.823
713.652
834.403
722.767
853.842
869.119
865.162
865.342
733.888
648.022
618.289
601.09
639.2
579.489
694.446
741.256
719.171
745.193
816.148
834.339
848.4
811.716
621.205
781.175
715.384
699.16
750.842
788.619
735.592
760.158
850.628
746.858
798.422
856.789
813.679
821.17
649.661
774.936
802.41
806.042
712.639
752.327
784.63
751.747
814.932
820.429
747.049
813.668
741.063
842.835
827.864
743.139
868.383
762.192
683.848
705.387
861.238
768.69
625.901
606.243
656.78
749.918
664.465
634.535
700.363
656.404
688.114
674.83
743.678
805.812
755.75
697.003
754.706
773.623
794.236
779.691
798.794
813.621
772.718
782.716
756.978
808.447
758.514
809.107
750.675
813.461
815.562
801.857
813.184
812.148
796.601
791.46
824.806
745.556
813.964
755.124
790.491
767.905
763.232
811.165
802.066
802.601
787.719
792.826
792.889
867.438
854.107
740.609
761.708
736.02
863.55
743.114
859.313
867.4
738.618
742.552
708.426
743.085
848.435
847.104
749.742
837.534
826.097
867.041
743.267
722.014
634.428
758.252
857.571
850.456
829.109
792.63
853.752
816.695
801.178
762.469
761.521
648.442
671.526
760.771
713.624
805.385
846.057
803.518
763.28
812.552
778.58
803.127
796.96
812.89
769.954
803.256
807.911
805.619
774.211
782.436
804.026
803.33
766.636
853.561
823.745
641.055
796.116
763.657
834.247
790.064
822.94
784.061
791.899
778.233
756.674
752.863
854.349
809.384
803.995
723.266
635.258
704.109
766.305
704.412
678.758
732.748
690.688
794.284
743.298
725.493
773.664
765.008
781.461
706.741
763.936
757.716
769.798
725.351
825.738
730.683
842.021
837.724
810.986
802.631
842.888
803.109
795.44
800.95
777.188
769.463
801.485
810.079
790.021
801.044
813.771
765.574
788.911
810.357
803.009
802.892
804.781
793.028
771.105
759.175
743.559
851.324
854.897
819.064
741.053
761.489
741.05
845.596
761.726
761.006
855.711
856.71
817.2
761.244
739.718
761.94
616.753
671.009
695.257
837.121
759.302
785.215
809.377
831.645
701.138
717.745
747.974
740.632
655.727
757.156
695.079
772.056
705.867
704.095
771.39
720.764
746.685
752.834
815.313
780.823
789.684
831.56
777.911
789.215
755.078
840.38
815.909
843.289
818.686
843.792
765.661
803.786
812.498
848.693
792.21
809.257
820.789
845.065
788.602
758.767
777.717
786.81
808.333
777.319
806.517
783.93
813.485
791.474
814.885
788.37
692.204
660.363
784.964
681.441
734.834
806.159
797.946
719.578
758.569
830.236
803.687
779.465
794.937
804.829
805.676
787.043
803.659
787.593
772.525
811.045
814.49
811.959
798.78
800.732
764.2
806.294
803.138
775.565
811.527
855.366
761.442
755.579
815.905
757.25
761.372
852.24
848.504
759.058
857.443
759.53
826.528
778.232
800.972
791.056
712.862
631.898
646.312
787.115
732.836
745.56
819.352
815.649
819.581
837.71
777.078
776.04
768.382
825.471
791.458
659.874
773.785
822.427
788.842
773
816.441
806.492
840.444
787.583
777.359
778.356
843.484
813.703
804.853
777.079
780.521
683.02
733.489
724.559
727.751
811.853
768.885
788.794
800.047
844.763
840.279
810.861
842.429
759.356
758.851
834.309
777.26
848.379
729.93
669.881
797.518
746.18
672.606
760.918
684.176
694.556
773.678
715.575
784.645
712.721
794.422
740.155
823.992
734.026
739.967
750.554
825.329
791.648
775.111
791.981
830.621
780.076
773.119
833.431
827.363
827.341
803.835
833.656
779.328
828.02
778.808
791.913
785.907
837.552
830.484
786.42
804.154
802.361
823.888
833.44
825.188
793.831
794.189
791.096
801.774
792.5
791.109
828.357
788.944
800.982
791.556
792.15
791.288
799.006
775.109
826.611
774.618
841.962
803.5
774.648
829.255
824.143
835.678
774.902
821.313
772.979
818.824
787.154
788.718
791.22
839.071
790.487
803.561
796.199
777.454
774.687
788.158
