713.385
774.617
651.168
569.592
1022.39
957.91
952.317
712.478
709.797
705.349
699.146
691.204
681.538
670.187
657.192
642.538
626.505
608.731
589.744
590.35
610.781
627.533
648.517
655.046
676.84
680.92
696.191
706.473
719.415
721.069
736.189
743.721
739.936
750.397
747.328
762.282
757.859
764.503
761.793
771.959
759.974
766.853
766.142
765.641
771.215
760.91
764.681
768.997
774.514
766.796
777.924
776.406
776.3
772.629
762.717
768.877
764.327
769.537
756.688
775.729
769.435
761.602
781.665
750.699
761.609
759.613
755.545
740.462
750.854
781.484
759.254
780.204
803.564
766.233
769.679
776.91
783.571
747.207
812.528
799.206
807.777
813.455
800.101
861.107
836.825
843.342
836.032
867.254
813.076
764.9
787.307
782.846
788.84
755.608
840.287
809.091
898.444
872.633
876.631
878.685
922.5
817.673
832.588
831.115
829.703
834.726
711.186
735.343
712.462
548.306
411.796
463.993
486.313
489.058
588.592
788.261
824.054
761.978
660.875
686.514
718.795
741.077
759.264
764.392
770.198
771.926
773.364
773.974
774.353
774.548
812.372
846.462
878.354
906.828
932.585
955.423
975.534
993.079
1008.24
1021.2
1032.19
1041.41
1049.05
1055.32
1060.39
1064.43
1067.61
1070.05
1071.89
1073.22
1074.15
1074.73
1075.04
1075.12
1075.03
1074.79
1074.44
1073.98
1073.42
1072.78
1072.04
1071.18
1070.17
1068.99
1067.59
1065.96
1064.06
1061.9
1059.49
1056.88
1054.1
1051.24
1048.37
1045.56
1042.9
1040.43
1038.2
1036.26
1034.65
1033.36
1032.35
1031.54
1030.91
1030.43
1030.08
1029.79
1029.53
1029.26
1028.93
1028.54
1028.06
1027.49
1026.84
1026.11
1025.32
1024.49
1023.63
1022.76
1021.88
1021
1020.1
1019.19
1018.22
1017.16
1015.98
1014.64
1013.1
1011.32
1009.22
1006.75
1003.82
1000.35
996.268
991.468
985.843
979.274
971.63
962.77
952.546
940.805
927.395
912.167
894.984
875.731
854.312
830.593
804.82
776.325
746.343
815.494
788.06
810.114
1067.65
1040.94
1063.82
992.738
762.213
804.936
1062.63
1046.59
724.014
1023.64
897.676
825.593
883.816
989.878
758.941
961.236
1026.32
910.745
829.47
1021.09
837.318
823.32
1027.7
711.188
801.133
906.401
792.158
803.706
796.231
800.799
803.248
1073.83
1073.3
1036.23
1074.11
1071.53
815.463
1032.65
890.495
865.454
832.147
1016.57
1005.13
1013
789.544
1030.37
628.921
829.154
745.608
730.064
810.8
654.664
669.505
1028.96
787.719
742.692
802.955
1069.35
860.123
1057.96
812.213
1019.34
679.429
811.983
705.804
774.615
736.75
741.675
613.328
845.86
671.22
693.966
632.251
874.35
932.254
1025.14
847.893
828.954
1009.69
841.528
998.745
878.775
977.707
859.781
939.319
1027.15
855.238
806.346
1028.18
1022.82
829.267
888.854
810.703
1018.45
1015.52
892.556
750.023
814.75
784.195
1054.79
766.779
1069.89
779.461
955.121
1020.8
807.078
1071.13
802.521
1066.23
1055.29
1052.45
794.861
1043.73
805.141
1041.01
1073.98
1072.42
1072.8
807.576
803.797
808.567
790.497
685.107
675.277
744.901
633.119
831.963
1068.76
1063.59
808.12
841.948
1041.27
840.448
1050.5
1018.61
780.896
897.399
837.086
834.786
1069.76
1070.99
890.195
1011.63
831.957
905.478
696.996
710.339
758.192
826.878
655.419
658.831
877.761
803.27
611.023
852.905
931.414
705.046
634.129
685.651
893.585
975.22
887.797
951.034
984.263
881.893
1002.2
836.707
1011.46
853.789
994.669
1024.42
879.377
830.709
876.022
1007.6
970.078
847.057
814.925
830.697
925.939
1021.96
895.915
1014.34
889.584
1017.54
1025.77
1031.38
805.268
843.234
1027.45
834.858
781.014
1028.51
1029.58
797.744
820.165
1027.93
804.768
818.087
1026.78
835.484
762.198
827.348
815.358
1020.22
734.677
1034.27
806.435
803.448
818.432
1031.75
1048.55
1059.82
1007.86
1068.86
1066.95
804.954
1064.56
792.761
1070.77
1073.3
790.134
1060.42
1049.53
812.673
782.01
1073.7
1038.5
804.845
805.732
1074.08
1072.21
804.677
835.952
1038.23
805.747
721.588
699.012
775.479
810.054
652.445
811.436
769.615
719.441
765.544
771.135
1039.46
1061.9
991.745
842.348
1067.71
791.24
889.39
840.223
997.372
979.527
889.159
915.65
1032.39
916.279
946.502
1020.64
882.5
900.503
1022.04
1015.24
851.805
839.095
833.002
1030.35
826.2
1026.84
902.432
1006.59
834.971
1024.24
1022.76
904.331
866.277
841.624
848.756
785.188
738.466
729.994
954.287
1019.37
890.874
858.511
851.761
788.879
843.333
834.402
1069.14
836.279
841.497
1070.7
1071.01
1044.38
821.802
693.884
799.388
677.139
876.848
844.251
712.607
724.543
738.025
742.556
906.471
921.575
823.157
851.466
920.423
1000.29
913.693
1008.09
900.465
965.426
985.109
890.519
898.561
1012.58
901.851
899.869
1022.2
1016.97
1017.81
1002.76
909.796
892.332
1010.57
1023.47
1021.53
989.875
837.259
920.6
870.545
905.13
800.305
1022.35
840.009
769.588
846.809
1019.55
1053.11
847.711
1069.89
1062.1
1058.3
840.782
837.293
1035.32
819.883
1065.94
1053.35
837.963
810.349
1067.13
837.16
829.384
1064.86
1070.29
839.756
1071.11
836.064
1047.49
749.103
838.207
802.252
725.056
675.829
845.113
757.8
856.009
809.606
878.261
858.915
1063.08
874.469
1056.74
840.004
912.79
876.979
1042.5
869.792
882.337
1010.28
977.202
989.386
948.981
954.838
925.486
1013.07
861.216
873.954
1065.81
1063.36
1065.54
939.918
998.861
928.215
1003.14
868.751
1010.69
734.65
891.505
1013.49
852.611
863.28
1035.8
698.501
876.005
759.641
870.141
739.918
728.207
974.337
825.022
930.133
756.133
899.316
872.733
934.866
872.941
825.789
1020.05
886.944
895.393
1014.37
1009.48
927.997
973.01
956.639
855.434
851.087
1025.24
829.028
1023.06
1021.83
860.288
992.315
952.082
953.224
924.178
1009.4
894.524
1013.12
1021.14
877.141
844.756
839.903
1022.52
901.509
993.935
920.143
909.496
1004.85
906.972
1016.11
1064.42
1030.39
1058.03
874.797
868.002
1055.96
1029.08
1066.88
846.062
1070.61
1006.76
1064.89
1028.49
838.474
829.448
1046.97
1060.34
842.841
839.259
815.315
1068.46
1032.57
834.48
873.319
1064.89
1059.22
871.5
843.461
872.699
763.621
848.688
787.423
793.257
775.367
990.083
949.02
1036.76
1020.1
1012.27
915.326
930.04
1006.14
872.33
900.393
1056.76
894.627
998.854
978.523
947.046
953.353
1051
904.582
873.447
892.617
978.94
1050.06
978.948
866.257
1018.71
886.715
786.686
759.303
1059.74
900.631
997.022
944.261
1013.38
1013.17
877.908
845.481
1045.6
877.724
1025.95
868.307
1065.26
1061.09
1062.71
869.267
928.004
803.435
837.692
818.432
863.129
719.371
952.838
788.095
774.312
887.377
914.31
818.869
938.997
799.519
1017.41
832.57
957.732
1011.07
922.554
994.792
948.563
929.03
1012.94
971.687
886.489
1013.07
1015.23
867.957
1012.89
877.022
899.64
1000.16
1001.91
935.252
929.438
1008.65
1007.82
929.468
911.065
981.929
985.979
1013.09
955.645
955.918
934.159
942.61
870.394
1004.3
927.501
1055.14
871.928
873.72
874.022
1058.43
1058.11
873.321
1065.82
1064.04
873.335
876.274
1021.91
866.314
849.731
903.782
878.196
856.016
1061.15
861.268
1065.7
870.361
1060.21
1039.21
868.508
750.023
826.66
809.721
717.462
874.888
823.148
928.762
861.005
877.008
905.341
1057.47
1049.82
1031.41
900.728
997.074
900.388
905.165
960.981
904.051
888.46
1047.33
983.969
973.35
930.714
944.616
958.6
924.603
1000.36
1001.23
899.685
1053.73
897.012
1008.89
897.797
996.178
968.338
991.434
964.284
991.256
999.579
884.703
853.381
950.193
999.824
950.993
1056.9
1023.94
893.042
872.822
894.991
832.58
756.892
899.965
819.708
972.778
795.09
778.156
889.27
936.542
844.661
927.502
1004.93
925.595
913.709
1027.95
938.661
957.016
973.723
965.262
867.129
966.388
975.088
982.021
981.504
981.604
976.172
1005.27
1000.65
1012.71
1018.64
867.122
997.954
1013.25
980.934
930.334
871.59
1011.76
918.871
905.16
1006.98
881.35
905.505
927.833
1000.88
954.997
931.917
898.358
873.233
1057.62
1054.8
902.697
1053.25
896.111
1016.52
1061.93
903.016
1044.1
873.64
1048.46
885.196
1022.86
866.867
1055.34
1056.11
1058.02
1051.54
897.629
841.907
799.184
772.721
847.879
739.051
902.79
902.093
943.055
966.447
1032.53
1045.38
1040.81
995.581
797.907
1001.87
916.463
883.559
947.931
1003.08
912.057
928.378
1047.99
919.255
979.82
1046.26
1001.16
1004.83
841.384
965.36
984.757
1000.65
917.479
954.713
957.363
901.673
1000.26
1003.48
897.443
1001.55
902.322
1034.82
1013.26
898.75
1053.3
931.239
909.268
924.173
1047.29
927.191
808.364
778.131
867.135
969.922
859.989
809.907
904.342
834.66
912.712
853.379
947.308
1024.12
975.903
872.379
966.147
971.077
1004.64
968.61
1004.28
1000.66
947.994
956.255
914.049
998.169
918.868
992.978
899.427
1000.94
1000.16
983.537
994.535
996.32
985.349
970.53
1009.51
897.029
1000.58
909.306
962.725
940.562
930.496
994.887
988.884
986.654
959.777
966.852
965.403
1058.03
1045.58
901.434
929.578
898.905
1050.74
901.476
1048.81
1052.41
900.03
904.726
881.275
905.343
1053.14
1047.89
920.883
1027.82
1010.69
1052.46
897.407
890.823
821.365
925.695
1042.05
1038
1017.73
973.469
1039.26
996.968
981.909
922.393
925.929
831.453
856.937
986.871
895.617
1020.85
1035.76
987.158
941.162
993.46
953.737
982.927
977.813
991.286
928.077
987.063
985.749
984.321
936.899
955.908
984.26
985.326
925.364
1047.83
1009.2
828.364
1018.27
950.111
1036.19
968.355
1019.66
971.66
977.148
952.973
925.415
923.227
1039.34
986.959
979.812
945.624
815.638
928.81
987.178
905.399
877.081
955.274
875.786
1014.03
941.87
926.137
992.329
984.413
998.611
890.084
957.667
953.169
961.894
904.416
1039.64
908.463
1049.91
1045.73
1022.36
1002.68
1047.27
986.175
976.829
981.677
944.881
927.566
982.623
995.883
969.696
981.582
1001.56
935.877
961.045
994.086
986.293
988.778
983.641
966.071
929.972
926.835
917.24
1043.43
1042.59
1001.13
901.859
928.403
902.063
1037.97
930.789
929.694
1047.34
1041.21
997.916
924.026
914.734
931.096
794.333
894.054
918.32
1027.99
926.376
961.228
987.132
1021.37
928.938
946.4
975.392
964.988
846.841
982.13
891.617
996.636
902.497
895.109
995.99
909.909
937.742
942.302
1033.14
1003.89
1010.95
1043.05
952.765
966.783
935.499
1034.52
1001.79
1033.75
1003.96
1032.58
942.122
987.837
998.405
1034.6
972.302
994.636
1005.07
1028.51
965.3
926.017
951.702
952.955
987.145
948.176
983.451
950.759
993.188
974.767
994.233
969.075
892.334
844.941
1008.54
866.938
934.621
1026.4
1016.76
900.018
946.549
1036.47
987.87
949.972
975.945
984.271
983.624
973.688
984.829
965.651
932.97
989.033
993.416
990.386
979.401
981.202
923.314
984.49
985.852
940.673
994.437
1040.22
922.624
925.31
995.733
925.075
927.116
1038.68
1037.2
926.295
1042.04
938.676
1013.72
953.324
974.383
970.112
939.042
814.352
832.511
953.773
926.995
928.755
1033.59
1022.31
1021.22
1035.52
951.364
949.611
953.436
1017.9
970.736
848.745
946.42
1005.61
965.494
947.242
1001.69
990.868
1024.49
954.207
950.428
945.265
1026.8
996.995
980.18
946.442
946.98
878.7
961.865
919.876
915.468
1029.56
944.623
965.833
980.553
1032.13
1031.16
991.9
1033.54
926.463
925.902
1024.8
949.284
1032.37
957.65
863.786
971.164
974.162
863.2
988.277
875.577
886.009
999.886
911.754
1009.35
902.96
1017.29
932.875
1038.83
920.155
924.585
932.34
1035.73
971.267
948.001
971.942
1019.35
963.23
956.956
1021.51
1016.32
1016.25
988.077
1018.57
959.763
1010.67
957.792
971.741
963.208
1023.51
1012.11
964.891
987.093
975.755
1006.14
1015.71
1006.79
967.272
967.305
969.626
982.795
966.046
968.833
1009.67
956.698
973.909
965.991
963.396
966.903
977.623
947.392
1007.91
947.01
1025.48
1024.07
947.06
1015.65
1012.75
1022.77
947.048
1009.19
946.145
1005.57
964.08
965.378
967.983
1023.97
959.805
977.716
972.196
945.486
946.868
964.9
