895.174
897.547
983.128
747.757
1094.54
1094.51
1053.55
894.875
894.147
892.841
890.652
887.191
881.965
874.47
864.133
850.215
831.671
808.277
784.494
785.403
810.188
834.163
852.691
866.274
876.001
882.568
886.458
888.095
887.841
886.012
882.768
877.704
869.394
860.828
869.806
781.794
800.395
764.359
861.203
817.097
802.221
758.249
820.441
754.245
740.964
770.757
853.702
805.774
885.791
549.977
531.063
535.713
588.728
505.908
854.473
983.182
1025.1
1041.55
1048.03
1050.62
1051.65
1052.06
1052.22
1052.29
1052.31
1052.32
1052.33
1052.33
1052.33
1052.33
1052.33
1052.33
1052.33
1052.33
1052.33
1052.33
1052.33
1052.33
1052.33
1052.33
1052.33
1052.33
1052.33
1052.33
1052.33
1052.33
1052.33
1052.33
1052.33
1052.33
1052.33
1052.33
1052.33
1052.33
1052.33
1052.33
1052.33
1052.33
1052.33
1052.32
1052.32
1052.31
1052.29
1052.25
1052.18
1052.04
1051.79
1051.35
1050.59
1049.34
1047.36
1044.37
1040.06
1034.16
1026.48
1016.95
1006.09
995.799
991.411
988.435
974.885
950.82
917.925
912.131
907.059
903.264
900.763
899.124
898.147
897.659
950.314
983.917
1015.68
1040.72
1059.32
1072.9
1082.55
1089.13
1093.41
1096.07
1097.66
1098.57
1099.07
1099.35
1099.49
1099.56
1099.6
1099.62
1099.63
1099.63
1099.63
1099.63
1099.63
1099.63
1099.63
1099.64
1099.64
1099.64
1099.64
1099.64
1099.64
1099.64
1099.64
1099.64
1099.64
1099.64
1099.64
1099.64
1099.64
1099.64
1099.64
1099.64
1099.64
1099.64
1099.63
1099.63
1099.63
1099.63
1099.63
1099.64
1099.64
1099.64
1099.64
1099.64
1099.64
1099.63
1099.63
1099.63
1099.63
1099.62
1099.61
1099.6
1099.59
1099.56
1099.53
1099.49
1099.42
1099.33
1099.2
1099.04
1098.82
1098.55
1098.24
1097.87
1097.47
1097.07
1096.7
1096.39
1096.18
1096.07
1096.06
1096.14
1096.29
1096.49
1096.68
1096.8
1096.77
1096.48
1095.73
1094.24
1091.62
1087.31
1080.64
1070.85
1057.1
1038.32
1013.15
981.32
947.808
1002.64
909.213
716.857
1099.56
1098.5
1099.49
1089.1
934.767
1063.46
1099.56
1099.56
933.993
1099.43
1064.57
1065.13
1065.09
1095.85
1059.95
1096.05
1099.54
1086.97
1065.13
1099.19
1065.13
1065.12
1099.56
932.484
963.799
1040.62
892.335
920.184
1065.02
1065.12
840.739
1099.56
1099.57
1099.56
1099.56
1099.56
1065.13
1099.56
1065.13
1065.13
1065.12
1097.87
1095.29
1096.45
1065.13
1099.57
1037.86
1037.84
993.317
941.816
951.189
880.8
898.476
1099.57
1065.13
940.165
687.786
1099.55
1065.13
1099.56
872.473
1098.84
1015.77
950.141
1002.69
980.319
944.168
945.743
828.874
983.584
901.116
916.056
1052.28
1070.51
1059.31
1099.5
1065.13
1065.12
1095.65
1065.12
1095.4
1064.97
1096.27
1063.32
1093.87
1099.55
1065.12
1065.13
1099.56
1099.38
1065.13
1065.13
826.818
1098.58
1097.43
1065.13
940.001
1054.9
927.88
1099.28
929.483
1099.56
921.359
1072.9
1096.02
841.615
1099.56
853.424
1099.56
1099.56
1099.56
851.955
1099.56
1064.46
1099.56
1099.56
1099.56
1099.57
1065.08
864.916
955.311
971.016
913.317
1004.69
946.94
853.949
900.478
1099.32
1099.33
963.581
1071.72
1099.33
1073.06
1099.33
1099.1
973.519
1073.16
923.282
892.36
1099.34
1099.33
1073.16
1096.64
994.742
1040.62
930.728
943.946
974.32
924.632
881.672
1027.56
1015.38
1012.43
1046.05
1056.71
1059.39
926.748
855.083
1056.81
1080.31
1082.54
1064.11
1095.33
1096.09
1065.05
1095.29
1065.12
1096.01
1065.12
1095.6
1099.47
1064.83
1065.12
1065.11
1095.41
1096.3
1065.13
1062.02
1065.13
1091.27
1099.3
1065.13
1096.94
1065.13
1098.25
1099.52
1099.57
1065.13
1065.13
1099.56
1065.12
1065.13
1099.57
1099.57
1065.13
1065.12
1099.56
724.892
918.585
1099.55
1065.13
938.146
1065.13
1039.93
1099.04
938.294
1099.56
1065.12
674.906
1061
1097.6
1099
1099.42
1093.37
1099.56
1099.53
765.882
1099.56
847.373
1099.56
1099.56
913.379
1099.56
1099.56
910.102
912.91
1099.57
1099.56
903.665
1064.86
1099.56
1099.57
1065.11
898.032
1099.33
958.949
938.16
924.403
979.332
952.881
878.72
950.369
1013.15
1016.52
977.109
979.118
1098.29
1099.26
1089.04
863.656
1099.33
1064.11
1079.23
1030.54
1092.8
1094.21
1072.07
1073.08
1098.88
1073.16
1094.04
1099.26
1073.16
1073.16
1099.32
1098.48
1073.15
925.571
1073.14
1099.33
1073.16
1099.33
1073.15
1093.75
1073.17
1099.33
1099.33
1041.02
932.108
988.006
1055.49
1005.5
1052.14
958.621
1072.96
1099.17
1073.16
1073.15
1073.16
971.808
943.792
892.185
1099.33
1073.11
1072.57
1099.33
1099.33
1099.33
1000.19
928.384
1011.02
908.894
1015.32
984.304
946.913
1030.81
964.247
966.522
1085.87
1090.13
1067.55
1069.81
1073.12
1092.75
1073.16
1094.42
1073.15
1094.76
1093.78
1073.16
1072.57
1097.24
1073.16
1073.16
1099.33
1098.89
1099.01
1092.91
1073.16
1073.16
1095.95
1099.33
1099.3
1093.36
1073.17
1073.14
1073.16
1072.84
968.545
1099.33
1053.81
973.468
898.352
1095.85
1099.05
865.528
1099.33
1099.33
1099.33
905.784
907.287
1099.33
937.597
1099.33
1099.33
1069.68
956.509
1099.32
887.468
913.905
1099.33
1099.33
1072.92
1099.33
928.353
1099.33
970.31
990.831
1007.19
955.64
907.651
983.658
988.873
1070.49
1005.64
1056.16
945.525
1098.87
993.757
1098.89
990.918
1079.4
1078
1098.88
1080.48
1077.11
1098.43
1089.89
1088.04
1080.5
1080.58
1080.6
1098.86
1022.89
971.766
1098.88
1098.87
1098.89
1080.52
1089.5
1080.59
1094.04
1080.6
1098.68
973.569
1073.16
1097.75
963.518
934.254
1098.88
935.99
1015.99
1059.08
1069.36
976.201
1042.8
1082.54
1036.44
1059.66
971.288
1083.75
1074.38
1092.67
1071.22
1001.26
1099.22
1073.16
1073.16
1098.16
1098.26
1080.6
1094.57
1094.64
1073.15
1073.16
1099.32
1073.17
1099.33
1099.31
1073.15
1087.89
1080.57
1080.55
1079.93
1095.19
1073.15
1098.88
1099.28
1073.16
1073.16
993.387
1099.33
1073.16
1093.01
1073.15
1073
1093.25
1073.15
1098.72
1098.88
1097.4
1099.19
1079.47
933.165
1099.33
1098.88
1099.33
856.273
1099.33
1093.25
1099.3
1099.33
916.039
1073.15
1098.78
1099.33
884.979
1064.86
947.277
1099.33
1099.33
1073.13
1080.11
1098.88
1098.89
954.23
985.952
1018.85
994.646
1026.11
1031.4
1008.72
1001.07
1088.93
1091.98
1097.87
1098.13
1098.74
1080.58
1080.57
1096.79
1073.48
1075.06
1098.12
970.254
1097.21
1080.31
1085.06
1086.39
1098.89
1084.66
1080.58
1080.51
1086.29
1098.61
1086.31
1080.5
1098.8
1044.6
1018.99
999.136
1098.39
1078.46
1088.7
1080.53
1098.88
1098.88
1038.06
983.07
1098.88
1074.74
1098.88
1080.48
1098.88
1098.89
1098.88
936.988
1060.01
1045.82
1064.76
1034.06
1067.17
958.888
1073.09
1002.77
997.484
1076.9
1087.93
1004.18
1091.58
1005.27
1095.53
996.868
1091.85
1098.57
1080.58
1088.08
1080.55
1080.56
1098.83
1090.67
1080.5
1098.85
1098.84
1080.61
1098.83
1080.57
1080.53
1090.51
1092.78
1080.51
1080.58
1098.04
1097.74
1080.59
1080.57
1089.12
1088.48
1098.87
1080.56
1080.56
1080.23
1080.4
1080.59
1095.17
1080.57
1098.89
1080.37
974.091
968.807
1098.82
1098.89
977.185
1098.89
1098.87
964.609
1015.82
1099.04
1080.54
973.391
1085.57
1068.04
953.694
1098.85
938.559
1098.88
944.407
1098.89
1098.88
1020.63
985.683
1029.4
1030.61
957.505
1017.28
1030.39
1087.57
1023.77
1005.29
1073.19
1098.09
1098.17
1098.14
1014.12
1096.43
1086.2
1086.33
1084.96
1054.11
984.384
1098.18
1080.18
1086.25
1089.54
1086.3
1086.3
1086.15
1098.13
1098.09
993.181
1098.08
1086.14
1098.19
1086.46
1097.73
1086.19
1084.68
1086.36
1089.34
1098.07
1068.54
1063.52
1073.07
1097.5
1086.34
1098.19
1098.14
973.025
1045.88
1043.61
1049.58
997.557
1042.76
1056.72
1082.55
1021.84
1012.49
1080.17
1084.05
1029.94
1090.37
1093.04
1082.31
1079.45
1097.02
1087.66
1085.6
1086.15
1091.37
1018.8
1083.59
1081.12
1086.32
1086.32
1080.1
1086.27
1096.08
1098.11
1098.8
1098.95
1080.58
1096.86
1098.88
1086.29
1080.57
1080.58
1098.67
1080.56
1082.73
1097.34
1080.53
1080.56
1080.55
1091.47
1086.4
1080.54
1086.44
968.908
1098.13
1098.75
1085.97
1098.89
970.507
1098.14
1098.89
1043.21
1098.35
971.702
1098.89
991.081
1098.87
1080.46
1098.11
1098.02
1098.13
1098.14
974.915
1053.19
1025.82
1009.87
1046.62
981.123
1041.86
1027.45
1082.93
1088.07
1097.17
1097.88
1098.15
1095.24
1029.8
1092.63
1081.71
1043.98
1076.72
1090.47
1013.79
1074.18
1097
1004.73
1090.59
1096.94
1097.89
1096.99
1058.13
1069.28
1095.08
1090.4
1086.63
1086.21
1086.33
1086.34
1098.13
1098.14
1086.4
1098.07
1034.54
1098.14
1098.14
1086.12
1098.13
1088.53
1060.33
1060.1
1097.23
1090.91
1037.44
1015.96
1059.31
1082.36
1068.1
1027.45
1084.34
1030.99
1070.65
1027.29
1087.15
1096.39
1089.11
1012.42
1085.93
1082.27
1090.48
1068.88
1090.44
1097.74
1086.3
1086.37
1086.22
1090.36
1086.12
1091.56
1086.38
1098.11
1098.12
1094.33
1097.71
1095.92
1080.32
1086.18
1098.4
1086.25
1098.13
1086.28
1086.3
1086.3
1086.23
1094.36
1083.57
1085.05
1086.26
1086.23
1086.38
1098.12
1098.17
1021.31
1090
982.906
1098.16
1086.13
1098.18
1097.88
1004.08
1064.52
997.876
1079.12
1098.09
1097.01
1006.11
1098.14
1098.18
1098.14
1086.07
977.917
1044.47
1044.5
1096.99
1097.1
1097.02
1090.42
1097.02
1097.49
1092.65
1090.21
1090.3
1045.54
1049.78
1090.87
1034.92
1093.39
1097.15
1096.24
1034.06
1090.36
1092.46
1090.59
1082.54
1090.53
1090.61
1096.97
1090.37
1096.99
1090.42
1090.34
1096.98
1097
1090.72
1097
1097
1051.2
1095.41
1054.88
1095.45
1091.44
1093.31
1069.63
1073.66
1092.94
1027.83
1011.85
1096.51
1096.99
1096.56
1072.69
1039.38
1077.94
1088.64
1081.15
1074.93
1086.11
1046.85
1095
1078.73
1081.34
1090.02
1089.65
1090.27
1039.91
1072.32
1074.53
1070.65
1023.57
1097.62
1018.46
1098.02
1097.01
1093.4
1090.4
1097.02
1095.75
1090.49
1090.61
1090.21
1090.8
1093.54
1090.31
1090.38
1091.66
1098.01
1086.27
1086.24
1093.17
1096.98
1084.28
1090.49
1086.32
1090.5
1068.5
1005.99
1098.16
1096.62
1097.02
1025.27
1090.21
1029.48
1098.14
1083.7
1079.42
1096.99
1097.01
1097.05
1090.19
1009.09
1086.64
1028.41
1060.3
1060.17
1097.04
1058.64
1090.4
1090.33
1097.02
1071.63
1079.69
1088.76
1081.77
1061.2
1087.95
1073.62
1091.84
1073.76
1061.51
1091.95
1056.11
1062.52
1059.47
1096.53
1092.53
1092.91
1096.96
1090.03
1089.91
1034.07
1095.42
1093.56
1097.13
1093.6
1095.41
1035.22
1096.59
1093.44
1095.82
1095.06
1093.33
1093.55
1095.52
1087.06
1063.81
1093.14
1093.64
1095.39
1093.26
1095.45
1093.82
1090.44
1072.68
1090.71
1069.98
1079.1
1048.66
1094.13
1048.88
1080.32
1096.13
1093.19
1028.98
1057
1095.49
1096.94
1090.21
1079.1
1096.99
1096.91
1070.58
1097
1090.38
1090.44
1090.39
1090.7
1097.17
1085.89
1090.35
1090.41
1090.41
1097
1090.31
1090.33
1097.02
1090.13
1020.27
1097.14
1035.9
1090.28
1097.06
1097.15
1051.33
1096.9
1033.27
1097.03
1091.48
1095.95
1092.82
1072.24
1042.25
1052.04
1093.94
1068.8
1039.79
1095.45
1093.37
1093.33
1095.44
1087.88
1085.17
1053.84
1093.28
1095.39
1058.4
1064.4
1093.46
1085.75
1053.15
1095.48
1093.3
1095.46
1093.5
1093.22
1093.19
1095.46
1095.45
1095.51
1093.17
1093.41
1071.86
1085.22
1071.1
1052.11
1095.28
1040.59
1088.47
1088.51
1095.42
1097.09
1095.41
1095.42
1055.8
1060.69
1097.02
1093.26
1095.85
1080.91
1067.93
1095.85
1086.83
1062.05
1090.58
1063.42
1063.04
1092.78
1072.83
1093.98
1059.2
1094.63
1065.91
1096.81
1047.62
1043.45
1036.51
1095.5
1093.85
1082.26
1094.57
1095.64
1059.84
1054.43
1095.67
1093.26
1095.56
1096.82
1093.85
1056.89
1092.88
1056.14
1095.29
1072.8
1095.59
1093.48
1070.11
1093.32
1095.72
1093.37
1093.81
1093.29
1093.2
1095.52
1095.41
1093.33
1095.4
1095.44
1093.33
1093.43
1095.77
1095.36
1093.29
1095.4
1093.28
1073.43
1093.27
1069.65
1095.44
1095.03
1079.68
1093.32
1095.48
1095.65
1075.72
1095.45
1058.28
1095.46
1077.4
1083.88
1095.43
1095.52
1093.36
1095.62
1093.21
1093.15
1077.64
1081.15
