521.203
534.097
451.517
443.401
725.756
721.977
702.413
520.715
519.248
516.809
513.41
509.065
503.794
497.62
490.57
482.675
473.976
464.493
454.319
454.891
465.822
476.447
486.318
495.999
504.917
513.35
521.328
528.579
535.645
541.649
547.74
552.869
557.878
562.091
566.302
569.669
573.017
575.724
578.444
580.424
582.612
584.203
585.826
586.994
588.412
589.22
590.265
590.971
591.811
592.292
592.942
593.456
593.956
594.34
594.906
595.318
595.69
596.148
596.633
596.935
597.339
597.896
598.115
598.778
598.882
599.813
599.809
600.656
600.788
601.65
601.56
602.522
602.55
603.337
603.373
604.343
604.33
605.006
605.211
605.896
605.693
606.43
606.397
606.784
606.57
607.235
606.741
606.947
606.585
606.528
605.751
605.196
604.515
603.447
602.076
600.957
599.226
597.122
594.937
592.494
589.169
585.751
582.237
577.512
573.265
567.337
562.74
555.502
549.566
541.602
534.523
524.9
516.924
506.534
497.005
485.712
475.544
463.2
462.754
473.672
483.671
492.942
501.303
508.857
515.423
521.077
525.726
529.377
531.995
533.571
552.781
570.762
587.985
604.425
620.042
634.82
648.74
661.797
673.987
685.316
695.796
705.443
714.279
722.33
729.627
736.202
742.094
747.338
751.976
756.046
759.59
762.646
765.256
767.462
769.302
770.81
772.017
772.953
773.648
774.131
774.429
774.564
774.558
774.429
774.195
773.871
773.469
773.002
772.481
771.913
771.307
770.67
770.007
769.324
768.625
767.91
767.181
766.45
765.74
765.048
764.357
763.652
762.939
762.231
761.534
760.848
760.172
759.504
758.843
758.187
757.534
756.879
756.217
755.541
754.843
754.112
753.336
752.502
751.595
750.595
749.484
748.236
746.822
745.212
743.376
741.283
738.905
736.204
733.139
729.664
725.737
721.315
716.357
710.819
704.663
697.849
690.34
682.103
673.108
663.331
652.75
641.353
629.129
616.079
602.204
587.524
572.048
555.816
538.85
618.618
587.031
615.535
773.281
704.457
735.143
660.911
567.033
620.498
772.325
768.873
530.135
753.748
582.307
630.954
604.151
709.833
551.854
681.186
756.431
640.535
631.365
751.413
629.554
627.848
759.063
519.567
525.027
603.537
597.636
610.921
621.967
622.976
604.757
761.526
770.876
766.049
766.326
772.983
624.044
764.609
629.467
626.425
618.11
745.751
728.633
740.219
624.942
763.243
512.168
586.71
498.153
529.885
547.218
489.775
496.979
761.82
625.986
546.742
616.662
746.252
630.875
771.339
613.099
749.511
488.038
552.033
487.382
554.868
533.555
536.266
466.532
569.865
500.902
511.057
533.174
615.294
619.188
755.118
630.336
622.71
735.155
612.212
720.304
594.54
696.894
568.464
662.46
757.737
628.939
627.073
760.421
753.019
631.416
630.3
617.799
748.402
744.146
628.429
553.871
619.536
591.118
721.304
572.995
773.416
578.062
633.972
684.378
614.043
750.879
606.775
773.048
770.773
770.169
600.157
768.191
620.966
767.492
768.163
754.94
771.808
622.195
608.328
538.311
517.001
505.385
476.052
538.046
477.533
617.907
747.594
769.848
591.523
642.386
765.476
643.792
767.358
750.474
571.545
653.615
634.619
625.764
767.443
762.947
651.877
742.524
540.836
601.139
513.976
519.678
545.821
610.903
490.118
501.074
587.039
571.173
523.52
601.405
616.775
520.93
478.482
543.832
628.33
647.877
576.497
672.214
703.692
600.024
724.715
615.086
737.846
624.55
715.358
754.445
589.556
620.787
608.579
732.099
689.403
630.834
561.012
630.894
651.906
752.245
627.55
742.31
630.125
747.158
755.778
763.932
624.851
630.453
758.397
628.731
626.906
761.114
762.537
626.025
627.949
759.737
617.211
618.147
757.083
629.456
561.081
631.01
619.159
750.508
538.625
765.321
623.956
616.091
619.911
694.833
713.272
728.583
673.075
773.41
741.02
614.675
772.725
602.869
773.281
758.477
594.41
771.859
769.534
612.27
583.017
769.67
766.778
609.941
621.27
764.129
772.501
623.031
627.702
764.798
532.237
525.246
512.937
507.998
543.337
487.68
550.148
512.201
501.145
549.865
552.947
701.51
731.971
658.338
637.016
769.546
559.542
625.933
640.522
721.66
700.784
594.874
620.109
759.845
637.171
669.535
752.495
652.625
653.811
755.08
747.252
649.926
632.476
645.55
762.679
646.556
761.329
646.923
734.703
647.688
759.786
757.77
597.53
644.965
555.167
599.054
561.123
538.012
535.902
631.524
751.17
653.415
651.005
648.987
578.577
639.368
620.95
768.372
644.388
642.859
764.756
758.185
766.131
532.206
510.785
569.006
502.37
584.745
564.59
525.337
513.647
534.772
545.775
638.077
649.375
569.944
578.814
625.291
725.558
640.103
737.035
648.321
686.599
706.881
652.605
602.536
743.922
654.104
653.649
755.738
748.978
749.748
729.011
642.555
651.129
740.916
759.076
753.785
712.366
647.861
629.484
652.045
608.523
585.494
756.407
640.93
563.478
638.86
681.622
718.227
638.316
751.627
769.616
768.9
635.521
629.485
764.083
606.919
769.981
767.92
642.019
597.199
743.001
623.333
614.681
769.976
766.242
643.451
760.779
633.508
766.76
540.834
548.564
522.769
527.693
500.945
567.775
549.526
575.222
587.385
660.619
636.726
737.617
658.689
764.219
614.701
612.609
662.164
761.705
664.232
621.894
745.068
702.002
716.642
639.394
656.823
674.719
749.581
556.09
654.428
752.629
761.591
757.578
667.244
729.749
672.891
736.985
668.066
752.168
533.397
653.349
745.16
629.249
642.609
760.495
513.712
581.437
549.481
612.893
538.072
526.262
645.383
584.381
612.982
555.015
633.955
585.429
659.854
587.401
602.25
751.843
653.207
653.606
746.262
744.327
674.933
694.036
678.442
650.758
649.629
760.475
646.956
758.434
754.431
651.563
720.53
660.091
644.449
620.046
739.091
649.81
750.881
753.143
652.588
648.694
639.998
757.086
653.829
717.283
633.432
614.794
732.058
644.997
748.152
742.15
691.981
725.455
662.731
647.126
768.437
759.178
769.845
637.687
755.146
670.432
737.807
762.045
630.943
645.795
710.252
769.296
636.409
641.488
602.152
769.064
763.323
644.684
663.236
759.129
764.339
652.071
560.521
571.402
549.255
547.031
526.161
565.593
555.71
654.289
673.907
696.656
752.113
747.151
673.784
674.732
740.886
616.135
588.855
730.266
662.418
737.674
709.874
628.579
693.712
763.244
680.711
669.837
671.707
656.621
713.141
675.107
665.569
756.086
570.755
563.066
549.655
752.403
604.177
727.087
665.192
752.852
751.557
660.012
620.086
762.261
661.679
758.476
664.603
746.131
763.859
762.645
649.049
607.81
539.301
563.726
580.681
608.894
526.181
627.577
569.989
560.167
595.199
645.161
595.251
665.109
579.07
677.271
608.789
681.98
745.806
674.379
723.982
662.949
674.384
748.399
695.99
671.059
748.997
754.817
667.577
753.044
670.319
672.255
731.871
735.225
669.129
671.807
743.555
742.737
674.823
673.195
707.429
712.312
750.219
649.19
653.282
627.293
633.596
668.773
738.528
673.571
763.985
663.664
655.372
656.901
726.743
764.364
657.969
755.388
760.322
653.365
659.377
758.307
666.353
624.786
681.093
661.214
633.172
732.508
639.755
749.602
650.754
764.183
761.12
564.357
541.801
536.943
575.817
524.104
577.052
593.226
659.106
624.367
641.064
678.909
744.734
756.778
753.993
672.413
736.026
682.361
688.412
689.495
677.051
653.662
756.759
717.128
681.12
696.98
692.45
693.609
690.011
743.966
741.662
670.194
753.498
683.727
750.118
686.559
743.989
685.545
725.005
691.773
729.297
745.365
576.82
603.337
622.055
738.564
693.332
751.625
752.778
659.785
561.309
579.336
589.913
546.698
586.734
551.866
641.372
573.194
561.769
628.138
619.962
610.113
655.55
666.312
610.459
600.095
687.38
667.784
636.518
650.462
689.346
630.549
695.389
705.56
666.849
662.076
713.815
678.35
739.799
742.675
747.807
756.639
666.927
736.847
752.225
671.128
674.878
669.162
746.515
673.992
680.166
741.858
670.803
672.742
673.934
733.479
693.933
670.61
687.105
657.402
734.697
720.314
681.508
763.661
664.699
751.502
763.37
676.007
705.26
656.139
762.78
649.863
757.64
665.083
725.321
747.096
738.593
756.089
666.846
595.174
569.973
555.368
550.725
537.016
592.801
674.566
612.703
633.842
690.133
706.329
755.548
734.439
572.343
660.801
651.959
637.999
681.643
672.074
668.363
692.54
725.654
677.809
710.641
735.132
740.081
742.615
596.525
701.682
728.576
690.692
649.717
683.009
693.831
687.895
744.609
748.07
685.754
741.27
675.261
754.529
750.907
682.541
754.82
696.526
584.715
601.165
742.614
704.12
576.385
559.681
564.011
635.768
609.038
583.598
639.376
602.051
588.266
617.522
675.775
681.255
642.754
636.03
643.685
700.749
677.542
705.644
682.341
739.406
692.845
694.017
689.156
694.031
689.415
731.191
687.409
742.146
745.184
727.521
742.827
735.254
719.897
683.424
751.251
684.64
743.36
688.826
692.347
692.086
690.831
733.576
724.578
725.216
693.25
687.444
690.828
741.975
756.492
673.389
697.192
668.716
756.526
681.942
756.931
750.185
671.286
677.993
645.561
679.52
719.76
721.446
680.227
753.444
750.497
755.59
682.834
656.863
583.631
688.078
744.366
747.693
744.661
709.219
746.632
743.629
725.917
699.362
698.172
595.361
614.809
645.791
650.085
685.053
747.94
730.764
691.678
701.844
710.585
710.883
720.667
708.418
704.142
732.889
709.49
736.524
705.135
707.047
735.203
734.197
702.707
729.458
743.326
589.211
673.769
692.127
711.41
718.027
704.024
709.299
715.928
710.861
686.339
682.931
738.722
738.641
734.599
615.009
584.227
600.79
648.794
642.734
621.111
623.649
630.907
671.576
675.349
660.445
658.394
650.74
665.442
644.343
692.538
687.368
697.412
659.828
698.56
664.286
713.495
711.416
690.625
686.645
716.764
729.783
709.863
710.921
705.381
704.3
726.666
696.835
708.665
725.372
740.769
691.512
692.779
732.547
733.165
725.327
710.47
689.321
704.273
691.17
675.037
756.094
735.167
742.167
674.082
697.457
674.784
755.056
694.979
693.791
732.699
745.406
741.793
698.175
671.788
695.763
568.631
575.065
593.41
746.183
689.902
707.805
708.935
745.132
598.101
611.096
635.27
628.613
601.613
641.739
634.807
653.763
643.882
642.3
654.747
656.252
678.006
683.122
690.49
662.9
670.698
705.366
708.806
716.738
684.812
719.133
724.99
747.559
725.395
724.799
693.714
731.609
724.041
731.746
722.285
723.14
725.255
734.333
715.212
690.297
710.919
718.595
731.727
711.774
731.498
717.604
704.142
715.61
706.774
713.059
632.452
605.413
664.381
623.18
668.272
682.418
678.141
655.008
687.895
706.902
732.712
705.958
718.81
735.93
736.436
711.808
734.734
708.204
704.625
708.61
708.066
740.428
722.445
724.728
700.834
709.957
733.692
705.247
699.507
746.125
698.467
685.314
741.799
686.979
697.736
747.251
748.027
689.016
743.06
688.52
744.114
709.685
731.429
719.468
607.029
581.452
593.633
719.511
666.47
676.888
695.897
695.53
699.957
715.556
707.49
706.02
696.066
707.461
722.749
605.087
701.255
724.749
715.001
700.183
734.031
722.535
735.82
718.497
711.072
713.111
734.773
733.316
731.263
711.815
714.876
624.65
623.598
659.55
662.078
688.913
696.48
715.853
723.811
726.688
746.957
732.444
722.24
689.575
689.925
745.638
711.392
735.474
620.391
613.568
729.35
633.289
615.826
645.178
625.57
634.284
655.683
652.026
664.931
649.53
673.368
672.574
698.306
667.31
672.244
681.042
701.773
720.593
704.691
721.492
737.127
705.905
700.037
737.545
710.407
736.283
732.254
718.636
705.297
715.59
704.898
722.6
711.298
737.11
722.616
711.558
722.21
731.187
724.159
723.309
723.494
719.446
726.674
722.915
721.785
725.299
723.335
722.617
718.744
730.82
724.453
719.268
724.075
720.976
702.977
722.932
702.241
735.294
681.368
703.806
713.39
735.443
737.484
703.155
734.827
700.352
734.42
712.59
714.526
723.766
736.509
719.011
731.249
720.078
712.293
703.381
713.722
