714.111
767.46
793.026
571.572
1051.37
916.626
935.979
713.267
710.703
706.42
700.418
692.7
683.281
672.165
659.365
644.973
628.831
611.348
592.237
593.116
612.929
631.188
648.036
663.199
676.871
688.948
699.82
708.602
717.808
722.301
731.505
736.27
739.723
742.958
746.349
748.535
746.758
749.831
751.695
751.244
747.723
758.196
752.845
757.018
753.888
764.043
753.383
759.023
756.749
758.162
755.918
758.627
752.233
750.472
749.225
746.777
743.136
737.029
747.38
718.983
730.6
712.481
741.473
719.899
729.513
733.21
708.971
702.031
712.592
721.317
691.788
747.665
738.317
740.077
687.683
703.814
726.656
751.741
767.225
801.325
818.067
808.8
821.836
670.415
727.09
731.839
728.819
673.928
802.615
925.378
878.702
807.399
538.915
569.763
472.916
498.74
531.774
865.962
965.644
989.823
996.563
997.108
995.104
991.685
987.178
981.62
974.944
967.044
957.802
947.102
934.836
920.915
905.266
887.86
868.769
848.156
826.737
804.648
778.415
769.795
771.096
767.573
768.525
767.099
767.433
767.267
767.322
767.373
767.42
767.452
803.889
838.364
869.449
898.124
923.808
946.831
967.23
985.15
1000.76
1014.25
1025.79
1035.59
1043.83
1050.69
1056.36
1060.99
1064.73
1067.71
1070.06
1071.86
1073.2
1074.14
1074.74
1075.04
1075.04
1074.76
1074.2
1073.33
1072.13
1070.59
1068.67
1066.36
1063.65
1060.55
1057.07
1053.26
1049.17
1044.86
1040.42
1035.91
1031.4
1026.93
1022.57
1018.35
1014.32
1010.51
1006.96
1003.77
1001.02
998.764
997.019
995.776
995.05
994.841
995.11
995.785
996.772
997.971
999.277
1000.59
1001.83
1002.92
1003.81
1004.46
1004.85
1004.98
1004.87
1004.53
1004.01
1003.33
1002.52
1001.62
1000.63
999.581
998.466
997.291
996.047
994.702
993.208
991.493
989.477
987.063
984.141
980.581
976.242
970.969
964.597
956.954
947.863
937.152
924.653
910.209
893.684
874.957
853.934
830.632
804.77
776.97
746.271
787.354
776.691
794.002
1059.51
1035.25
1060.6
984.902
761.291
780.254
1047.74
1020.59
719.054
1003.11
984.895
847.136
1005.44
979.02
944.04
955.457
999.919
908.83
881.05
1002.87
734.801
786.112
994.653
712.058
802.34
897.76
785.35
792.312
752.632
744.924
793.169
1073.71
1073.67
1004.84
1074.58
1069.92
768.557
998.845
722.896
747.55
980.332
999.02
989.902
995.678
764.594
994.827
876.33
829.238
803.939
730.431
802.822
655.916
671.117
992.821
746.262
740.78
791.309
1067.31
829.885
1038.75
795.271
1001.69
832.242
803.527
807.09
775.318
736.912
741.689
614.293
837.834
674.377
690.937
913.856
873.621
923.546
1001.99
759.428
861.158
993.099
1007.24
985.484
997.349
969.435
967.441
935.706
997.257
768.509
761.452
992.917
1003.27
865.41
791.598
793.736
1000.89
997.973
701.567
748.969
780.536
779.607
1050.32
765.943
1065.54
771.182
946.606
1013.95
793.554
1069.65
786.806
1055.9
1034.13
1029.53
785.484
1016.33
773.064
1012.26
1074.57
1071.44
1072.77
753.51
790.747
802.607
802.185
686.431
809.043
744.83
635.339
818.162
1068.41
1056.3
802.175
798.879
1014.58
792.984
1028.71
997.899
780.218
857.758
826.492
819.637
1072.07
1073.19
841.402
994.159
835.173
897.056
699.289
712.597
759.437
815.725
658.491
854.871
868.911
803.258
896.01
852.571
922.949
705.839
636.288
929.837
892.33
967
976.853
946.39
974.693
1001.94
987.891
1001.44
994.435
791.939
982.569
1002.68
991.691
922.666
1007.55
991.611
963.08
791.205
956.541
880.362
923.239
1003.18
696.135
996.856
766.786
999.994
1001.06
996.599
764.902
731.952
995.899
769.708
744.013
992.622
993.562
775.317
788.758
993.624
794.326
790.093
998.627
752.761
757.959
871.852
785.808
1002.36
730.639
1001.62
762.496
794.049
770.462
1025.47
1043.47
1055.98
1000.49
1062.73
1064.33
793.975
1051.96
789.623
1067.93
1072.77
785.037
1043.31
1025
786.917
774.808
1074.27
1008.41
791.442
768.617
1074.3
1071.52
745.959
824.061
1010.21
802.485
722.201
700.124
804.256
802.761
653.864
803.126
835.073
834.744
766.557
771.96
1034.23
1059.43
984.25
827.277
1067.87
937.655
888.263
816.18
983.138
970.049
985.852
1011.49
1004.41
1014.35
941.972
995.499
834.368
884.174
989.711
997.407
796.023
826.108
790.451
998.463
784.053
992.584
924.393
989.641
789.385
988.063
986.011
896.384
853.622
836.392
848.554
785.701
902.607
733.38
946.044
997.373
847.308
805.747
802.372
787.634
820.544
820.102
1071.04
791.366
795.201
1073.12
1072.41
1019.14
834.836
696.431
799.491
679.459
868.191
836.813
717.185
859.149
739.803
747.631
904.682
918.996
952.257
965.078
1015.12
985.138
1003.15
990.853
888.798
958.531
974.339
847.345
994.066
995.117
880.234
870.95
988.321
998.128
998.146
986.845
983.972
843.07
993.111
986.703
992.762
977.859
790.615
1017.48
818.896
1001
795.956
987.175
812.343
770.91
823.187
1013.11
1049.21
826.58
1070.18
1052.32
1043.36
827.009
824.181
1006.01
813.837
1062.99
1033.63
807.577
806.293
1066.09
819.412
815.849
1059.87
1072.75
792.489
1072.96
829.271
1023.86
750.605
835.839
834.384
727.091
678.182
837.283
757.838
944.023
807.89
851.074
848.651
1064.06
856.757
1050.72
833.373
993.688
839.406
1019.42
825.037
881.416
989.297
966.571
975.272
1019.92
1026.46
888.925
979.511
864.48
857.665
1070.18
1069.2
1070.89
986.312
982.038
933.876
985.81
822.343
973.296
736.201
860.083
995.998
843.63
852.205
1009.18
700.227
867.766
921.112
869.543
740.361
881.935
966.424
825.234
922.209
760.087
897.728
959.149
931.372
976.236
822.719
996.568
837.667
874.291
996.771
989.655
896.483
964.835
950.968
799.984
798.639
989.945
786.479
986.101
991.23
808.24
977.279
1022.27
1023.71
1002.09
992.007
860.776
976.564
994.213
828.495
800.916
818.918
986.376
886.651
980.753
1017.86
1006.78
988.34
956.076
997.871
1066.34
1024.53
1054.83
836.077
853.557
1038.54
999.909
1065.65
826.88
1071.49
999.766
1063.14
995.369
824.612
784.491
1042.4
1047.98
827.351
809.725
810.094
1069.65
1001.96
792.172
832.132
1070.63
1058.53
856.087
836.765
866.905
764.684
863.471
861.268
793.539
776.148
983.364
943.521
1032.55
990.111
986.44
871.281
921.663
988.617
871.685
949.303
1061.24
879.846
977.536
964.556
1000.75
926.215
1035.78
868.748
827.682
840.025
1027.51
1047.35
1036.6
818.82
985.699
891.45
787.924
761.355
1068.48
983.839
980.625
1002.03
975.132
975.63
853.671
837.34
1024.82
844.061
995.634
822.131
1068.07
1064.25
1068
854.648
921.169
885.569
926.761
818.84
862.74
721.173
945.212
786.53
773.185
972.37
911.926
816.319
934.647
797.998
1011.86
828.298
951
988.668
882.59
978.988
1014.1
926.068
983.207
962.355
834.85
981.364
979.355
820.798
974.859
829.973
848.062
983.073
984.597
969.066
941.266
989.738
989.57
905.578
863.973
970.045
972.921
977.888
1026.37
1027.54
1009.17
1015.08
824.688
986.967
930.281
1046.1
828.619
858.33
858.342
1057.48
1054.9
856.949
1070.72
1070.03
856.007
855.712
988.237
819.547
840.422
864.826
848.039
846.779
1061.15
850.141
1069.33
855.671
1061.66
1014.2
865.829
751.347
862.732
810.377
719.351
867.486
822.789
924.638
855.929
868.378
878.196
1066.89
1051.96
1006.23
885.759
978.085
853.889
863.101
951.826
881.754
875.765
1042.62
968.333
1032.02
895.244
902.19
963.136
874.045
961.071
968.129
884.722
1064.77
848.999
975.409
854.866
958.516
1019.43
974.743
990.219
974.141
960.011
931.272
853.261
943.814
976.927
917.915
1067.29
995.157
878.607
889.883
893.243
832.843
758.619
894.786
907.283
965.559
796.477
779.9
887.954
990.637
841.966
924.194
998.768
978.778
965.037
1023.05
933.374
1009.3
1022.53
957.238
861.035
955.926
962.183
1034.34
1031.43
966.716
1035.27
987.886
963.771
984.959
983.976
819.827
977.942
975.146
1036.12
914.358
825.424
987.732
877.34
872.125
989.19
831.998
855.726
928.307
983.637
935.036
953.015
856.938
857.714
1063.44
1052.94
860.986
1041.1
881.272
985.588
1066.36
882.676
1040.61
858.511
1030.32
873.589
991.368
819.576
1058.42
1066.93
1065.09
1058.8
882.625
841.91
800.123
774.209
888.086
741.191
895.789
885.692
969.743
996.476
1030.3
1044.86
1024.72
977.864
798.857
997.352
912.578
878.05
938.969
1034.03
899.304
906.412
1059.84
904.379
960.764
1062.67
974.479
972.172
841.574
951.58
963.134
1044.46
914.41
946.872
953.972
860.976
960.42
967.31
852.58
970.616
883.671
1012.18
981.453
850.827
1063.43
898.878
915.424
919.398
1063.39
884.732
809.226
779.451
910.898
964.105
859.666
810.572
902.215
833.112
934.548
849.46
940.769
1021.08
1006.84
865.036
1016.49
959.35
1038.02
953.926
1041.04
975.963
909.849
944.377
867.202
1044.54
869.678
975.83
858.764
965.818
960.26
963.371
955.17
978.086
969.066
1026.52
974.806
850.206
962.299
865.045
983.979
894.4
879.884
977.49
972.004
969.629
971.05
1011.41
996.722
1066.25
1037.11
886.119
891.148
883.852
1055.71
857.17
1047.68
1065.01
885.377
880.221
871.079
875.292
1054.86
1057.79
905.595
1000.62
977.993
1061.41
848.971
877.257
821.922
909.865
1059.01
1043.01
989.53
941.161
1051.15
962.007
963.738
876.02
880.668
831.189
854.952
1001.21
887.484
1039.41
1031.89
961.787
925.805
1038.26
921.964
979.625
960.953
1021.99
887.62
952.469
1003.43
943.12
895.007
911.045
942.542
945.203
881.489
1061.35
977.485
828.856
1018.59
936.629
1053.75
946.534
1050.63
956.242
960.697
918.362
909.654
907.667
1059.42
949.203
940.04
941.58
816.049
953.201
981.983
902.588
876.075
984.067
871.529
1010.21
934.23
921.073
1022.72
1015.43
1028.85
883.261
946.126
942.894
949.173
893.757
1038.22
896.701
1050.41
1051.69
1043.44
1043.18
1055.12
962.818
950.607
970.353
900.311
886.327
963.604
1043.41
932.496
963.988
972.805
886.86
977.676
976.863
949.504
971.794
988.101
1003.79
889.631
906.578
902.918
1031.12
1061.6
967.894
886.069
887.245
884.635
1018.39
904.246
905.631
1062.33
1057.06
964.176
877.603
901.102
901.734
795.428
913.473
917.367
1009.97
909.442
917.809
1009.85
995.85
936.894
956.235
988.442
961.773
846.814
979.743
889.066
995.069
898.854
890.568
1011.69
902.797
927.713
931.019
1035.32
1020.4
1027.79
1047.37
926.424
946.554
921.541
1056.89
988.364
1025.13
997.65
1057.65
926.349
960.309
978.123
1058.15
941.437
968.327
1005.8
1051.44
947.267
907.159
914.345
913.421
951.237
904.646
947.443
907.899
1034.76
958.139
1032.19
952.433
890.491
843.887
1007.87
863.876
928.294
1027.65
1034.11
890.572
934.108
1051.22
955.664
904.694
959.124
942.591
942.93
957.823
943.659
924.758
892.112
1015.99
1027.7
953.698
962.492
963.975
878.026
996.068
947.21
897.406
1041.36
1054.42
875.824
909.576
961.441
909.29
883.63
1047.46
1037.91
910.26
1059.75
923.933
983.478
924.33
935.496
946.383
939.26
815.05
832.677
913.36
919.601
916.695
1043.72
1046.59
1048.97
1055.66
927.409
927.704
939.052
1051.44
934.715
848.229
930.076
1013.05
948.088
930.945
969.47
959.711
1040.55
915.262
910.604
900.387
1048.32
962.829
944.082
901.796
902.899
877.135
973.476
913.8
907.029
1038.35
928.563
946.864
963.539
1057.5
1017.73
956.532
1057.54
910.085
908.17
1002.68
907.366
1055.06
959.123
863.063
929.573
976.818
861.863
992.042
873.287
882.651
1004.82
906.939
1015.47
897.172
1024.38
924.159
1041.91
910.429
913.646
919.268
1047.92
945.328
927.79
943.602
1009.26
947.316
941.798
1017.35
1051.49
1000.29
958.257
1051.55
943.543
1045.89
941.471
938.282
946.616
1030.64
1040.35
948.276
952.308
938.813
1019.58
1045.2
1025.34
927.453
924.575
931.273
945.427
922.668
928.52
1035.59
917.951
935.997
922.508
924.047
923.945
938.57
930.66
1030.62
930.54
1044.7
1031.93
928.195
1051.03
991.393
1024.4
929.879
983.253
929.85
976.022
947.441
948.377
926.114
1035.93
920.882
941.374
932.373
900.401
929.002
948.141
