716.362
779.317
352.125
570.334
919.521
891.872
875.95
715.463
712.732
708.179
701.823
693.694
683.833
672.274
659.067
644.325
627.872
610.275
591.026
591.97
610.319
629.79
640.861
661.599
672.166
681.106
690.926
694.921
706.061
697.73
708.949
706.534
710.775
706.746
715.68
709.19
711.637
707.809
711.544
700.073
705.641
700.935
700.728
695.223
705.368
697.457
700.797
699.389
703.668
695.207
695.737
696.041
694.353
690.165
698.635
699.262
696.323
699.58
704.467
694.557
693.637
697.879
690.832
694.829
684.994
708.203
693.28
703.999
699.126
709.646
681.717
698.115
685.575
689.082
677.294
707.272
689.991
695.116
697.388
705.992
669.841
686.892
679.836
673.412
661.766
702.956
680.626
685.556
688.966
701.114
663.941
654.655
666.409
649.101
629.416
670.013
676.158
654.167
668.822
683.842
621.275
600.14
615.602
585.558
566.511
549.636
658.857
613.034
618.81
605.647
561.097
371.873
378.844
361.801
365
360.756
358.739
356.107
468.86
534.043
605.435
667.85
710.753
740.294
756.83
767.261
772.997
776.346
778.156
779.052
816.344
851.446
882.634
911.228
936.489
958.775
978.145
994.751
1008.79
1020.47
1030.01
1037.63
1043.56
1048.01
1051.17
1053.24
1054.38
1054.74
1054.46
1053.65
1052.42
1050.84
1048.99
1046.94
1044.74
1042.44
1040.03
1037.55
1035.01
1032.44
1029.85
1027.25
1024.66
1022.08
1019.53
1017
1014.5
1012.04
1009.61
1007.21
1004.86
1002.53
1000.24
997.968
995.724
993.492
991.266
989.065
986.93
984.85
982.778
980.68
978.57
976.472
974.403
972.367
970.365
968.401
966.48
964.607
962.789
961.033
959.346
957.734
956.205
954.767
953.431
952.21
951.115
950.159
949.353
948.706
948.219
947.889
947.713
947.687
947.799
948.017
948.288
948.541
948.691
948.637
948.259
947.413
945.938
943.652
940.356
935.838
929.876
922.245
912.722
901.095
887.172
870.775
851.774
830.135
805.515
778.677
748.297
726.269
737.599
730.348
1018.93
1035.89
1050.88
993.645
737.707
729.934
1011.43
997.379
706.109
954.034
622.726
728.627
669.381
945.652
533.623
934.189
960.516
899.602
708.941
950.109
712.415
718.935
967.982
712.247
770.858
910.396
737.62
728.806
733.968
724.013
736.066
1047.86
1036.84
988.543
1043.83
1029.22
723.244
984.279
710.407
711.339
661.208
946.232
946.693
945.749
721.025
980.225
505.609
828.672
628.033
731.534
811.977
652.059
670.025
976.058
728.335
722.295
729.581
1052.13
695.287
1006.6
729.827
948.101
491.762
815.675
552.254
776.973
738.398
743.469
612.591
850.567
671.858
681.054
485.148
869.346
935.68
957.125
721.907
679.607
946.123
670.186
946.83
662.699
941.942
582.103
920.667
964.152
719.378
734.407
971.959
952.62
725.352
693.092
734.061
947.318
945.924
706.346
725.964
724.838
740.005
1045.95
740.705
1024.06
741.863
957.911
1019.05
726.997
1051.73
735.645
1016.4
1004.25
1001.92
735.086
995.146
732.06
992.934
1041.6
1050.83
1034.34
734.824
736.81
801.668
740.707
685.717
480.652
746.794
633.851
772.765
1043.36
1009.53
771.168
761.218
988.882
758.506
995.415
947.583
763.206
747.595
762.334
767
1027.23
1034.45
742.737
940.286
800.32
908.152
694.174
711.424
760.188
774.504
656.55
500.389
881.694
803.945
500.923
850.332
933.278
693.807
634.169
506.519
885.715
977.173
611.606
928.261
944.202
674.367
946.863
657.626
945.88
691.701
946.474
955.539
647.845
675.778
674.315
946.419
938.675
722.953
563.773
707.313
911.185
951.308
713.656
945.761
705.952
946.693
958.786
982.265
721.816
726.496
966.046
721.971
733.599
973.993
978.151
733.469
733.618
969.954
732.56
727.895
962.307
712.17
738.844
704.745
729.184
949.036
714.677
986.382
728.605
730.733
722.866
1028.43
1041.66
1048.96
1007.53
1021.48
1051.89
724.957
1013.9
740.571
1026.64
1049.51
738.697
1009
999.636
731.277
743.656
1039.27
990.737
736.64
729.057
1045.94
1031.8
735.614
765.395
986.757
790.365
722.861
699.841
693.261
808.279
652.455
814.28
647.803
567.627
767.713
773.424
1030.36
1043.54
990.163
760.504
1019.61
624.804
881.35
761.04
941.404
939.015
652.104
702.74
975.008
721.748
923.431
952.13
754.835
748.763
959.041
942.845
755.619
763.977
762.216
980.486
764.711
976.653
726.86
940.2
764.253
972.372
966.626
904.427
796.492
834.474
846.083
785.444
601.668
727.869
955.237
949.026
750.939
758.03
756.466
764.18
757.281
771.469
1024.7
757.974
760.235
1032.11
1038.78
991.029
766.565
694.859
799.979
676.372
879.659
846.15
713.173
580.727
739.583
738.961
895.127
906.587
636.785
644.716
714.592
941.175
721.309
939.994
729.855
933.653
940.391
745.514
662.046
940.684
748.6
746.743
960.887
944.987
946.235
940.852
720.434
740.049
940.028
970.369
955.484
941.144
760.311
719.712
760.332
674.974
768.784
962.774
760.719
756.946
757.414
1014.56
1039.46
759.158
1042.17
1007.08
1002.3
763.372
762.864
984.606
775.673
1014.53
997.668
763.69
772.417
1044.06
767.45
773.67
1012.02
1029.7
760.794
1036.7
762.503
993.203
750.884
821.57
716.514
726.373
676.305
848.883
747.952
714.022
787.029
790.684
799.109
1029.92
790.547
994.264
801.147
731.399
790.463
980.994
793.322
874.055
937.067
931.72
932.427
753.391
766.795
788.238
947.599
824.914
790.828
1023.02
1010.73
1019.03
776.44
931.266
778.944
930.215
792.61
955.393
733.913
748.881
941.25
800.59
797.729
976.976
697.251
876.63
613.425
865.012
733.08
591.949
974.141
824.461
928.938
748.823
887.676
721.158
915.949
649.588
797.064
950.549
753.652
750.041
941.974
935.783
788.486
936.835
929.258
758.603
755.413
974.338
765.117
968.522
957.243
758.854
932.125
770.199
757.241
735.657
939.935
734.254
951.032
953.783
759.074
759.86
759.893
964.69
747.821
941.436
721.331
690.005
940.52
723.332
943.854
1028.77
1023.42
1042.03
791.209
795.645
999.963
973.073
1017.06
759.54
1040.61
1003.58
1044.17
978.662
762.064
762.087
1035.63
1004.67
763.23
763.032
773.065
1022.15
982.389
758.568
791.81
1016.21
998.979
792.535
842.01
863.034
763.4
788.998
664.336
793.707
775.39
983.755
921.124
1020.17
956.389
941.442
788.704
786.801
931.945
863.819
787.698
1009.15
823.787
922.945
920.306
805.086
825.519
987.396
821.206
793.716
792.444
813.168
1027.72
816.562
793.4
964.998
846.234
785.3
755.742
1003.66
728.307
931.482
775.379
956.28
952.817
790.689
801.638
983.069
790.392
971.114
793.63
1027.2
1003.72
1008.55
795.153
921.561
678.671
703.579
817.733
857.815
716.797
950.204
771.561
760.969
725.692
898.972
793.416
915.465
780.058
1006.4
799.607
925.381
938.497
787.855
931.707
773.374
784.944
944.499
930.474
792.737
946.048
961.58
792.71
957.026
793.75
791.596
930.859
929.887
776.751
777.518
934.623
933.593
788.325
789.385
932.361
932.563
949.282
760.524
763.457
741.748
747.915
793.003
930.769
780.818
991.948
792.244
789.772
789.552
1030.53
996.669
789.729
1021.1
1013.08
791.776
790.862
969.963
793.536
800.833
821.57
790.845
799.953
1030.58
798.123
1025.25
794.163
1001.35
978.981
848.382
749.536
736.03
808.825
716.679
871.66
806.608
904.645
825.625
828.317
819.255
999.92
978.396
961.735
818.964
920.496
822.325
825.933
918.866
817.504
827.285
974.336
919.542
820.019
848.545
825.11
823.8
823.981
936.876
931.252
820.304
987.651
822.656
951.393
825.693
937.628
821.269
922.798
822.854
916.376
940.383
777.99
847.863
941.507
924.537
825.39
995.866
958.168
824.901
807.715
871.794
829.56
754.951
888.239
691.618
968.446
786.213
772.187
877.34
802.627
818.822
908.177
996.398
799.298
794.446
1014.25
910.096
807.213
811.847
928.442
827.367
919.921
920.509
813.759
813.397
920.095
818.347
931.321
933.768
943.007
965.937
792.876
921.625
954.592
814.602
787.961
792.939
939.994
787.847
820.597
932.705
793.469
790.406
782.883
930.083
825.349
777.022
826.025
789.479
1007.51
1029.67
821.911
989.674
822.626
954.817
1006.17
816.634
1024.62
789.276
985.211
827.911
968.892
793.661
1010.52
994.778
1005.55
982.177
821.758
839.085
798.049
771.022
752.359
737.156
898.407
817.573
854.772
864.752
1004.25
1009.92
967.481
918.997
791.128
984.899
891.673
848.263
904.82
869.926
850.779
842.874
979.901
848.232
860.917
971.725
927.566
934.233
835.679
905.892
905.985
865.498
897.649
917.06
824.303
825.981
938.428
946.607
824.891
930.248
816.406
963.525
953.334
822.065
986.463
848.075
863.572
909.451
972.943
857.596
804.865
773.947
766.117
958.733
851.315
797.473
888.61
813.617
836.054
822.688
914.196
999.929
865.984
828.056
809.521
920.427
868.597
905.849
866.935
926.165
825.132
824.892
824.948
864.854
824.049
917.455
825.961
932.459
939.832
904.403
935.067
919.668
917.876
820.704
953.822
823.571
935.401
825.573
822.691
824.987
824.41
918.517
918.035
912.502
823.173
821.668
822.759
1003.21
972.137
818.686
848.568
821.069
980.323
822.173
976.616
984.595
819.38
818.324
828.074
819.837
1011.34
982.198
847.311
960.04
952.293
984.393
821.921
826.077
818.12
844.004
961.524
954.13
939.086
858.745
956.325
936.818
902.695
850.316
849.276
817.976
835.329
912.838
850.965
917.458
951.264
909.737
870.648
864.119
872.562
861.426
901.026
864.453
856.339
914.004
860.836
921.79
855.795
856.426
919.058
916.897
855.538
977.772
935.829
822.396
979.296
889.741
949.557
886.882
909.081
906.031
906.7
872.862
846.27
847.5
955.13
926.129
917.669
927.656
805.738
846.32
973.266
885.014
864.883
860.495
845.101
993.73
903.299
896.811
867.902
866.452
868.914
850.089
905.869
905.627
906.125
850.916
1007.63
850.93
1011.32
985.997
915.571
865.672
984.437
908.006
859.648
861.349
854.637
857.357
903.357
864.141
858.039
902.61
929.063
824.696
822.612
918.069
914.655
916.704
860.93
822.298
855.837
841.206
849.166
969.873
962.646
933.299
818.179
848.701
816.732
965.45
846.12
844.515
975.284
960.025
932.563
848.914
849.896
847.087
790.446
823.106
891.046
943.845
842.002
857.37
861.168
940.418
877.932
890.057
907.992
943.558
837.847
957.113
870.675
967.732
877.059
864.622
913.848
870.087
889.281
889.574
983.947
914.147
915.224
986.817
869.92
885.05
871.13
944.87
893.605
949.025
895.027
940.436
869.047
911.316
891.177
944.79
893.844
889.116
895.425
933.391
883.755
840.551
872.808
884.353
909.801
873.918
909.61
883.695
864.774
902.139
867.145
894.161
876.186
827.566
975.021
840.874
900.674
982.067
916.565
850.796
889.87
952.22
913.553
854.951
899.846
920.57
921.617
906.129
918.053
857.639
855.667
862.382
866.737
929.897
901.854
902.589
852.555
860.623
915.799
855.166
864.168
958.164
849.058
847.746
932.705
844.557
848.87
955.267
953.067
843.573
961.367
871.073
937.689
871.198
910.938
889.139
907.42
807.879
822.941
886.633
887.651
871.51
955.602
913.239
910.949
947.315
867.961
865.849
889.718
907.178
894.647
835.596
865.552
895.28
884.338
868.954
914.231
887.913
927.389
883.626
872.933
875.75
930.683
912.787
909.417
873.816
878.798
862.094
900.099
885.217
870.983
954.929
869.593
884.097
902.412
939.556
946.513
911.088
942.671
842.855
840.888
941.987
873.36
940.707
921.571
851.181
907.046
933.561
846.072
942.74
854.178
860.146
948.39
881.762
951.06
867.86
952.422
888.937
985.996
871.147
871.312
871.391
954.378
890.952
864.094
892.455
922.822
893.457
890.193
924.795
905.453
920.104
912.588
911.416
887.03
896.805
883.516
894.391
884.796
926.505
901.542
887.846
887.439
909.872
895.257
907.399
895.404
883.423
901.816
894.943
886.875
899.234
895.721
898.202
883.609
909.416
897.696
883.621
897.046
885.597
864.95
896.238
865.264
928.755
953.784
863.247
905.2
917.68
925.881
864.011
916.022
866.401
915.042
884.713
884.693
896.51
926.868
883.632
909.7
884.205
874.488
863.363
884.801
