774.041
816.403
852.07
611.157
1051.15
931.076
905.753
773.024
770.052
765.129
758.248
749.409
738.611
725.875
711.202
694.652
676.513
655.879
634.601
634.726
656.959
672.062
696.739
694.411
706.807
717.551
721.177
729.839
721.718
749.238
732.917
738.867
732.561
737.881
715.695
724.436
716.512
717.444
706.096
726.202
710.528
713.989
712.814
719.091
692.518
705.178
697.529
695.735
684.824
703.803
703.345
699.219
703.577
712.296
688.585
683.887
691.77
681.377
668.337
694.867
698.852
686.776
699.037
695.956
709.818
649.065
676.953
657.858
653.702
634.869
704.321
665.903
679.575
680.827
689.857
596.431
622.827
609.022
575.862
564.191
671.719
633.948
628.203
634.414
584.644
384.981
386.707
387.284
377.695
385.621
385.128
397.771
382.429
425.837
420.756
430.731
435.603
489.45
401.225
424.23
435.048
443.43
445.611
852.669
975.454
1002
1007.94
1006.5
1001.79
994.944
986.18
975.425
962.504
947.241
929.569
909.67
887.826
864.821
834.932
827.753
826.297
822.404
822.549
818.886
819.164
817.947
817.467
816.957
816.625
816.445
858.006
893.322
926.644
955.177
980.216
1001.7
1019.84
1034.98
1047.44
1057.55
1065.63
1072.01
1076.97
1080.78
1083.65
1085.78
1087.34
1088.45
1089.23
1089.75
1090.08
1090.27
1090.34
1090.32
1090.23
1090.06
1089.83
1089.52
1089.13
1088.65
1088.07
1087.4
1086.62
1085.73
1084.72
1083.59
1082.34
1080.97
1079.48
1077.87
1076.14
1074.3
1072.35
1070.29
1068.13
1065.85
1063.46
1060.99
1058.51
1056.02
1053.47
1050.82
1048.1
1045.34
1042.58
1039.83
1037.09
1034.37
1031.68
1029.02
1026.4
1023.83
1021.3
1018.84
1016.44
1014.1
1011.85
1009.7
1007.67
1005.77
1004.03
1002.47
1001.1
999.945
999.021
998.352
997.954
997.825
997.938
998.249
998.7
999.211
999.679
999.969
999.913
999.308
997.92
995.478
991.684
986.216
978.737
968.907
956.399
940.904
922.126
899.882
874.28
844.073
812.097
731.544
773.339
730.905
1084.4
1071.73
1085.45
1034.81
772.44
721.08
1080.59
1069.81
763.993
1013.45
1019.22
590.075
866.369
997.797
996.57
993.536
1023.29
967.225
516.493
1006.83
662.423
686.06
1033.91
773.005
860.401
954.909
761.018
743.799
705.511
720.503
745.424
1089.85
1089.2
1060.53
1089.84
1087.78
725.593
1055.46
592.656
560.782
705.002
998.423
995.876
995.784
716.694
1050.38
938.383
898.301
863.966
794.074
857.733
705.433
726.026
1044.92
688.759
776.367
726.612
1088.1
559.658
1077.45
738.194
1002.97
894.362
857.74
866.356
842.202
801.5
806.951
662.356
892.839
719.13
744.301
972.335
939.332
980.046
1018.25
631.107
595.338
995.352
788.85
996.935
991.619
997.248
1012.56
984.4
1028.53
679.256
667.755
1039.4
1011.16
560.642
573.492
717.094
1001.26
997.311
594.136
780.572
734.749
766.443
1080.47
771.05
1086.32
768.536
1001.56
1057.31
742.49
1088.86
741.889
1083.25
1075.7
1073.84
758.545
1067.64
714.512
1065.38
1089.7
1089.37
1088.82
701.954
734.649
858.736
860.182
743.639
870.12
810.511
684.287
784.273
1087.73
1080.12
804.53
755.222
1061.94
758.492
1068.89
1004.59
799.194
675.783
767.168
780.098
1087.16
1088.29
712.424
990.429
893.543
954.474
749.086
770.2
823.96
790.311
707.619
917.631
926.19
872.59
956.643
920.556
979.712
757.669
684.116
985.564
954.777
1019.69
1017.46
989.804
997.796
926.715
996.374
755.061
995.43
568.815
997.455
1015.82
1014.49
634.552
809.757
995.517
995.918
614.508
1005.54
536.795
976.988
1008.94
568.771
996.42
584.006
999.744
1020.75
1052.96
724.025
637.928
1031.21
680.931
671.45
1042.15
1047.69
692.721
669.793
1036.65
719.319
728.096
1025.89
676.053
766.656
531.21
727.348
1004.83
771.221
1058
716.624
727.197
735.648
1065.38
1076.68
1083.32
1047.23
1085.42
1086.99
743.004
1081.99
743.764
1087.11
1089.69
763.384
1079.08
1071.88
738.289
765.414
1089.49
1063.01
732.947
716.541
1089.89
1088.35
703.222
778.838
1059.47
859.353
784.628
759.338
862.044
858.228
706.639
857.607
895.984
896.238
832.147
838.349
1070.89
1084.43
1034.35
764.657
1084.96
993.345
949.919
760.8
989.447
991.485
1026.65
999.796
1048.04
909.109
984.19
1011.6
679.825
674.897
1021.73
996.382
733.393
771.118
752.777
1051.64
744.507
1046.49
766.698
987.98
737.895
1040.74
1032.58
954.22
812.692
893.269
915.921
852.5
963.15
771.872
1001.24
1006.87
672.933
729.631
734.085
806.241
766.89
782.057
1086.55
758.069
755.821
1088.02
1088.54
1064.34
894.487
751.615
868.301
730.217
925.73
892.447
760.436
921.668
801.4
782.761
962.188
971.756
1004.76
1014.05
977.548
988.81
870.589
988.179
748.583
989.946
991.326
698.986
1029.3
991.63
673.568
675.94
1024.39
1000.28
1002.39
988.327
829.382
724.228
989.42
1037.91
1016.57
990.827
736.04
957.573
706.51
1027.34
805.627
1027.1
759.465
795.179
767.703
1056.64
1079.52
765.906
1088.19
1078.56
1075.04
763.686
778.795
1056.87
793.007
1082.83
1071.04
753.834
802.602
1087.01
782.991
787.204
1081.55
1087.64
755.752
1088.48
769.788
1066.65
813.802
893.446
895.258
786.83
731.129
892.513
807.969
1000.06
835.988
795.506
821.714
1085.13
797.399
1072.09
834.562
1035.2
796.113
1056.58
794.422
941.81
990.138
980.698
978.105
1032.52
988.121
766.825
1006.13
925.116
802.536
1086.11
1083.15
1085.49
901.622
976.325
831.232
976.95
788.121
1019.2
795.596
687.9
993.041
827.629
815.246
1050.92
754.818
925.731
979.539
934.567
793.147
943.838
1019.33
893.738
979.374
790.156
953.818
1012.01
978.975
1021.37
836.838
1009.22
672.541
679.428
994.632
988.053
772.66
991.105
987.74
732.066
733.263
1043.43
741.257
1035.28
1019.13
720.497
977.272
967.533
1025.28
1038.83
988.666
736.363
1011.27
1014.06
691.681
732.785
763.223
1029.83
673.1
990.156
936.086
1016.98
988.058
792.368
998.271
1085.76
1064.61
1082.34
796.333
809.949
1073.09
1045.14
1083.97
765.267
1088.44
1046.68
1085.94
1049.16
776.385
750.599
1075.77
1076.86
762.578
755.455
799.504
1085.82
1054.12
756.684
796.331
1084.83
1076.19
804.362
892.98
926.09
828.316
924.729
923.852
861.499
841.495
1033.72
978.194
1069.46
1027.38
996.893
758.69
788.33
981.04
930.487
1005.13
1082.35
843.188
970.759
962.887
1042.34
849.668
1064.78
833.268
783.734
772.093
1049.81
1077.91
1029.57
789.204
1033.43
951.831
850.825
815.166
1082.24
1029.43
976.358
921.881
1019.25
1013.96
796.013
832.42
1059.37
795.669
1042.19
792.806
1086.1
1079.54
1082.15
807.334
978.851
947.617
985.506
886.427
926.656
774.772
1000.78
827.266
819.046
1021.73
963.108
836.483
974.942
832.746
1055.61
836.012
980.128
992.383
761.506
976.571
944.289
794.697
1001.49
981.127
774.616
1003.81
1027.7
787.922
1020.64
780.753
769.283
976.162
975.89
883.192
848.212
986.094
984.267
778.084
761.641
979.948
979.053
1008.65
1016.08
1004.21
1039.75
1037.63
787.584
978.306
815.992
1069.8
795.877
802.325
800.802
1082.7
1074.26
798.645
1085.91
1084.03
803.082
796.506
1038.81
787.857
830.401
832.951
795.165
824.771
1084.14
818.618
1086.21
805.473
1077.96
1053.78
925.729
813.006
924.518
876.699
776.179
926.013
858.11
962.389
864.546
858.228
832.937
1082.09
1065.39
1037.84
835.699
966.831
832.113
831.953
967.1
831.297
850.909
1059.4
961.051
1006.56
869.198
834.832
879.86
826.607
992.228
983.406
837.865
1076.1
830.998
1016.82
834.518
996.152
980.122
965.359
925.298
958.601
998.381
989.772
915.714
999.876
973.179
843.108
1080.16
1030.85
845.518
950.933
952.927
897.849
816.999
953.786
968.097
1018.79
842.778
830.507
942.27
1036.12
864.33
970.049
1045.9
1027.98
1017.72
1063.36
965.263
1046.72
1050.37
981.03
863.123
966.299
964.056
1043.73
1047.57
962.039
1018.71
979.639
987.341
999.243
1033.6
787.883
968.682
1016.65
1037.73
782.968
786.365
994.686
758.328
833.326
982.587
777.369
765.634
803.499
975.593
856.829
865.49
834.704
799.772
1082.79
1080.68
832.651
1067.37
841.294
1024.19
1080.95
830.375
1074.24
801.743
1062.11
853.382
1038.87
790.677
1081.54
1080.79
1082.91
1070.41
840.084
908.282
864.866
835.027
949.711
796.975
954.161
832.51
1022.2
1041.74
1067.48
1075.67
1048.61
964.041
852.302
1044.75
947.33
890.428
950.21
1060.09
878.58
863.747
1078.63
872.659
918.256
1076.32
977.746
999.861
902.306
944.967
947.574
1051.79
957.963
967.403
871.769
833.19
994.744
1008.79
833.511
981.82
830.234
1041.34
1021.17
831.188
1074.71
869.054
974.977
977.69
1074.33
880.706
870.638
835.989
971.385
1017.77
916.692
851.689
951.373
862.039
992.746
864.783
966.867
1061.64
1048.31
860.841
1049.35
965.239
1059.95
944.185
1058.53
975.625
837.906
864.19
828.028
1046.26
826.188
960.552
834.192
985.292
997.114
945.249
991.682
965.348
958.866
993.204
1018.82
832.036
989.872
829.969
910.915
832.518
828.458
962.957
959.433
952.911
888.375
966.99
939.983
1082.72
1056.04
834.797
868.813
839.091
1068.04
832.311
1062.65
1076.31
836.613
832.09
855.646
833.208
1080.25
1078.59
871.015
1034.45
1018.81
1072.72
830.512
847.975
885.263
865.847
1065.83
1049.27
1012.37
903.037
1056.2
997.279
942.477
870.635
869.295
875.247
886.947
1046.16
887.141
1066.86
1041.19
952.996
899.728
1024.91
902.085
933.792
938.47
988.258
879.11
959.483
956.589
972.706
879.007
885.283
967.912
964.179
877.78
1078.33
1003.88
887.605
1059.41
925.203
1073.58
921.686
1064.7
943.978
944.649
902.385
868.882
870.852
1066.64
980.782
968.091
998.241
865.257
1008.8
1032.69
943.458
928.363
1033.04
890.361
1054.21
950.994
949.697
1056.57
1053.09
1058.84
889.202
947.441
948.968
946.323
882.115
1072.11
880.271
1078.36
1077.09
1067.65
1055.79
1078.12
950.484
909.82
926.043
878.496
880.439
943.623
1039.61
897.561
942.067
979.995
830.384
898.229
961.88
960.576
957.937
940.845
953.954
878.592
861.771
874.484
1052.46
1073.07
996.881
833.68
868.693
830.993
1044.95
867.372
865.616
1077.61
1063.03
994.341
868.814
876.322
868.211
854.622
973.56
976.3
1025.47
863.099
889.683
965.368
1016.36
994.686
1011.49
1037.08
1015.99
901.685
1030.91
927.041
1042.86
930.436
912.498
1052.96
912.133
929.387
927.785
1069.41
1058.06
1061.95
1075.42
898.772
919.193
901.745
1071.79
970.523
1036.32
978.177
1068.14
897.396
955.304
961.77
1065.68
931.299
953.976
984.702
1050.76
917.281
861.063
902.215
921.206
965.966
903.823
963.774
918.751
1016.93
938.95
1011
928.897
937.298
882.132
1052.18
889.3
950.886
1065.04
1064.86
884.261
926.581
1073.66
958.69
880.561
936.667
970.488
972.833
943.955
966.115
893.3
878.524
976.015
1000.78
986.65
939.96
941.704
873.629
948.284
962.386
878.461
1032.68
1059.76
868.967
870.847
993.077
866.634
868.78
1052.87
1045.58
865.233
1066.96
900.844
1008.37
900.359
959.253
924.756
996.514
871.369
884.917
923.902
932.533
904.649
1071.67
1067.54
1066.54
1072.98
896.3
893.639
924.274
1062.01
932.555
895.398
892.961
990.727
917.876
897.021
979.974
947.952
1034.94
920.969
902.338
906.918
1045.38
975.082
961.847
903.831
911.448
921.33
1025.6
932.788
910.324
1069.33
897.877
917.855
941.097
1066.39
1031.04
970.066
1070.15
864.257
861.597
1020.72
902.948
1057.87
1013.89
912.954
952.346
1028.49
903.219
1040.27
908.335
911.168
1049.48
932.2
1056.54
912.77
1061.95
931.334
1072.87
908.026
906.131
903.134
1073.04
927.246
891.45
929.337
1008.63
927.871
924.231
1015.03
1058.62
1001.37
957.202
1053.99
919.714
1040.73
915.302
932.119
917.429
1025.58
1027.28
921.108
943.443
959.764
996.868
1037.56
1003.1
925.692
944.46
933.068
939.092
940.395
934.294
1018.19
921.911
957.943
937.849
924.348
936.611
933.948
892.495
1010.09
892.752
1040.09
1066.13
890.419
1054.98
994.515
1020.51
891.387
988.788
893.899
984.147
917.597
918.121
935.596
1030.25
923.045
960.793
929.077
904.959
890.59
917.996
