648.687
706.192
563.83
526.589
953.108
906.732
891.322
647.916
645.619
641.803
636.484
629.683
621.425
611.74
600.685
588.262
574.6
559.69
543.569
544.245
561.699
577.009
593.789
604.742
620.782
629.871
642.532
652.29
662.98
669.064
678.996
686.202
689.19
696.773
698.71
706.704
707.455
712.413
713.09
718.567
716.232
720.117
720.942
721.807
724.633
722.255
724.391
725.642
727.988
725.663
729.472
728.929
729.302
728.766
726.107
728.523
726.715
729.142
724.957
730.718
729.245
726.792
733.546
725.308
729.969
729.044
729.54
726.811
729.089
737.674
732.243
738.196
745.141
737.158
740.65
741.242
746.612
736.072
754.381
749.431
753.591
757.022
752.671
769.081
761.654
768.134
764.575
773.931
764.17
756.986
763.719
760.189
766.527
754.46
777.544
761.984
783.765
771.914
776.662
768.901
780.276
754.139
759.638
752.649
745.103
747.735
717.891
719.877
711.695
692.437
671.51
675.592
664.528
649.698
635.624
630.075
622.231
596.783
573.723
603.788
615.154
631.141
648.007
660.359
672.712
682.574
691.116
697.664
702.402
705.241
738.386
768.562
797.042
823.42
847.903
870.353
890.847
909.405
926.086
940.96
954.106
965.616
975.589
984.127
991.344
997.352
1002.27
1006.21
1009.29
1011.62
1013.3
1014.43
1015.1
1015.38
1015.34
1015.02
1014.47
1013.71
1012.76
1011.63
1010.33
1008.87
1007.24
1005.45
1003.5
1001.4
999.15
996.777
994.303
991.753
989.162
986.563
983.996
981.496
979.101
976.835
974.726
972.807
971.121
969.67
968.422
967.343
966.428
965.673
965.062
964.57
964.167
963.826
963.521
963.231
962.934
962.613
962.254
961.843
961.371
960.827
960.203
959.491
958.683
957.766
956.727
955.546
954.196
952.645
950.862
948.814
946.465
943.767
940.66
937.077
932.947
928.196
922.748
916.519
909.424
901.375
892.282
882.057
870.614
857.87
843.752
828.194
811.141
792.55
772.415
750.67
727.462
702.585
676.439
763.789
732.773
762.137
1003.83
964.103
995.813
907.945
706.46
761.391
997.519
982.353
659.877
959.788
781.092
786.688
794.833
915.056
745.954
880.675
961.333
826.941
794.934
957.919
786.493
777.88
962.547
646.293
688.955
821.888
742.179
756.04
759.742
763.773
752.076
1012.85
1012.87
973.068
1013.78
1010.02
769.906
969.466
810.351
804.087
797.471
952.646
935.567
947.269
763.525
966.789
661.712
749.414
639.63
662.444
728.439
599.193
610.816
964.786
767.003
681.388
760.472
1004.66
802.496
992.668
760.355
956.2
602.778
737.065
628.476
701.109
668.183
672.416
563.133
766.987
614.446
632.491
699.071
791.341
846.441
960.662
790.472
795.947
942.238
789.15
926.707
783.748
899.947
756.056
856.547
961.911
790.532
773.963
963.432
959.248
791.734
811.196
762.466
955.165
951.101
810.91
690.224
763.655
734.05
982.6
713.049
1007.25
722.15
868.914
939.467
759.72
1007.73
752.477
1001.87
990.116
987.522
745.904
979.85
762.717
977.45
1013.74
1010.05
1012.1
765.525
754.443
712.399
673.753
624.065
586.415
675.193
580.134
774.291
1003.06
998.96
744.451
795.047
977.432
796.132
985.21
955.052
717.532
832.529
789.041
781.182
1008.05
1009.02
834.783
947.981
715.096
817.724
636.312
646.076
686.986
767.216
599.604
631.26
795.408
726.113
682.59
771.184
842.286
644.403
581.244
719.946
809.913
889.402
768.122
869.259
907.978
789.81
931.446
795.818
944.925
807.036
921.271
960.257
776.13
798.422
799.776
939.142
890.876
794.104
752.672
793.093
842.463
958.627
815.594
949.317
809.181
953.989
961.017
968.037
768.242
788.483
962.211
780.817
764.332
964.035
965.707
769.693
777.18
962.945
760.954
765.06
961.625
782.219
701.061
791.868
764.44
957.114
670.955
971.152
765.718
759.743
766.357
952.602
974.067
989.81
924.609
1005.62
1000.72
759.322
999.768
746.243
1008.72
1011.73
739.586
995.145
984.922
760.143
726.171
1013.42
975.182
756.147
764.042
1013.51
1011.15
764.092
783.578
974.923
701.358
655.184
635.897
657.85
721.431
596.298
733.697
663.802
653.68
693.303
698.113
959.561
991.192
903.68
791.952
1005.17
734.741
806.23
793.276
926.955
903.645
785.804
821.738
969.276
841.663
865.202
956.252
822.489
839.152
957.375
952.413
807.712
788.472
795.597
968.116
794.09
964.677
841.41
940.349
800.745
961.732
959.138
811.403
810.141
740.674
767.559
710.49
705.567
667.974
864.742
955.515
826.829
811.662
808.623
726.205
793.781
777.297
1007.27
794.101
794.789
1008.95
1008.14
980.007
700.092
632.087
722.75
618.319
791.383
757.592
651.61
672.481
669.708
680.963
823.175
838.598
745.166
760.075
826.527
931.056
843.184
942.649
840.078
886.665
910.674
833.834
795.152
949.313
835.224
833.745
957.693
953.908
954.52
934.62
844.307
835.238
946.431
960.628
956.829
916.846
800.833
831.412
817.792
807.878
736.381
958.079
793.357
706.474
794.673
935.058
978.007
794.626
1005.36
997.002
992.636
791.077
785.308
972.485
760.982
1002.39
987.769
792.557
749.604
1000
780.78
770.668
1000.76
1008.61
794.421
1008.78
787.848
982.611
679.191
728.907
682.098
658.62
616.707
763.277
689.788
766.699
742.041
824.448
800.989
992.256
821.911
990.965
776.472
821.674
824.922
977.088
823.613
800.031
947.228
903.424
919.557
852.748
866.138
857.855
949.36
740.665
819.966
1000.19
999.805
1001.35
871.096
933.119
871.94
939.976
828.921
950.606
667.185
832.469
950.482
792.583
806.857
971.866
636.374
785.521
721.658
787.65
673.342
688.737
885.203
745.815
835.717
694.133
816.863
783.512
852.583
774.842
760.629
955.914
824.45
835.52
951.509
946.681
859.639
895.673
876.537
810.389
807.057
962.998
796.734
959.82
957.097
811.212
923.656
867.823
857.794
831.462
944.66
835.05
950.01
956.556
820.454
804.774
792.58
958.553
836.988
922.251
839.679
815.84
937.713
845.205
953.209
995.275
948.124
985.203
823.963
812.301
990.255
966.762
1003.86
793.958
1007.02
920.298
996.087
966.341
786.81
795.05
969.492
994.892
792.316
793.403
756.039
1006.3
970.119
794.65
823.881
1001.01
994.402
817.137
750.284
767.649
691.97
724.471
686.397
717.449
702.047
896.917
869.691
952.038
958.081
948.49
852.77
864.317
943.739
791.216
789.77
981.583
835.729
936.521
909.541
846.366
887.641
984.569
850.352
832.29
843.423
879.991
970.373
895.501
825.045
958.333
764.385
712.693
690.492
993.833
810.463
930.42
869.744
951.648
950.472
824.25
782.778
979.657
824.721
964.327
824.229
997.541
997.124
999.178
814.165
826.742
708.244
748.357
740.087
781.502
654.951
857.992
719.076
705.418
797.86
832.165
752.331
858.495
731.07
928.036
768.5
879.718
947.74
856.882
927.221
869.017
867.078
948.993
896.493
840.462
949.183
954.847
828.639
951.788
835.357
846.819
935.178
938.236
871.677
872.567
946.071
945.386
861.246
850.452
909.532
914.904
949.641
861.643
863.71
839.245
846.53
830.405
941.51
870.89
988.997
823.99
820.233
821.393
983.533
992.8
821.151
1001.01
1000.3
819.031
823.095
960.861
826.393
788.277
850.539
824.588
797.124
988.397
804.201
999.147
815.77
995.853
974.49
755.152
680.314
706.267
732.54
652.576
777.707
752.32
849.377
793.111
812.508
849.818
988.883
983.668
966.016
845.166
935.186
850.605
861.752
886.768
848.639
826.876
980.345
917.161
898.309
874.434
880.357
893.893
869.537
939.389
938.5
843.416
988.28
851.028
950.077
854.995
938.985
898.987
926.187
898.226
928.828
940.566
771.017
772.961
848.558
937.24
885.171
990.792
960.732
833.344
747.832
779.385
753.453
687.159
792.386
728.803
878.426
724.373
708.15
807.985
834.725
774.839
846.035
913.516
821.476
806.454
940.849
860.421
856.461
873.259
888.644
800.322
893.557
904.89
889.561
885.343
913.747
897.199
942.73
938.639
948.798
957.967
828.028
935.861
951.025
892.883
862.756
831.091
948.181
854.92
850.285
944.618
838.113
848.258
869.541
936.589
889.636
872.847
856.434
821.004
984.529
977.584
850.522
986.871
837.982
955.626
998.256
847.923
961.883
820.624
982.166
822.704
961.842
824.414
977.87
988.477
986.734
986.104
840.215
761.578
723.451
700.68
729.086
671.99
803.073
847.067
827.19
857.117
941.842
960.046
973.562
933.89
725.038
904.433
838.477
813.224
874.969
903.923
848.297
871.144
971.311
858.323
912.072
975.227
938.217
944.335
762.479
897.42
923.357
919.435
837.146
879.114
892.636
859.572
939.895
945.322
853.518
938.618
847.416
968.568
953.331
850.225
988.067
874.489
786.622
815.228
979.12
880.852
732.488
706.564
750.726
868.974
780.36
738.963
823.343
764.213
790.438
784.483
870.351
931.104
868.924
806.731
865.402
899.592
909.246
901.722
913.379
937.862
882.685
891.291
865.324
921.113
867.079
930.876
857.725
938.52
940.438
922.377
936.888
934.571
919.703
898.722
950.542
852.106
939.037
863.512
897.042
877.861
872.272
933.159
924.597
923.843
894.801
899.25
899.042
988.246
978.317
846.207
873.941
842.124
984.997
850.441
982.233
986.115
844.125
849.128
817.862
850.079
973.194
968.606
860.78
963.45
951.474
987.216
850.207
830.22
743.728
868.364
975.145
970.729
952.596
906.454
972.628
940.126
921.069
873.664
873.252
757.639
783.831
876.818
827.718
924
967.731
925.333
878.602
923.374
894.764
915.917
916.272
922.757
882.044
925.724
918.76
927.657
886.689
896.048
926.171
925.681
878.512
973.457
947.086
751.171
919.154
883.379
953.673
908.092
939.151
905.707
912.899
894.442
867.129
863.752
971.105
931.492
925.056
836.543
742.065
809.478
887.753
826.476
797.245
842.927
804.408
918.805
867.559
849.266
888.435
879.089
896.633
820.959
887.35
881.547
892.789
838.721
951.573
843.75
967.369
960.698
929.223
916.641
965.182
924.529
909.19
914.238
890.074
881.589
921.656
922.069
903.863
920.77
938.566
875.186
895.727
932.222
925.435
925.029
916.956
899.293
883.14
869.64
855.383
976.066
972.416
942.089
846.805
873.597
847.136
971.097
873.592
872.467
974.859
974.607
940.095
872.683
851.946
874.061
720.371
769.797
801.751
960.082
869.34
899.03
919.629
955.041
807.401
827.129
862.331
856.949
768.903
876.046
814.341
892.922
826.14
821.723
888.486
838.846
867.562
873.354
939.041
898.634
908.012
955.056
893.553
906.774
871.184
958.218
932.853
965.51
935.168
960.287
880.432
925.924
929.714
964.844
911.724
926.646
936.656
960.698
905.582
868.877
893.821
902.943
928.538
893.08
926.585
900.131
923.852
911.474
925.133
906.878
812.756
771.322
907.18
794.64
858.991
929.679
916.553
833.301
878.731
950.428
926.171
892.616
914.134
926.927
927.532
908.408
925.927
901.454
884.688
920.968
924.545
934.527
918.177
920.338
875.664
917.813
925.548
888.275
922.929
973.703
872.637
866.376
938.784
867.395
873.322
971.789
969.524
869.133
974.791
875.263
950.009
894.162
920.936
909.597
822.839
739.047
756.461
903.579
854.191
862.461
940.618
933.311
936.548
956.347
892.271
890.723
887.696
940.915
910.986
772.487
887.41
937.617
905.756
887.245
937.212
924.023
957.087
903.718
893.343
893.71
959.297
934.37
924.773
892.588
896.139
800.787
845.596
845.807
845.665
933.251
883.523
906.012
919.552
960.913
962.934
931.303
959.545
869.396
868.834
957.533
893.131
964.294
843.03
785.627
917.208
861.973
787.19
878.835
800.203
811.545
893.079
836.48
904.989
830.702
915.353
861.371
947.745
851.611
857.214
867.067
946.157
910.601
889.324
911.251
950.441
899.191
892.12
952.75
942.087
947.493
926.198
947.766
897.029
940.824
895.758
911.483
902.644
955.517
943.707
903.723
921.786
922.157
938.439
946.934
939.171
910.639
913.295
910.533
919.387
911.44
910.486
941.623
905.212
920.694
910.512
908.772
910.404
916.404
888.792
940.147
888.251
958.126
924.785
888.537
943.421
944.533
954.353
888.565
941.888
886.752
939.539
903.864
905.558
910.498
956.342
906.919
923.406
913.302
892.838
888.412
904.924
