663.255
724.754
576.709
536.195
969.517
919.587
906.188
662.452
660.065
656.099
650.572
643.502
634.915
624.843
613.342
600.408
586.199
570.657
553.874
554.537
572.696
588.391
606.037
616.459
633.559
641.986
655.177
665.007
676.111
681.526
692.198
699.447
701.389
709.419
710.49
719.485
719.326
724.557
724.585
730.769
726.946
731.273
731.811
732.441
735.66
732.112
734.517
736.07
738.882
735.695
740.543
739.775
740.079
739.126
735.435
738.426
736.079
739.017
733.463
741.062
738.942
735.605
744.329
733.041
738.816
737.515
737.666
733.509
736.566
748.037
740.401
748.259
757.381
745.897
749.743
750.671
756.802
742.506
766.919
760.237
765.28
769.366
763.357
785.367
775.415
782.982
778.304
790.485
776.12
765.066
773.864
769.557
777.037
761.736
793.091
773.634
803.769
789.442
795.244
787.046
802.985
767.98
776.222
768.672
760.715
765.814
725.983
731.248
724.409
698.745
673.03
684.65
675.79
659.922
646.803
647.945
645.915
616.108
578.684
616.45
628.934
643.952
662.442
676.039
689.561
700.014
709.04
715.906
720.84
723.775
758.368
789.631
819.025
846.028
870.94
893.611
914.153
932.614
949.074
963.63
976.38
987.434
996.904
1004.91
1011.58
1017.03
1021.41
1024.83
1027.43
1029.32
1030.62
1031.42
1031.82
1031.89
1031.69
1031.27
1030.66
1029.88
1028.93
1027.83
1026.57
1025.16
1023.57
1021.81
1019.87
1017.75
1015.46
1013.02
1010.45
1007.77
1005.04
1002.28
999.552
996.896
994.359
991.971
989.766
987.783
986.065
984.615
983.396
982.371
981.526
980.853
980.331
979.926
979.604
979.334
979.086
978.838
978.567
978.259
977.9
977.481
976.995
976.437
975.804
975.092
974.295
973.407
972.415
971.303
970.044
968.61
966.967
965.084
962.924
960.439
957.567
954.238
950.378
945.911
940.754
934.819
928.013
920.239
911.398
901.389
890.114
877.477
863.389
847.772
830.555
811.685
791.143
768.848
744.974
719.236
692.161
775.406
746.023
773.62
1020.18
985.943
1015.54
931.142
719.854
771.693
1013.82
997.869
674.258
975.379
802.739
796.858
813.202
933.319
769.694
899.967
976.927
846.476
805.571
973.489
798.117
788.675
977.936
660.835
705.95
844.459
754.398
767.453
768.999
773.295
764.334
1029.88
1029.07
988.052
1030.31
1026.22
780.981
984.35
826.401
818.658
810.123
968.465
952.695
963.508
771.813
981.703
673.459
767.548
654.436
677.625
748.047
611.645
623.926
979.827
775.063
695.514
771.07
1023.33
815.919
1008.79
772.368
971.811
605.669
757.006
640.682
717.704
683.587
687.984
574.303
788.007
627.225
646.247
715.127
810.434
869.448
976.272
803.139
807.294
958.878
802.147
944.386
801.393
918.773
776.657
876.111
977.433
804.422
783.652
978.648
974.826
802.288
827.663
773.713
970.823
967.036
827.589
704.142
775.091
746.386
1003.42
726.131
1023.54
735.795
892.148
962.143
771.061
1025.92
764.4
1018.24
1006.11
1003.37
757.961
995.206
773.035
992.658
1030.11
1027.8
1028.27
775.91
766.25
731.162
689.025
637.716
590.2
690.868
591.962
787.936
1021.37
1015.3
759.399
806.304
992.826
807.067
1001.12
970.544
732.396
847.284
800.792
794.004
1024.27
1025.6
847.572
963.71
733.005
840.176
650.036
660.508
703.036
781.356
612.117
637.715
817.346
743.577
697.143
789.869
865.187
658.058
593.06
739.504
829.285
912.689
789.177
888.718
926.529
807.821
948.843
808.478
961.353
820.643
939.241
975.86
794.787
810.307
816.851
956.016
909.952
806.603
775.482
804.119
862.058
974.197
832.851
965.392
825.39
969.716
976.625
982.923
778.163
800.671
977.673
792.757
771.474
979.16
980.676
778.909
788.106
978.25
771.67
776.988
977.191
793.875
715.306
801.91
775.941
972.696
685.34
986.069
775.816
770.476
778.09
974.89
995.414
1010.09
947.594
1021.95
1019.91
770.375
1016.11
757.76
1024.96
1029.09
752.001
1011.37
1000.6
772.311
739.436
1029.68
990.265
767.857
774.346
1030.26
1027.32
774.175
796.193
990.143
719.412
670.079
650.026
672.081
740.697
608.827
753.523
679.659
666.743
709.597
714.593
981.463
1011.05
926.83
803.956
1021.37
749.682
825.474
804.579
944.249
922.082
802.281
840.33
984.468
860.53
884.537
971.749
835.719
854.106
972.698
967.904
818.758
800.754
805.63
982.935
803.233
979.391
857.327
956.682
810.849
976.46
974.097
833.625
823.677
760.454
786.116
727.366
720.984
682.272
887.887
971.015
840.847
822.901
820.227
740.923
805.554
790.8
1023.45
804.565
805.983
1025.36
1025.24
995.581
716.449
645.951
740.089
631.53
813.195
778.255
665.529
686.761
685.079
695.284
842.583
858.066
760.33
775.396
845.146
948.082
861.667
958.795
854.755
905.622
928.825
846.577
812.582
964.95
850.446
848.82
972.937
969.385
970.003
951.395
862.109
848.251
962.276
975.414
972.271
934.707
811.202
850.165
830.025
825.929
751.364
973.231
804.608
721.249
806.912
957.739
998.934
807.044
1023.22
1013.34
1008.9
803.122
797.822
987.546
775.011
1018.68
1003.83
803.476
764.009
1018.81
794.161
784.555
1017.08
1024.9
805.413
1025.6
799.65
998.361
694.936
747.937
697.145
673.553
629.959
784.171
705.256
782.823
757.837
837.133
814.971
1011.25
834.389
1007.27
791.648
840.367
837.255
992.866
834.992
819.064
962.556
921.388
936.674
872.32
884.481
872.208
964.456
759.481
832.981
1017.41
1016.05
1018
887.244
949.297
886.884
955.55
839.721
964.919
682.37
845.509
966.05
807.007
820.449
987.26
650.325
807.104
736.673
806.614
688.421
704.034
908.422
763.819
858.401
708.628
836.06
799.98
872.022
790.438
776.066
971.417
837.931
849.46
967.029
962.004
874.03
914.382
895.706
821.601
818.337
977.698
806.222
974.688
972.487
822.517
940.508
885.567
877.04
850.545
960.645
848.584
964.913
972.032
833.393
815.839
803.924
973.609
852.266
939.824
858.621
834.286
954.256
862.199
968.687
1013.76
970.446
1005.6
836.018
825.728
1006.43
981.76
1020.11
806.246
1024.48
943.262
1015.41
981.092
799.244
804.602
990.923
1011.21
804.455
804.473
770.202
1022.49
985.04
804.847
835.688
1017.48
1010.67
830.217
770.591
788.311
708.128
741.743
702.401
734.589
718.598
919.95
888.656
974.012
973.003
963.804
866.569
878.987
959.108
809.954
808.757
1000.77
849.949
951.621
926.409
867.052
902.411
1000.76
863.116
843.18
855.866
900.249
991.447
913.616
835.973
972.825
783.894
729.453
706.111
1010.51
828.612
946.797
886.486
966.235
965.268
836.956
797.795
995.601
837.225
979.149
835.387
1015.56
1013.33
1015.38
827.437
849.046
724.04
764.28
757.882
800.253
669.472
880.944
734.979
721.19
815.119
851.423
768.018
877.623
746.944
950.693
783.74
898.474
963.072
871.042
943.822
886.251
881.695
964.233
914.738
852.465
964.36
969.242
839.477
966.262
846.487
859.68
951.179
953.929
887.305
887.617
961.39
960.71
875.648
864.05
927.21
932.298
964.646
880.639
882.526
858.795
866.265
841.159
956.995
885.63
1005.29
835.593
833.084
834.048
1003.58
1009.09
833.583
1017.9
1016.64
832.129
835.707
975.427
837.27
803.025
863.16
837.197
811.313
1007.91
817.967
1016.74
828.907
1012.09
990.083
775.052
696.016
722.093
750.056
667.169
798.916
768.804
868.217
809.288
828.003
862.86
1006.2
999.889
981.608
858.574
950.285
862.732
873.501
904.742
861.795
841.748
996.585
933.532
915.321
887.777
894.722
908.863
882.757
953.836
953.389
857.019
1004.54
862.66
964.33
866.345
952.841
915.343
942.214
913.988
944.178
954.666
789.177
791.417
871.155
952.342
899.9
1007.33
975.884
847.774
765.96
799.899
771.507
702.93
813.659
744.552
901.487
740.61
724.128
826.89
855.244
791.287
865.265
936.408
841.672
826.14
963.196
879.101
877.169
893.737
907.155
816.281
911.255
922.029
908.954
905.247
930.36
914.721
958.147
953.321
964.084
972.441
838.878
950.96
965.714
911.628
877.288
841.86
963.511
868.886
863.157
959.957
849.642
861.545
884.109
952.425
904.442
888.061
867.74
833.518
1003.19
998.153
862.987
1003.13
852.014
970.331
1014.44
861.106
983.429
833.354
998.247
837.785
976.506
835.422
997.578
1005.39
1004.91
1002.28
854.09
779.922
740.624
716.979
745.633
687.14
824.913
860.351
847.664
877.998
963.851
981.257
989.631
949.017
741.717
927.159
856.963
829.979
892.605
924.526
863.682
884.805
990.119
873.071
927.53
992.647
953.288
958.932
780.567
913.989
938.174
938.234
856.089
897.35
907.504
871.078
954.222
959.37
864.964
953.591
860.629
984.349
967.84
862.189
1004.27
887.941
806.69
836.961
995.785
892.9
749.762
722.844
768.047
891.732
798.731
755.36
842.313
780.711
810.004
800.819
888.826
953.422
889.89
822.452
886.016
917.009
929.528
918.052
933.235
952.957
897.278
906.127
877.814
939.358
879.923
946.148
869.093
953.311
954.651
937.193
950.772
949.678
935.8
915.332
964.761
863.633
953.606
875.623
912.655
891.954
885.845
948.319
940.383
939.268
909.995
915.437
914.966
1005.97
994.535
859.552
887.155
855.859
1001.19
862.74
998.473
1002.5
857.616
862.238
833.144
863.038
993.424
987.939
875.344
978.831
965.825
1003.39
861.994
844.866
761.425
882.304
991.386
986.859
967.958
921.544
988.743
954.029
935.903
885.814
885.961
774.76
800.991
898.133
844.018
944.795
983.86
940.139
893.809
940.178
908.749
931.527
931.357
938.447
894.208
940.27
934.312
941.344
899.433
909.957
940.07
939.856
890.531
991.757
961.949
768.843
941.319
899.614
973.117
922.58
958.135
921.825
928.628
908.314
881.296
878.18
987.568
945.083
938.48
858.59
759.018
829.568
910.551
845.065
815.791
863.648
821.334
941.366
885.453
867.595
909.374
900.073
917.446
837.496
904.442
898.914
909.618
854.546
973.211
859.352
988.103
981.066
949.652
935.992
985.041
939.349
924.482
929.8
903.33
893.675
936.476
939.786
918.71
935.632
953.6
889.019
911.165
947.43
939.863
940.686
932.561
915.369
895.46
883.326
870.337
992.228
989.502
956.443
860.111
886.661
860.385
987.039
887.188
886.096
992.691
990.776
954.232
885.181
867.109
887.595
737.192
788.697
822.734
975.982
883.12
913.286
935.177
970.612
827.89
847.937
883.542
879.212
786.86
898.433
832.521
915.33
844.219
839.171
909.832
855.896
884.543
890.075
960.686
919.96
929.255
975.902
907.655
921.256
886.794
976.615
948.58
981.6
950.981
977.774
895.434
940.702
945.303
981.638
926.102
942.06
952.507
976.843
920.09
882.59
907.549
915.686
942.741
906.317
940.52
912.848
940.285
926.966
941.26
922.088
831.373
788.503
929.509
811.702
877.119
951.618
937.624
849.352
895.208
970.387
940.823
906.184
929.278
940.71
941.141
924.372
939.965
916.023
897.21
936.558
940.413
948.215
933.185
935.237
887.713
933.391
939.855
901.257
940.167
989.833
884.941
880.687
952.75
881.422
886.213
987.909
985.663
883.016
991.101
890.667
965.133
908.216
934.189
924.09
844.163
756.271
773.968
916.313
871.692
878.518
961.491
953.307
956.057
975.262
906.387
904.831
903.706
959.372
925.148
790.161
901.785
953.47
920.304
901.861
952.289
939.232
973.08
916.555
906.916
906.456
975.355
949.173
938.469
905.634
908.828
818.99
866.639
863.535
862.469
954.489
898.392
920.5
934.5
978.115
978.95
945.805
977.458
883.225
882.574
973.284
906.539
980.574
864.611
803.76
930.468
883.739
804.929
900.709
817.913
829.151
914.969
854.405
926.818
847.966
937.059
878.621
969.025
868.155
873.506
882.896
966.598
925.077
903.422
925.688
966.358
914.82
907.923
968.723
960.034
963.311
940.926
964.753
912.334
957.417
910.89
925.767
917.441
971.516
959.634
918.672
936.763
935.511
954.27
963.042
954.973
924.363
926.532
924.557
934.089
924.745
924.37
957.449
918.206
933.946
923.936
922.217
923.981
930.787
903.034
955.938
902.552
974.137
946.301
902.642
960.886
960.212
970.349
902.747
957.396
901.224
954.846
918.575
920.151
924.234
972.336
920.118
936.908
927.347
905.717
902.546
919.569
