615.944
665.717
535.665
504.949
912.895
875.048
855.287
615.252
613.167
609.699
604.864
598.68
591.175
582.383
572.331
561.084
548.666
535.132
520.619
521.454
536.759
552.047
565.063
579.956
590.612
603.722
613.466
623.587
631.763
641.21
647.453
653.941
661.591
665.735
672.172
674.437
679.888
682.217
686.41
687.314
691.923
692.746
694.917
696.697
697.103
699.973
700.244
701.004
700.829
703.022
701.836
702.874
703.19
703.818
705.514
704.517
705.829
704.69
707.136
704.492
705.498
707.109
704.006
708.58
706.694
708.031
708.528
710.86
711.234
708.672
713.094
712.187
710.906
716.847
717.115
719.633
719.017
727.032
720.691
726
726.381
727.075
731.769
726.119
732.197
730.467
734.344
731.234
736.902
740.973
738.591
741.556
738.298
745.131
733.7
741.703
730.123
735.198
729.761
731.568
721.83
729.371
720.647
717.353
713.138
702.356
705.207
691.972
683.165
675.839
669.006
649.816
636.281
621.906
606.29
585.852
564.945
549.014
555.366
569.187
587.803
601.271
613.972
626.447
636.372
645.363
652.582
658.332
662.424
664.895
694.696
722.366
748.469
773.102
796.102
817.518
837.301
855.474
872.054
887.078
900.592
912.655
923.334
932.702
940.84
947.835
953.772
958.743
962.834
966.134
968.724
970.684
972.088
973.009
973.509
973.639
973.441
972.95
972.203
971.229
970.051
968.691
967.165
965.49
963.681
961.755
959.728
957.619
955.448
953.237
951.008
948.787
946.596
944.459
942.397
940.426
938.56
936.827
935.262
933.866
932.614
931.48
930.464
929.571
928.798
928.128
927.542
927.023
926.551
926.11
925.68
925.246
924.791
924.299
923.752
923.137
922.436
921.636
920.719
919.667
918.459
917.071
915.473
913.629
911.507
909.074
906.295
903.125
899.509
895.386
890.695
885.372
879.354
872.574
864.962
856.452
846.975
836.468
824.868
812.121
798.178
782.997
766.548
748.816
729.777
709.476
687.859
665.078
641.027
736.241
699.935
733.211
963.919
911.21
946.322
854.136
676.029
738.441
958.162
945.046
625.491
922.256
723.712
768.95
754.94
871.207
679.773
835.188
924.173
781.845
770.206
920.147
758.418
751.873
926.027
613.587
651.16
771.736
713.874
729.771
740.34
739.987
721.125
969.126
971.87
937.01
971.438
969.654
739.314
933.718
770.289
774.761
770.955
914.005
893.966
907.614
745.506
931.094
629.897
708.327
610.955
628.272
685.992
570.639
581.417
928.934
747.092
648.357
735.623
957.209
770.494
953.886
730.932
918.183
602.456
693.526
588.745
663.739
633.494
637.35
537.912
720.976
586.754
599.477
660.775
747.708
794.793
923.29
762.384
776.153
901.683
768.478
883.975
743.58
855.124
709.188
810.9
925.04
750.888
748.254
927.277
921.643
767.844
767.884
735.976
916.979
912.168
771.243
658.796
736.952
706.516
931.218
683.669
967.117
688.738
816.222
885.682
732.415
961.292
724.352
962.111
951.678
949.452
716.444
942.91
737.84
940.847
971.937
964.586
971.378
737.44
725.995
672.032
638.871
593.381
580.903
639.881
553.696
741.155
956.672
959.216
708.195
767.088
940.402
767.548
947.008
917.779
682.708
794.435
761.64
751.149
967.149
966.754
806.81
909.587
675.759
768.038
604.858
613.681
650.888
732.31
571.595
617.198
747.01
686.621
645.291
728.648
791.084
614.447
554.932
672.958
765.421
835.989
717.849
823.616
863.614
749.629
889.285
767.976
904.842
770.705
877.972
922.8
738.548
772.295
757.357
898.079
845.67
762.282
694.824
769.844
796.99
920.945
768.086
910.046
770.484
915.596
923.742
932.346
741.267
760.485
925.51
753.782
750.89
928.045
929.956
743.637
749.716
926.61
736.086
735.032
924.601
758.726
666.514
774.123
735.965
919.232
637.665
935.281
740.246
735.481
735.387
899.17
921.868
939.341
870.687
965.593
952.249
733.898
960.187
720.751
968.477
967.171
709.537
956.055
947.234
729.336
695.816
972.069
938.877
727.44
737.246
970.525
970.629
739.247
753.113
938.272
662.609
621.671
604.147
624.219
679.915
568.121
690.577
632.922
607.826
656.635
661.012
906.883
941.789
850.24
764.034
964.936
703.506
762.041
766.901
885.069
859.575
752.071
780.779
932.704
795.219
819.866
919.252
791.663
799.444
920.976
914.779
781.515
758.272
770.019
932.382
773.336
929.252
804.202
900.524
772.851
926.39
923.475
762.452
777.299
698.024
725.327
672.363
670.04
635.121
812.475
918.321
795.314
784.944
775.495
692.869
765.807
744.807
966.653
769.513
767.718
967.233
964.469
942.582
661.93
601.027
683.549
588.758
743.452
712.752
621.253
629.879
635.172
649.344
778.384
793.433
720.427
731.783
786.339
889.726
797.841
903.247
804.658
841.761
867.113
806.348
762.084
911.167
798.089
796.635
921.483
916.477
917.17
893.825
799.691
807.158
907.745
925.229
920.092
873.831
775.353
790.874
787.757
767.21
700.579
922.06
767.266
672.6
764.82
881.568
926.766
764.216
959.943
957.413
953.476
762.046
755.237
936.187
728.247
962.407
949.21
768.391
716.261
952.614
747.242
737.308
960.887
967.349
768.394
965.863
760.66
944.791
643.796
687.725
647.292
625.098
586.951
717.721
654.492
723.442
705.482
793.657
767.833
944.987
792.741
951.5
740.425
774.791
794.361
939.278
796.541
756.349
910.383
860.346
878.134
808.715
827.885
827.12
913.461
698.893
787.937
956.667
959.098
959.246
833.936
893.71
833.631
902.005
802.294
916.042
632.939
806.317
912.542
758.912
774.98
934.878
604.92
738.306
686.618
744.321
638.55
651.404
832.189
705.034
785.241
661.502
772.582
737.288
807.243
741.357
725
918.809
793.457
803.205
913.738
909.755
828.607
851.147
831.353
782.731
779.298
927.655
773.444
924.306
920.521
788.788
882.784
830.489
814.384
784.56
905.637
808.002
914.51
919.677
789.809
775.365
766.975
922.72
799.292
879.8
791.252
774.354
897.422
800.509
915.686
948.998
894.947
934.845
795.305
779.882
951.375
930.59
963.763
763.679
962.517
866.71
947.683
930.791
757.089
771.35
917.467
955.496
762.591
767.407
722.165
965.907
934.137
769.682
795.563
959.452
954.666
785.792
706.39
722.674
655.497
684.658
653.482
678.709
664.672
844.084
825.014
899.738
922.14
911.938
820.856
832.656
906.38
748.246
745.997
934.534
801.49
900.265
868.765
800.586
852.289
945.74
820.43
807.439
812.605
834.539
919.39
852.486
797.687
923.247
720.994
674.812
655.405
951.923
763.781
890.568
833.881
916.681
915.167
793.073
747.167
941.47
794.274
928.525
796.328
952.229
957.12
958.768
782.134
777.268
672.398
707.836
699.798
738.681
622.351
806.425
681.968
668.63
751.043
787.51
715.338
813.668
694.27
875.044
733.432
835.316
910.98
824.503
886.882
832.431
832.429
912.727
852.912
811.026
913.092
920.065
800.411
916.988
808.163
813.907
896.173
899.968
834.21
833.794
909.059
908.279
830.023
819.023
866.993
872.922
913.941
819.423
824.585
794.225
802.064
803.311
903.78
833.058
949.702
795.776
789.351
790.768
934.302
953.191
792.254
958.255
959.211
786.667
792.897
925.671
798.276
753.052
820.335
794.001
763.563
940.135
771.516
954.756
784.099
955.991
937.084
711.72
644.901
668.894
692.908
619.707
731.472
714.429
805.251
754.588
775.593
819.252
945.588
944.288
928.746
813.263
898.761
820.874
831.277
843.869
817.385
790.888
941.264
877.431
857.065
842.378
846.731
857.652
838.24
904.8
903.059
810.604
947.886
822.324
915.459
826.877
905.241
859.713
887.182
861.909
891.464
906.498
728.4
730.845
797.969
901.065
850.567
949.378
924.342
798.189
706.171
734.254
712.411
651.527
745.709
690.608
826.069
687.721
672.029
764.408
789.199
736.599
801.204
860.479
776.377
761.989
888.111
816.443
810.62
827.498
844.614
762.602
851.155
863.565
845.205
840.353
873.5
855.04
905.202
903.632
912.377
922.988
798.878
899.522
915.9
848.995
831.343
805.324
911.516
822.56
820.109
907.397
809.297
816.918
832.243
897.971
853.965
833.514
827.79
791.637
938.453
927.436
820.477
947.786
804.199
920.105
958.074
816.084
910.175
790.338
943.636
786.262
926.379
796.766
929.855
946.165
941.614
946.437
806.755
719.847
684.617
663.887
689.78
637.809
755.117
815.192
781.048
809.888
890.098
909.466
935.195
897.243
686.894
852.144
795.211
773.925
832.919
857.068
811.51
838.475
925.577
822.73
876.086
932.219
902.258
909.16
721.228
857.428
887.824
875.448
793.013
835.772
856.533
829.893
905.498
911.173
825.599
902.972
815.275
930.896
918.193
820.998
947.968
842.195
741.673
767.035
937.742
850.613
693.253
669.482
709.59
817.529
738.255
701.7
779.383
725.954
746.099
745.882
826.642
878.986
821.464
769.459
819.418
857.721
862.983
862.221
867.783
901.782
848.563
855.338
834.663
878.035
836.06
893.722
828.847
903.294
906.208
886.771
903.181
898.042
880.582
858.347
916.025
823.814
904.237
833.001
861.05
844.798
840.819
896.368
886.171
886.299
858.873
860.769
862.211
944.053
939.429
814.139
842.286
808.955
945.48
820.683
942.989
945.346
812.032
818.43
780.957
819.693
924.249
921.914
825.562
926.608
916.65
947.358
821.264
794.68
703.516
834.494
935.151
931.805
915.989
871.242
933.406
906.199
885.265
843.692
842.571
718.046
743.929
827.705
788.991
876.082
929.131
889.96
841.801
882.956
861.494
879.371
879.608
884.871
851.677
891.057
881.729
894.422
855.6
862.793
892.659
891.725
848.378
928.668
911.429
710.889
867.817
844.24
907.502
873.401
894.59
866.654
874.681
861.412
832.808
828.842
930.486
898.234
892.202
787.193
703.026
764.16
835.743
783.192
754.52
796.169
764.848
866.488
825.071
806.152
840.959
831.547
849.372
781.852
846.315
839.988
852.268
801.051
900.344
806.525
917.558
912.176
882.012
871.833
917.549
889.06
873.552
877.93
858.095
851.341
885.96
879.892
869.076
884.827
902.745
842.761
859.968
895.262
891.015
886.91
880.213
861.885
852.651
837.031
819.497
937.413
930.249
907.348
814.715
842.257
815.012
933.058
840.962
839.759
930.985
934.926
905.741
842.297
815.622
841.58
682.255
726.688
755.079
922.307
836.218
865.228
882.43
918.015
761.21
779.863
813.569
806.653
727.769
825.068
772.04
841.553
783.854
780.693
839.316
798.417
826.969
833.25
888.449
849.577
859.184
905.721
859.974
872.014
833.478
913.943
895.963
927.131
898.023
917.716
844.109
890.669
893.161
923.561
877.479
890.465
899.307
921.166
870.608
836.22
861.049
871.451
894.228
861.109
892.719
868.754
884.256
873.822
886.102
869.926
769.641
731.488
855.707
754.796
816.141
878.644
868.103
795.069
839.101
903.33
891.265
860.061
877.321
893.575
894.399
869.682
892.198
867.123
853.997
883.507
886.129
901.051
881.719
884.239
845.686
880.94
891.358
856.763
881.663
934.278
842.517
831.742
904.739
833.285
842.285
932.723
930.745
835.553
934.551
837.997
913.86
860.729
888.364
874.968
774.948
699.884
716.476
872.095
812.674
823.844
891.906
886.916
891.045
911.126
858.602
856.989
849.024
897.283
877.207
731.905
852.67
900.092
870.62
851.848
901.383
888.238
918.429
872.039
860.849
862.408
920.123
899.032
891.31
860.907
864.861
758.653
797.467
803.94
805.668
883.916
847.506
871.155
883.28
918.892
924.83
896.489
916.161
836.075
836.006
920.115
860.908
924.306
794.105
743.877
884.773
812.255
746.21
828.611
759.035
770.389
842.648
794.348
854.602
789.912
865.183
820.285
897.711
812.093
818.145
828.905
898.202
876.071
855.53
876.85
912.715
861.299
853.882
914.776
899.345
910.08
891.097
906.566
859.903
900.488
859.051
877.452
866.749
917.192
904.765
867.431
886.414
889.317
900.722
907.466
901.241
877.339
880.978
877.014
884.464
879.064
877.213
903.096
873.225
888.078
877.979
875.955
877.637
882.008
854.423
901.953
853.709
919.24
874.964
854.652
901.489
907.478
916.191
854.387
905.217
851.751
903.275
868.203
870.263
877.476
917.863
874.551
890.287
879.456
861.38
854.388
869.455
