542.56
593.019
490.219
457.293
810.698
768.901
751.44
542.024
540.417
537.744
534.02
529.259
523.483
516.715
508.988
500.335
490.788
480.412
469.207
469.841
481.973
493.594
504.723
515.321
525.377
534.894
543.833
552.267
560.047
567.455
574.109
580.39
586.133
591.39
596.168
600.48
604.511
607.962
611.13
613.903
616.587
618.424
620.627
622.048
623.734
624.543
626.001
626.567
627.439
627.905
628.484
628.698
629.146
629.332
629.49
629.67
629.723
630.098
629.656
630.621
630.085
631.041
630.508
631.518
631.594
632.075
633.061
633.647
634.584
634.972
637.023
636.783
638.795
639.502
641.778
642.704
644.163
645.74
647.201
648.705
649.922
652.493
652.754
656.624
656.429
658.984
659.427
661.694
661.908
662.049
664.051
662.742
665.881
663.197
665.48
663.058
663.812
661.032
658.567
657.196
653.574
651.441
645.621
643.849
637.248
632.276
625.276
618.857
609.553
603.41
592.14
583.207
571.029
561.194
546.204
534.422
519.849
505.747
505.039
518.278
530.916
542.421
552.775
562.103
570.192
577.125
582.816
587.271
590.461
592.38
616.374
638.756
660.123
680.411
699.593
717.628
734.504
750.207
764.738
778.104
790.322
801.416
811.414
820.353
828.274
835.221
841.244
846.392
850.718
854.275
857.115
859.29
860.854
861.861
862.363
862.405
862.029
861.277
860.191
858.813
857.182
855.335
853.305
851.126
848.829
846.444
843.998
841.52
839.033
836.563
834.13
831.757
829.46
827.256
825.162
823.183
821.329
819.618
818.078
816.707
815.482
814.383
813.412
812.573
811.865
811.275
810.789
810.391
810.067
809.797
809.564
809.347
809.126
808.879
808.582
808.211
807.743
807.153
806.416
805.505
804.393
803.052
801.447
799.546
797.317
794.731
791.761
788.372
784.524
780.178
775.293
769.832
763.757
757.033
749.624
741.497
732.619
722.964
712.505
701.222
689.1
676.128
662.301
647.619
632.095
615.736
598.575
580.628
561.947
655.666
619.597
653.925
849.801
800.224
833.947
749.132
595.857
655.831
842.69
828.185
553.363
807.36
651.173
682.237
676.211
755.938
615.321
721.951
808.338
675.228
688.159
805.934
676.862
669.649
809.559
540.818
582.374
679.328
632.317
648.975
657.514
658.8
641.216
857.955
860.685
820.064
860.514
857.472
659.892
816.825
694.136
691.855
688.77
800.247
779.028
793.54
662.179
814.251
567.218
614.841
549.101
552.125
609.589
508.403
516.046
812.172
664.769
572.108
654.881
845.09
690.682
837.736
651.351
804.29
537.122
615.46
535.666
579.586
556.147
559.117
482.715
637.657
520.518
532.079
592.512
646.756
698.555
807.902
679.881
690.002
787.199
683.083
768.706
664.569
740.439
635.606
700.262
808.839
672.988
667.115
810.631
806.99
685.321
692.363
655.299
803.182
798.351
692.033
580.661
655.759
624.323
819.115
602.558
854.001
608.747
716.598
776.969
652.604
849.404
643.975
847.509
835.271
832.845
635.723
825.987
656.766
823.893
861.015
852.952
859.932
657.272
645.696
598.705
572.481
525.275
521.113
561.067
494.696
655.027
845.468
845.839
623.175
680.994
824.369
681.322
831.404
803.703
599.735
710.456
675.769
664.915
856.645
856.499
719.161
796.631
602.085
676.408
535.083
541.006
569.666
646.369
508.604
551.849
658.969
597.614
578.479
631.216
695.619
543.03
495.761
603.726
661.422
733.456
643.165
711.517
748.547
668.995
774.154
685.545
790.577
692.493
762.646
807.656
658.03
689.899
678.844
783.363
731.583
682.749
624.119
686.079
688.17
806.523
694.211
796.124
692.198
801.844
808.122
815.475
660.702
678.939
809.163
671.539
665.32
811.336
813.149
662.163
667.734
810.043
655.006
655.513
808.57
674.96
588.413
688.485
655.841
805.199
563.066
818.36
658.996
654.308
656.505
789.158
810.198
827.016
763.633
851.976
839.954
653.197
845.13
638.766
855.844
855.786
628.425
840.217
830.477
650.752
614.414
861.059
821.917
647.726
656.343
859.513
858.847
658.101
667.157
822.184
591.239
547.041
533.548
561.233
604.849
505.873
613.161
566.716
552.485
574.099
577.479
796.659
830.128
746.008
678.07
853.456
625.556
658.784
680.077
770.75
745.32
666.938
695.465
818.047
711.367
708.559
804.464
703.711
716.711
805.483
801.554
693.834
673.149
682.874
816.282
684.785
813.201
719.237
787.062
686.49
810.448
807.631
672.011
686.258
619.703
628.63
586.585
599.62
559.445
713.622
804.001
707.389
696.694
690.342
608.25
679.697
658.641
855.896
682.074
680.863
856.984
853.967
826.645
591.43
531.246
595.234
522.067
656.17
631.221
547.564
568.692
557.553
570.578
672.522
685.381
637.27
648.693
699.293
775.598
713.581
789.976
720.333
728.479
752.658
719.029
675.192
798.219
713.415
711.546
805.872
802.87
803.335
779.917
716.307
720.664
794.732
809.32
804.904
759.319
688.299
704.388
700.297
682.594
615.953
806.353
680.256
590.721
679.423
773.626
815.401
678.937
848.988
843.563
838.776
676.566
669.567
820.08
641.371
850.011
833.852
680.294
629.816
841.187
661.908
651.011
848
857.017
681.452
855.519
674.248
828.994
564.199
611.604
579.73
549.789
520.453
635.107
574.495
643.743
617.508
702.534
676.012
834.718
701.439
839.344
649.326
688.508
703.194
825.007
704.197
654.339
797.663
747.24
765.161
718.344
736.312
733.643
799.38
621.078
697.821
847.304
849.771
850.078
743.367
781.525
744.952
790.426
709.637
802.098
556.178
717.779
799.55
666.847
683.273
820.302
534.605
652.14
612.691
644.114
561.707
583.798
730.426
612.281
691.001
580.981
667.982
656.346
697.387
657.507
634.701
804.249
705.965
717.216
800.652
797.275
735.691
737.272
718.916
695.28
691.754
811.685
685.672
808.42
805.168
698.704
769.997
739.206
724.384
697.224
792.517
719.733
800.23
804.678
701.984
688.664
679.891
806.937
714.787
765.343
708.062
689.217
783.74
718.77
802.285
838.939
785.702
823.246
703.125
689.101
836.319
815.888
851.841
678.63
851.805
760.425
836.091
814.7
671.373
683.991
806.549
841.201
677.45
680.481
635.87
854.82
818.04
682.362
703.474
850.325
843.46
695.17
626.258
639.878
573.57
609.848
583.875
591.489
580.648
741.083
713.903
790.777
809.373
798.504
728.452
740.25
794.63
647.993
661.318
825.871
705.886
789.4
757.634
708.259
756.214
832.321
723.579
713.726
720.149
739.683
809.255
757.736
705.706
808.791
639.206
588.879
574.336
843.821
678.891
778.197
742
802.237
800.812
702.248
655.702
827.429
702.858
813.813
704.37
842.409
846.813
849.17
691.392
684.693
600.177
629.955
608.215
639.713
548.351
708.82
597.572
586.444
667.786
680.736
626.378
703.673
607.878
768.339
642.324
723.368
798.008
732.279
774.316
740.921
741.927
798.914
740.003
718.088
799.131
805.593
708.461
802.638
715.154
722.008
784.186
788.348
744.087
744.764
796.805
796.226
737.396
726.386
753.831
759.813
799.753
728.911
732.898
705.103
712.13
710.551
792.176
744.195
837.092
703.654
698.927
700.308
823.827
841.503
701.079
849.019
850.057
696.766
701.821
810.527
706.336
661.511
723.772
702.695
671.612
829.713
679.875
845.177
693.486
845.25
822.634
631.227
565.392
597.421
602.875
545.967
646.788
623.476
697.047
659.547
679.448
722.938
837.858
834.7
816.305
718.078
788.386
724.246
734.323
732.805
721.767
694.89
830.74
766.668
762.856
741.77
749.33
762.948
740.728
792.402
790.977
715.453
840.207
725.514
802.571
729.564
793.531
765.74
776.223
766.995
781.812
794.117
646.654
633.597
702.088
789.916
753.762
841.711
811.636
702.593
627.487
649.747
618.58
570.911
658.819
615.122
725.548
600.749
587.887
661.569
698.175
642.971
692.641
755.415
687.132
674.74
780.118
707.14
717.315
733.049
732.077
666.874
739.904
752.308
750.009
745.117
762.52
760.475
793.544
791.386
798.735
808.173
707.343
788.915
801.489
754.129
738.967
712.317
798.299
730.207
723.465
795.514
716.375
724.211
743.348
786.216
758.173
744.912
730.642
700.639
829.987
817.041
723.869
834.751
708.679
807.298
848.15
720.951
800.508
699.696
829.88
690.232
811.709
704.883
821.046
838.764
833.375
837.753
711.394
624.364
596.459
580.432
614.543
560.31
666.241
720.141
690.149
715.283
782.854
801.004
823.529
787.206
599.558
748.7
689.165
674.712
724.108
758.439
711.315
738.969
819.096
723.051
775.446
826.45
790.615
798.716
626.096
748.514
779.247
776.965
686.208
725.063
761.476
732.824
793.051
798.516
728.317
790.98
720.372
818.666
805.366
724.338
839.971
741.671
656.399
676.567
831.757
749.072
603.722
585.4
631.071
718.72
640.167
612.512
674.358
633.563
660.549
651.516
716.509
772.669
725.62
673.449
725.533
746.414
764.256
753.407
769.073
790.36
751.452
759.915
737.483
779.751
738.835
783.953
731.787
791.124
793.741
778.501
791.577
787.853
770.225
764.541
802.673
726.857
791.895
735.862
766.039
747.274
743.081
786.439
776.016
777.117
763.942
766.677
767.572
836.052
828.481
719.08
741.549
713.699
836.359
724.046
832.91
838.238
716.724
722.353
684.954
723.225
815.389
815.228
726.112
814.001
803.775
839.041
724.572
698.85
611.675
735.619
829.35
824.19
805.771
770.37
826.725
794.886
777.405
742.989
741.788
625.506
647.728
729.911
689.084
774.249
820.559
780.727
738.617
785.014
757.31
779.432
772.14
786.898
750.243
781.223
783.141
784.303
754.104
761.423
782.631
781.739
747.089
822.397
801.016
618.063
763.548
737.853
803.09
767.472
792.921
757.918
766.084
757.159
733.583
729.386
825.611
787.965
782.819
693.478
612.914
675.754
734.39
678.509
653.818
703.213
666.393
761.404
716.589
699.039
743.369
734.765
751.191
682.218
737.297
731.007
743.249
700.905
792.38
706.314
808.789
805.283
780.045
773.215
810.703
780.128
772.835
777.613
756.722
749.807
777.924
781.768
768.081
777.051
790.894
745.188
764.835
785.415
781.15
777.023
780.735
767.296
751.281
737.83
719.578
826.078
825.1
796.843
719.731
741.494
720.156
821.084
740.855
739.974
824.94
828.881
795.181
741.634
715.581
741.251
595.195
644.377
667.064
812.784
737.318
763.887
784.236
807.994
672.752
688.535
717.51
709.987
632.006
725.785
669.779
740.121
680.259
678.985
740.313
695.421
720.629
726.838
782.564
749.636
758.449
798.926
756.286
766.45
730.109
809.939
792.111
818.179
794.499
814.117
741.225
781.18
789.1
819.625
770.323
786.235
796.233
817.479
765.428
737.233
756.834
766.369
786.458
756.885
784.86
763.62
786.319
765.995
788.048
763.352
666.723
636.953
752.637
657.363
708.217
773.457
766.725
695.079
732.651
798.762
781.459
758.75
769.997
783.484
784.39
761.021
782.174
765.961
752.568
785.494
788.049
790.411
774.15
776.52
744.715
781.89
781.421
755.298
783.594
827.941
741.921
732.262
794.042
734.402
741.521
825.591
822.617
736.634
828.971
734.697
803.496
756.789
779.927
768.628
683.714
609.528
623.228
766.684
706.765
720.365
787.42
784.968
789.213
806.896
755.289
754.096
742.705
795.829
769.958
636.181
750.395
797.518
765.437
749.089
793.694
783.808
814.068
767.058
756.648
758.184
816.322
791.262
783.388
756.776
760.319
658.136
703.582
698.578
702.395
779.824
744.593
765.832
775.621
815.365
815.558
788.719
812.369
737.149
737.103
810.325
756.697
820.298
699.935
645.524
776.602
715.467
648.403
729.647
659.574
669.661
742.024
689.745
752.762
687.465
762.418
714.062
791.256
708.707
714.701
725.46
793.592
769.4
753.006
769.915
806.115
754.596
747.569
808.53
798.117
803.24
781.416
805.067
754.284
800.112
754.015
770.221
761.646
811.899
803.617
761.857
781.778
781.18
798.626
806.067
799.565
772.618
773.379
769.771
779.698
771.703
769.931
801.937
768.285
779.911
770.717
771.144
770.356
777.237
752.142
800.605
751.439
815.205
771.447
752.356
800.386
800.427
810.399
752.167
797.948
749.36
795.778
763.105
765.093
770.171
813.059
769.666
782.252
774.725
757.238
752.18
764.317
