930.861
931.25
1016.1
801.355
1098.35
1098.33
1089.57
930.715
930.538
930.278
929.764
928.755
926.779
923.102
916.578
905.802
889.717
868.988
845.706
846.733
870.727
891.996
908.013
918.34
924.311
927.449
928.838
929.046
928.138
925.71
920.909
912.834
902.182
896.666
895.459
745.115
752.668
730.306
885.179
779.527
649.191
516.984
579.606
483.745
503.371
685.505
980.883
1032.11
1051.2
1057.75
1060.18
1061.09
1061.44
1061.58
1061.63
1061.65
1061.66
1061.66
1061.66
1061.66
1061.66
1061.66
1061.66
1061.66
1061.66
1061.66
1061.66
1061.67
1061.67
1061.67
1061.67
1061.66
1061.66
1061.66
1061.66
1061.66
1061.66
1061.66
1061.66
1061.66
1061.66
1061.66
1061.67
1061.67
1061.67
1061.67
1061.66
1061.66
1061.66
1061.66
1061.66
1061.66
1061.66
1061.66
1061.66
1061.66
1061.66
1061.66
1061.66
1061.66
1061.66
1061.66
1061.66
1061.66
1061.65
1061.64
1061.62
1061.56
1061.45
1061.23
1060.78
1059.94
1058.4
1055.74
1051.51
1045.41
1037.82
1029.57
1026.51
1025.92
1017.64
998.608
954.814
944.643
939.208
935.457
933.216
931.986
931.43
931.244
990.781
1022.21
1049.03
1069.46
1082.95
1090.97
1095.4
1097.73
1098.9
1099.47
1099.74
1099.86
1099.92
1099.95
1099.96
1099.96
1099.97
1099.97
1099.97
1099.97
1099.97
1099.97
1099.97
1099.97
1099.97
1099.97
1099.97
1099.97
1099.97
1099.97
1099.97
1099.97
1099.97
1099.97
1099.97
1099.97
1099.97
1099.97
1099.97
1099.97
1099.97
1099.97
1099.97
1099.97
1099.97
1099.97
1099.97
1099.97
1099.97
1099.97
1099.97
1099.97
1099.97
1099.97
1099.97
1099.97
1099.97
1099.97
1099.97
1099.97
1099.97
1099.97
1099.97
1099.97
1099.97
1099.96
1099.96
1099.96
1099.95
1099.94
1099.93
1099.91
1099.88
1099.85
1099.81
1099.76
1099.72
1099.67
1099.64
1099.62
1099.61
1099.62
1099.63
1099.65
1099.68
1099.7
1099.7
1099.67
1099.56
1099.3
1098.73
1097.56
1095.21
1090.74
1082.68
1069.15
1048.67
1021.83
990.439
1075.48
947.379
1071.75
1099.96
1099.85
1099.95
1097.72
980.145
1075.49
1099.96
1099.96
986.534
1099.95
1075.44
1075.49
1075.49
1099.54
1074.55
1099.6
1099.96
1097.5
1075.49
1099.94
1075.49
1075.49
1099.96
984.907
1003.07
1069.34
903.661
842.727
1075.49
1075.49
722.404
1099.96
1099.96
1099.96
1099.96
1099.96
1075.49
1099.96
1075.49
1075.49
1075.49
1099.85
1099.49
1099.68
1075.49
1099.96
1064.48
1068.96
1034.2
988.112
990.779
947.288
962.304
1099.96
1075.49
988.431
1074.93
1099.96
1075.49
1099.96
998.392
1099.92
1049.44
990.478
1040.55
1021.13
988.631
989.086
898.319
1021.85
964.781
976.239
1071.98
1090.68
1082.92
1099.96
1075.49
1075.49
1099.56
1075.49
1099.48
1075.48
1099.61
1075.27
1099.25
1099.96
1075.49
1075.49
1099.96
1099.95
1075.49
1075.49
1075.4
1099.91
1099.8
1075.49
987.516
1075.49
957.008
1099.94
972.057
1099.96
961.55
1090.97
1099.46
1049.48
1099.96
692.547
1099.96
1099.96
1099.96
850.78
1099.96
1075.49
1099.96
1099.96
1099.96
1099.96
1075.49
707.371
994.192
1012.2
973.782
1040.53
989.712
923.438
912.666
1099.92
1099.92
1005.36
1082.71
1099.92
1082.71
1099.92
1099.92
1019.07
1082.71
1042.62
848.106
1099.92
1099.92
1082.71
1099.72
1031.83
1069.23
993.784
1003.71
1019.13
959.406
951.082
1057.77
1048.72
1048.27
1069.1
1082.57
1082.92
982.946
924.493
1073.64
1095.16
1095.4
1075.38
1099.5
1099.58
1075.48
1099.48
1075.49
1099.62
1075.49
1099.51
1099.96
1075.47
1075.49
1075.49
1099.52
1099.63
1075.49
1075.03
1075.49
1098.68
1099.95
1075.49
1099.75
1075.49
1099.88
1099.96
1099.96
1075.49
1075.49
1099.96
1075.49
1075.49
1099.96
1099.96
1075.49
1075.49
1099.96
1075.27
1075.45
1099.96
1075.49
985.023
1075.49
1075.48
1099.94
988.137
1099.96
1075.49
1074.05
1075.49
1099.73
1099.91
1099.95
1098.89
1099.96
1099.96
1065.6
1099.96
800.11
1099.96
1099.96
930.834
1099.96
1099.96
926.483
953.426
1099.96
1099.96
773.735
1075.49
1099.96
1099.96
1075.49
852.6
1099.92
997.751
987.115
980.857
1022.03
992.056
945.317
990.389
1048.94
1051.32
1019.94
1020.65
1099.82
1099.91
1097.72
1079.6
1099.92
1080.61
1094.97
1082.7
1098.99
1099.22
1082.6
1082.71
1099.83
1082.71
1099.28
1099.92
1082.71
1082.71
1099.92
1099.88
1082.7
969.503
1082.7
1099.92
1082.71
1099.92
1082.7
1099.27
1082.71
1099.92
1099.92
1069.4
947.362
1024.96
1082.25
1045.73
1075.29
1013.61
1091
1099.92
1082.71
1082.7
1082.71
1016.84
1082.62
885.127
1099.92
1082.7
1082.71
1099.92
1099.92
1099.92
1037.38
991.696
1047.66
975.07
1048.5
1022
1006.2
1061.61
1015.54
1017.57
1097.32
1098.49
1081.65
1082.2
1082.71
1099.01
1082.71
1099.4
1082.7
1099.35
1099.14
1082.71
1082.66
1099.78
1082.71
1082.71
1099.92
1099.91
1099.91
1099.07
1082.71
1082.71
1099.63
1099.92
1099.92
1099.06
1082.71
1082.71
1082.71
1082.69
1012.5
1099.92
1082.71
1019.83
1082.5
1099.43
1099.9
1082.2
1099.92
1099.92
1099.92
1063.51
880.524
1099.92
974.125
1099.92
1099.92
1082.71
995.57
1099.92
859.677
940.459
1099.92
1099.92
1082.71
1099.92
1010.35
1099.92
1017.94
1027.71
1043.86
1011.19
973.94
1021.71
1039.66
1086.24
1046.19
1088.7
959.688
1099.83
1088.45
1099.83
1027.21
1088.59
1088.72
1099.83
1088.69
1094.54
1099.83
1098.22
1097.87
1088.72
1088.71
1088.72
1099.83
1054.97
1067.38
1099.83
1099.83
1099.83
1088.66
1098.49
1088.72
1099.41
1088.73
1099.79
1029.5
1082.71
1099.83
989.718
943.49
1099.83
998.809
1048.84
1078.66
1090.45
1031.62
1069.75
1095.42
1068.43
1083.06
1019.4
1096.91
1087.49
1099.05
1082.46
1040.96
1099.92
1082.71
1082.71
1099.86
1099.82
1088.73
1099.3
1099.36
1082.7
1082.71
1099.92
1082.71
1099.92
1099.92
1082.7
1097.91
1088.71
1088.72
1088.65
1099.53
1082.7
1099.83
1099.92
1082.71
1082.71
1082.67
1099.92
1082.71
1099.01
1082.71
1082.7
1099.16
1082.7
1099.9
1099.83
1099.69
1099.91
1088.72
960.72
1099.92
1099.83
1099.92
1081.46
1099.92
1098.87
1099.92
1099.92
922.405
1082.71
1099.87
1099.92
1075
1082.71
984.36
1099.92
1099.92
1082.7
1088.71
1099.83
1099.83
1031.12
1023.21
1051
1041.76
1058.1
1062.53
1046.79
1044.32
1097.71
1098.82
1099.73
1099.65
1099.83
1088.71
1088.7
1099.72
1093.62
1090.32
1099.65
1013.85
1099.65
1095.55
1093.05
1093.23
1099.83
1093.23
1088.71
1088.65
1093.22
1099.81
1093.17
1088.65
1099.81
1072.38
1062.13
1050.92
1099.72
1088.44
1098.26
1088.67
1099.83
1099.83
1088.66
1016.64
1099.83
1088.72
1099.83
1088.66
1099.83
1099.83
1099.83
981.547
1083.28
1072.85
1083.88
1067.6
1089.93
1018.35
1091.07
1046.11
1044.02
1088.13
1098.07
1044.39
1098.8
1046.7
1099.36
1035.32
1098.74
1099.83
1088.71
1098.04
1088.69
1088.69
1099.83
1098.41
1088.64
1099.83
1099.82
1088.73
1099.82
1088.7
1088.67
1098.76
1099.23
1088.66
1088.71
1099.81
1099.8
1088.72
1088.7
1098.04
1097.92
1099.83
1088.71
1088.7
1088.68
1088.7
1088.72
1099.55
1088.71
1099.83
1088.7
1077.59
1086.41
1099.83
1099.83
1088.2
1099.83
1099.83
1051.97
1088.58
1099.86
1088.68
1003.84
1093.21
1088.72
974.252
1099.83
948.099
1099.83
1006.64
1099.83
1099.83
1052.68
1037.23
1061.06
1066.48
1017.15
1049.74
1067.07
1097.82
1058.96
1035.59
1093.19
1099.64
1099.66
1099.65
1081.86
1099.62
1093.13
1093.18
1096.76
1093
1010.5
1099.66
1095.91
1093.13
1096.16
1093.17
1093.17
1093.05
1099.65
1099.66
1064.02
1099.64
1093.05
1099.67
1093.29
1099.54
1093.08
1097.44
1093.21
1098.75
1099.64
1087.5
1088.92
1091.1
1099.66
1093.2
1099.67
1099.65
1007.72
1073.54
1071.4
1080.49
1049.75
1070.62
1079.72
1095.45
1064.09
1059.35
1096.04
1092.9
1065.46
1098.6
1098.83
1092.55
1091.79
1099.62
1097.74
1093.09
1093.19
1098.59
1053.05
1096.32
1095.65
1093.19
1093.21
1095.68
1093.14
1099.66
1099.65
1099.83
1099.84
1088.72
1099.64
1099.83
1093.17
1088.71
1088.71
1099.83
1088.7
1093.23
1099.77
1088.67
1088.69
1088.69
1098.99
1093.24
1088.68
1093.27
1087.66
1099.65
1099.82
1093.18
1099.83
1024.19
1099.65
1099.83
1092.83
1099.79
1083.44
1099.83
1017.24
1099.83
1088.62
1099.65
1099.62
1099.65
1099.66
1037.66
1081.59
1064.89
1057.56
1073.98
1037.2
1069.94
1091.56
1094.52
1095.79
1099.56
1099.64
1099.66
1099.53
1072.31
1098.72
1096.03
1074.95
1093.67
1096.13
1047.32
1095.87
1099.31
1053.19
1096.15
1099.29
1099.67
1099.31
1087.15
1091.16
1099.31
1096.03
1097.7
1097.18
1093.19
1093.19
1099.65
1099.66
1093.24
1099.67
1092.62
1099.65
1099.66
1093.05
1099.65
1096.17
1083.72
1083.37
1099.39
1096.36
1075.95
1063.67
1082.46
1095.42
1091.93
1066.26
1097.21
1066.73
1089.53
1062.83
1097.51
1099.46
1095.91
1044.99
1093.13
1095.93
1096.11
1091.49
1096.06
1099.67
1093.16
1093.22
1093.11
1096
1093.03
1099.1
1093.22
1099.66
1099.65
1099.27
1099.54
1099.59
1096.22
1093.08
1099.72
1093.13
1099.65
1093.15
1093.16
1093.16
1093.11
1099.45
1097.39
1098
1093.14
1093.11
1093.22
1099.65
1099.66
1086.94
1096.1
1051.59
1099.66
1093.15
1099.67
1099.59
1074.17
1093.1
1025.77
1093.22
1099.65
1099.32
1059.65
1099.65
1099.67
1099.65
1093
1006.56
1078.77
1089.99
1099.31
1099.35
1099.32
1096.03
1099.32
1099.47
1099.18
1095.9
1095.99
1079.4
1080.23
1097.47
1065.94
1097.81
1099.36
1099.36
1075.82
1096
1097.89
1096.14
1097.64
1096.11
1096.16
1099.34
1096
1099.31
1096.03
1095.98
1099.31
1099.32
1096.23
1099.31
1099.31
1084.43
1099.15
1083.43
1098.74
1098.69
1097.72
1092.33
1094.62
1097.85
1081.35
1067.91
1099.15
1099.31
1099.17
1090.97
1077.02
1092.79
1097.64
1096.06
1094.46
1095.37
1077.5
1099.22
1094.55
1095.75
1096
1095.94
1096.05
1071.06
1091.87
1092.74
1091.37
1054.17
1099.61
1049.84
1099.65
1099.33
1097.79
1096.03
1099.33
1099.34
1096.08
1096.16
1095.9
1096.28
1099.24
1095.96
1096.01
1099.1
1099.67
1093.14
1093.12
1099.32
1099.33
1097.66
1096.08
1093.18
1096.09
1095.7
1048.59
1099.66
1099.18
1099.32
1089.95
1096.06
1092.28
1099.66
1096.1
1096
1099.31
1099.32
1099.33
1095.9
1046.4
1096.14
1071.49
1083.61
1083.52
1099.33
1094.96
1096.02
1095.98
1099.32
1090.4
1094.12
1097.03
1095.22
1089.28
1097.41
1093.2
1098.46
1092.97
1086.66
1097.61
1082.73
1086.43
1084.82
1099.28
1097.65
1097.7
1099.33
1097.82
1098.63
1070.3
1098.72
1097.85
1099.36
1097.87
1098.72
1078.85
1099.37
1097.79
1098.88
1098.83
1097.73
1097.85
1098.76
1098.47
1095.55
1097.8
1097.89
1098.7
1097.71
1098.73
1097.98
1096.04
1094.7
1096.23
1094.42
1095.64
1080.22
1098.94
1079.23
1095.25
1099.24
1097.76
1059.69
1083.85
1098.76
1099.36
1095.9
1096.85
1099.31
1099.28
1092.98
1099.32
1096.01
1096.05
1096.02
1096.22
1099.37
1098.28
1098.96
1096.03
1096.03
1099.32
1095.96
1095.98
1099.32
1095.85
1075.74
1099.36
1086.08
1096.01
1099.34
1099.36
1092.59
1099.28
1072.49
1099.32
1097.85
1098.94
1098.76
1090.79
1080.04
1084.8
1098.04
1090.05
1070.98
1098.77
1097.76
1097.74
1098.73
1097.74
1097.64
1083.94
1097.7
1098.79
1087.17
1094.41
1097.8
1098.35
1090.19
1098.74
1097.71
1098.73
1097.82
1097.76
1097.66
1098.74
1098.73
1098.76
1097.65
1097.77
1092.9
1096.07
1091.37
1079.63
1098.74
1083.26
1098.56
1098.71
1098.71
1099.34
1098.71
1098.72
1094.12
1095.34
1099.32
1097.73
1098.9
1094.84
1091.79
1098.9
1096.94
1088.21
1097.96
1088.33
1087.77
1098.41
1092.35
1098.59
1085.03
1098.66
1088.38
1099.32
1076.11
1073.06
1069.94
1098.77
1098.8
1097.53
1098.82
1098.81
1089.37
1085.47
1098.82
1097.69
1098.78
1099.37
1098.01
1089.14
1097.48
1089.43
1098.82
1095.75
1098.79
1097.81
1094.84
1097.72
1098.85
1097.75
1097.98
1097.71
1097.66
1098.76
1098.76
1097.73
1098.71
1098.74
1097.73
1097.78
1098.86
1098.69
1097.71
1098.71
1097.7
1096.63
1097.7
1095.8
1098.73
1098.7
1097.42
1097.72
1098.74
1098.81
1097.06
1098.73
1092.43
1098.73
1096.88
1098.1
1098.73
1098.76
1097.74
1098.8
1097.67
1097.64
1097.29
1097.64
