589.912
609.19
494.904
487.872
809.721
795.133
779.663
589.272
587.345
584.143
579.68
573.976
567.058
558.961
549.712
539.368
527.964
515.54
502.238
502.943
516.83
530.54
542.35
554.795
565.287
575.033
584.301
591.968
600.234
605.25
612.271
616.59
621.64
624.706
629.131
631.021
633.969
635.372
637.79
637.862
639.915
640.18
641.221
641.066
642.788
642.159
643.102
643.074
643.955
643.374
643.927
644.158
644.401
644.275
645.351
645.639
645.756
646.416
647.283
646.95
647.361
648.441
647.953
649.367
648.404
651.373
649.808
652.107
651.344
653.629
651.362
654.224
652.802
654.676
653.389
656.765
655.172
656.91
656.809
658.81
656.304
658.964
658.081
659.097
657.783
661.518
659.327
661.048
660.7
662.236
660.177
660.231
660.654
659.628
657.926
659.382
658.347
656.348
655.553
654.959
650.124
647.213
645.373
639.104
636.666
628.115
628.951
617.45
614.36
603.758
598.698
582.019
576.706
561.165
551.184
535.003
527.066
508.542
508.829
523.27
536.548
549.293
560.921
571.73
581.16
589.526
596.448
601.972
605.962
608.382
633.657
656.977
678.955
699.654
718.946
736.869
753.385
768.517
782.284
794.722
805.877
815.806
824.572
832.246
838.901
844.615
849.468
853.537
856.9
859.63
861.798
863.47
864.708
865.576
866.126
866.403
866.445
866.286
865.959
865.497
864.922
864.257
863.518
862.722
861.879
861
860.093
859.165
858.22
857.262
856.296
855.322
854.343
853.36
852.374
851.381
850.381
849.387
848.421
847.482
846.546
845.594
844.636
843.687
842.757
841.847
840.959
840.097
839.263
838.461
837.693
836.963
836.272
835.62
835.006
834.429
833.883
833.363
832.859
832.361
831.852
831.311
830.709
830.014
829.19
828.202
827.011
825.565
823.804
821.658
819.058
815.93
812.198
807.781
802.599
796.569
789.611
781.647
772.602
762.409
751.007
738.347
724.387
709.106
692.475
674.529
655.227
634.69
612.855
672.619
653.747
671.112
861.264
814.384
843.133
767.204
636.019
674.856
858.653
852.935
596.466
833.687
649.407
688.162
671.614
806.551
616.172
780.484
836.36
737.292
689.078
832.05
684.486
682.423
839.613
587.554
592.533
698.346
662.126
668.625
676.76
676.823
666.156
861.965
864.954
848.987
864.069
864.018
678.354
847.033
689.955
689.732
682.304
829.414
820.391
826.909
679.028
845.183
572.295
673.477
555.208
601.091
625.256
547.58
557.957
843.27
680.699
615.203
671.416
852.04
688.612
856.79
669.847
831.053
539.787
632.545
540.919
633.463
605.909
609.468
518.026
655.669
561.903
573.649
596.043
708.09
717.678
834.946
686.352
685.546
824.283
679.075
814.679
664.082
795.368
635.334
761.295
837.924
684.464
682.55
841.401
833.112
689.356
687.951
672.66
830.547
828.722
688.679
622.288
673.467
657.539
830.788
642.104
862.788
646.511
735.605
793.349
670.216
855.398
667.473
860.427
855.838
854.877
663.234
851.956
675.441
850.973
864.623
858.126
864.798
676.751
668.177
611.907
581.269
568.957
525.714
611.802
532.507
686.995
850.912
856.912
665.262
700.358
848.723
701.791
851.578
829.741
645.631
713.849
695.439
691.651
860.486
859.591
716.007
825.518
612.885
694.781
578.52
587.373
621.62
681.94
548.712
558.914
677.58
654.094
585.876
691.441
714.076
585.602
533.508
610.341
723.355
752.1
645.344
771.462
801.382
669.341
817.798
679.329
825.721
686.933
810.956
834.298
660.113
685.368
676.457
822.53
788.428
687.336
627.081
687.08
749.922
832.568
689.494
827.897
689.755
830.01
835.633
846.115
679.562
687.383
838.754
684.44
682.606
842.326
844.232
681.896
684.205
840.496
671.97
672.295
837.125
684.713
630.882
688.763
673.501
831.549
606.007
847.997
679.027
671.241
673.559
804.478
823.131
837.429
780.94
862.056
847.977
670.048
859.554
665.84
863.448
860.294
659.668
857.73
853.909
669.893
651.259
864.907
849.985
669.285
675.366
863.204
864.475
678.35
692.55
847.758
602.992
595.003
578.862
568.559
619.398
545.751
629.694
573.146
558.487
626.918
630.951
810.142
838.705
763.377
696.222
859.598
628.878
720.258
698.702
814.028
797.74
668.67
692.817
841.76
708.902
768.049
831.67
712.357
716.129
834.735
827.628
708.785
694.921
704.404
844.835
705.527
843.012
714.407
821.888
707.016
840.96
838.253
689.378
714.792
633.64
688.398
640.982
602.978
605.44
731.946
830.349
713.896
710.556
707.847
652.293
697.271
689.123
860.342
702.448
700.802
860.142
857.482
849.682
600.633
575.746
651.271
564.245
674.162
647.736
592.797
573.074
607.141
616.876
734.125
746.671
642.101
652.261
698.224
816.605
710.743
823.046
714.073
784.886
802.867
716.33
676.984
826.105
715.955
714.176
835.579
828.634
829.172
818.735
711.598
716.321
824.825
840.007
833.137
807.238
706.48
701.399
712.35
681.633
659.563
836.451
698.82
636.785
697.05
789.308
826.429
696.96
853.63
856.09
854.348
695.92
693.217
846.763
679.087
858.404
852.515
700.39
670.475
847.568
689.974
684.787
857.689
860.425
701.713
858.731
694.94
850.633
615.083
623.971
587.37
597.87
562.833
652.534
622.651
649.862
665.314
722.192
709.74
840.197
720.806
849.799
692.348
691.387
723.586
844.545
726.281
715.052
823.233
796.778
807.816
718.333
732.082
739.9
828.081
632.139
718.944
850.017
852.907
852.46
739.347
815.831
741.804
818.849
730.522
831.682
604.726
717.322
826.637
704.337
713.609
842.698
578.99
669.175
617.31
704.989
608.949
588.383
748.374
670.458
708.409
627.435
728.822
661.288
757.959
661.354
680.629
830.994
713.518
716.905
827.138
822.648
740.383
791.773
777.002
710.57
708.496
841.887
706.079
839.141
833.922
711.283
810.388
734.516
722.514
699.167
824.011
715.047
829.749
832.388
713.06
707.839
698.176
837.345
715.668
810.936
704.943
687.594
820.487
713.579
828.122
843.512
800.334
833.032
724.406
715.92
853.44
840.82
859.047
696.527
855.799
777.029
843.525
843.972
693.72
704.323
818.82
855.234
696.422
699.688
674.663
860.038
845.723
702.7
725.038
852.774
851.23
718
641.594
654.216
625.459
619.317
590.894
646.821
633.901
757.342
771.246
803.182
832.23
825.226
737.962
741.045
820.663
707.663
668.362
830.195
735.894
814.346
799.405
712.501
762.33
847.264
745.811
732.99
735.063
740.065
819.259
755.656
727.659
836.728
650.448
642.697
624.246
845.568
682.086
814.356
738.047
832.346
830.63
721.703
697.053
845.459
723.132
839.852
726.796
846.211
852.313
852.947
716.977
700.747
607.315
636.463
665.654
699.83
594.606
726.062
646.379
635.177
672.127
741.264
673.748
762.409
656.407
782.919
686.891
779.045
823.888
739.035
812.511
736.751
740.95
826.633
791.729
734.22
827.354
834.995
729.891
832.657
733.656
735.716
816.827
818.023
740.682
741.415
822.11
821.608
740.286
736.84
801.096
804.766
828.893
726.582
729.718
706.826
713.06
731.621
819.598
741.652
848.997
725.461
719.149
719.815
831.442
850.575
720.171
851.476
852.739
718.591
721.362
839.384
728.646
700.719
746.161
722.837
707.272
836.215
711.652
848.354
717.752
851.823
843.632
643.951
615.715
605.212
659.327
592.58
662.584
674.75
754.748
706.444
721.069
743.897
839.527
841.667
834.989
740.389
813.069
747.543
754.847
783.559
742.012
730.652
840.418
804.088
759.546
765.014
760.287
764.089
756.964
821.433
818.506
739.752
842.453
749.271
829.456
752.798
821.791
761.888
810.028
764.859
809.562
823.317
654.071
692.67
717.944
815.177
761.664
843.279
833.172
734.383
637.047
662.663
676.568
621.324
673.377
622.526
742.399
652.195
638.819
721.377
703.453
692.445
752.454
770.911
693.074
681.37
793.658
763.456
720.591
734.259
785.863
712.097
788.491
796.358
749.081
745.008
802.071
757.869
820.173
819.775
825.949
837.288
729.195
813.663
831.51
752.536
740.79
732.036
824.573
738.328
745.214
821.135
734.181
736.154
741.051
817.324
762.945
741.276
753.427
719.934
833.446
825.836
746.6
848.157
737.07
831.377
852.715
741.065
811.724
719.34
846.371
727.911
838.733
727.328
826.357
840.07
836.103
842.421
738.166
683.38
651.706
632.657
622.313
608.7
682.312
740.774
698.44
722.006
793.87
809.697
837.662
812.218
652.395
762.81
745.594
723.492
773.653
760.326
748.547
760.507
821.307
754.534
783.003
827.024
816.716
820.578
683.888
789.256
803.443
775.41
744.987
777.853
763.773
754.286
822.272
826.807
751.798
818.04
740.593
835.857
830.558
747.733
842.897
764.539
667.544
691.076
832.355
773.628
659.001
637.192
638.58
734.172
698.571
664.059
733.859
684.191
669.793
699.837
771.17
784.822
731.403
716.841
727.69
792.748
765.086
792.022
769.006
816.019
760.905
763.505
755.774
777.673
756.184
810.738
753.727
819.105
823.032
802.494
820.291
812.623
805.267
760.772
830.748
750.399
820.647
755.323
764.69
759.784
758.048
811.861
808.02
806.133
764.34
762.833
764.693
838.188
839.601
740.772
765.244
739.108
842.112
747.107
841.2
839.746
739.98
742.961
724.594
744.485
821.781
818.268
755.821
834.138
829.975
842.768
748.123
732.677
668.415
759.029
830.696
830.256
823.478
780.692
830.461
821.5
801.436
767.924
766.45
679.057
700.295
738.267
734.252
777.534
829.386
805.648
771.228
782.426
781.314
784.113
799.104
785.404
773.719
807.947
784.11
812.598
775.03
777.499
810.9
809.592
771.926
823.928
821.557
674.419
774.144
777.558
804.836
790.833
792.662
794.542
798.919
781.59
759.078
757.599
825.857
815.329
810.367
707.774
666.335
684.603
749.263
736.03
712.376
710.804
716.666
774.612
768.151
754.088
747.196
739.541
754.044
729.287
782.48
778.412
786.217
742.036
802.238
745.502
816.325
810.315
782.344
772.341
814.697
804.65
781.738
783.719
775.391
773.875
801.86
779.401
779.812
801.34
817.473
759.009
764.468
811.423
808.289
807.898
784.102
763.907
773.916
759.176
752.929
838.691
825.234
819.942
740.879
765.555
740.485
836.756
762.957
761.743
825.931
830.875
819.41
766.48
750.815
763.744
648.9
653.88
679.917
826.027
758.977
778.499
784.176
824.24
683.672
699.045
726.743
723.882
688.975
739.118
725.853
752.718
735.243
731.019
747.618
744.143
766.701
770.773
790.891
755.886
763.69
805.059
779.406
789.603
766.696
810.256
800.544
828.451
801.444
813.618
771.971
806.541
799.044
819.188
795.295
797.672
801.743
817.929
788.637
758.492
781.636
791.126
807.279
782.67
806.923
789.826
783.828
797.053
785.773
792.593
724.979
690.187
764.313
708.959
761.631
782.923
770.984
738.18
774.48
801.42
807.748
776.128
797.763
811.829
812.528
796.19
810.285
779.102
774.382
784.636
786.117
817.536
800.177
801.218
769.685
784.037
808.948
775.192
781.078
830.74
766.842
759.103
819.348
758.717
765.9
830.426
830.037
759.271
829.916
769.259
822.652
780.325
806.589
792.315
696.347
664.313
678.602
792.194
756.948
760.99
792.107
786.321
789.702
807.863
778.02
776.512
780.355
794.966
795.78
691.685
774.766
801.676
788.928
775.679
810.435
796.717
816.874
791.038
781.811
784.355
817.396
809.424
806.575
782.745
786.508
714.947
713.531
750.578
749.171
785.544
773.842
788.933
800.895
814.752
827.312
808.245
812.2
759.202
758.482
825.085
782.197
820.462
712.174
702.641
803.979
727.153
703.603
740.603
714.05
723.043
752.054
743.363
761.723
737.957
770.271
762.266
798.493
753.437
757.37
764.054
797.24
793.479
775.237
794.428
815.494
788.146
783.225
816.448
796.796
814.09
807.239
803.552
785.492
798.32
783.953
795.624
787.818
817.032
803.17
789.246
796.138
806.379
801.575
805.213
801.456
792.351
800.707
795.978
795.473
799.006
796.498
802.112
791.37
805.89
797.942
792.086
797.446
794.373
775.206
801.568
775.067
817.074
778.225
774.565
798.808
812.76
816.891
774.792
811.764
774.704
811.072
788.333
788.997
797.041
816.964
791.732
806.503
793.189
783.346
774.519
788.797
