817.576
844.492
908.291
646.247
1083.48
997.156
924.909
816.672
813.858
809.093
802.336
793.536
782.646
769.624
754.446
737
717.243
696.335
671.359
671.895
694.124
717.796
719.64
757.814
765.263
766.634
773.242
769.205
783.341
737.344
758.804
746.088
745.705
730.575
758.333
735.299
735.857
728
734.92
691.603
708.25
698.153
689.619
676.044
717.595
693.418
697.91
700.803
714.144
673.301
666.581
672.692
657.812
638.14
680.896
687.542
664.937
680.693
696.858
632.898
611.896
629.114
599.221
580.875
565.083
684.053
639.502
650.623
641.775
597.06
383.991
394.767
377.698
385.369
384.705
392.463
392.831
397.73
430.352
424.638
432.742
461.256
464.819
399.854
433.82
442.64
430.215
592.457
954.215
1007.68
1026.62
1032.52
1034.56
1035.26
1035.5
1035.58
1035.58
1035.54
1035.45
1035.32
1035.11
1034.78
1034.28
1033.56
1032.5
1031.01
1028.94
1026.11
1022.34
1017.4
1011.06
1003.08
993.238
981.387
967.496
951.846
935.443
919.756
911.03
883.088
869.115
863.611
855.454
855.241
850.598
848.983
847.234
846.035
845.191
844.677
883.994
923.401
955.23
983.629
1007.56
1027.35
1043.52
1056.49
1066.7
1074.58
1080.55
1085
1088.25
1090.58
1092.21
1093.34
1094.1
1094.6
1094.93
1095.14
1095.27
1095.35
1095.4
1095.42
1095.44
1095.45
1095.46
1095.46
1095.46
1095.45
1095.44
1095.42
1095.4
1095.37
1095.33
1095.28
1095.21
1095.11
1094.99
1094.84
1094.65
1094.41
1094.11
1093.75
1093.3
1092.76
1092.11
1091.36
1090.51
1089.57
1088.5
1087.27
1085.89
1084.38
1082.74
1080.97
1079.09
1077.09
1074.99
1072.79
1070.51
1068.15
1065.74
1063.27
1060.76
1058.23
1055.68
1053.15
1050.66
1048.24
1045.91
1043.7
1041.65
1039.77
1038.11
1036.7
1035.59
1034.79
1034.29
1034.08
1034.13
1034.39
1034.78
1035.21
1035.54
1035.57
1035.09
1033.81
1031.41
1027.51
1021.69
1013.5
1002.49
988.225
970.298
948.244
921.765
891.972
854.724
690.73
755.528
717.588
1095.08
1084.78
1093.08
1056.37
790.521
683.141
1094.86
1093.52
777.488
1057.71
1038.98
733.64
1044.46
1032.7
1020.62
1031.66
1067.73
1011.74
837.45
1050.01
564.851
591
1076.76
815.66
891.661
983.453
743.225
721.835
691.853
645.561
744.413
1095.08
1095.19
1091.15
1095.15
1095.17
610.566
1089.29
1042.92
1045.71
1045.66
1038.52
1031.27
1033.65
566.906
1087.04
975.434
946.672
908.609
836.827
884.42
742.328
766.83
1084.13
525.182
780.981
721.351
1094.34
967.673
1094.6
717.366
1045.07
941.152
883.758
918.364
890.11
844.151
849.518
695.778
923.027
762.997
760.662
1002.25
986.628
1007.47
1062.8
612.589
1045.78
1031.84
1045.3
1031.71
1042.63
1033.23
1032.21
1025.55
1072.41
588.441
570.765
1080.68
1055.13
776.627
1022.12
723.275
1042.74
1036.68
1044.81
780.764
672.353
753.946
1090.33
785.926
1095.14
781.894
1027.29
1074.4
706.949
1094.66
743.044
1095.02
1094.41
1094.17
739.878
1093.08
688.553
1092.55
1095.17
1094.87
1095.19
681.787
746.94
887.245
897.183
785.395
922.112
853.059
723.541
795.1
1093.85
1094.15
820.512
736.181
1091.57
721.756
1093
1048.45
836.264
895.033
762.544
777.195
1094.36
1094.33
1053.65
1029.14
929.417
983.286
791.799
817.187
872.134
805.742
751.553
958.833
954.876
920.092
989.953
968.727
1007.38
766.785
722.216
1012.4
1000.82
1043.43
1036.08
1029.35
1033.1
1043.71
1031.38
1045.52
1032.59
1045.78
1032.19
1060.27
1041.1
1045.74
1044.96
1031.41
1032.84
665.657
1027.14
803.753
1019.83
1052.56
1045.48
1035.03
1037.43
1040.55
1065.29
1088.25
595.573
580.711
1074.63
598.376
553.134
1082.46
1085.67
542.271
581.184
1078.77
727.41
702.991
1070.1
565.506
800.06
901.391
687.067
1047.5
780.79
1090.27
637.667
721.165
669.272
1080.35
1088.01
1091.96
1066.54
1095.11
1093.84
704.261
1094.95
752.236
1095.16
1095
748.918
1094.75
1093.88
722.542
776.013
1095.18
1091.92
741.875
684.865
1095.13
1095.18
668.869
771.824
1090.9
889.294
827.42
801.655
901.906
885.684
745.866
883.847
939.358
942.375
880.242
886.341
1084.09
1092.28
1056.07
758.052
1094.33
1021.04
995.805
735.615
1023.19
1025.85
1045.83
1053.76
1087.76
1055.63
1023.21
1056.54
782.421
999.132
1066.98
1037.99
697.175
764.213
688.192
1088.06
685.223
1085.49
1055.9
1023.7
685.631
1082.26
1076.39
983.461
812.014
925.992
964.079
900.119
997.146
825.225
1027.17
1051.16
853.302
722.652
681.637
827.926
741.505
789.351
1094.36
710.885
735.779
1094.35
1094.26
1092.14
931.697
797.566
915.852
772.822
954.7
923.437
811.942
963.026
849.374
832.208
1006.46
1014.26
1029.69
1036.51
1054.53
1022.88
1055.78
1024.59
1055.84
1026.13
1025.19
1049.8
1048.84
1031.1
954.972
930.143
1069.46
1043.12
1045.77
1022.85
1055.86
1055.12
1027.35
1080.36
1061.84
1024.44
681.833
1055.06
746.846
1051.05
824.733
1071.87
732.934
838.117
745.102
1073.87
1089.57
750.651
1094.05
1094.06
1093.78
763.35
766.233
1090.07
810.903
1094.27
1093.32
735.61
816.305
1093.53
781.331
800.711
1094.22
1094.36
732.09
1094.31
762.346
1092.61
861.962
927.525
935.263
834.415
775.35
923.007
844.53
1027.2
861.271
789.019
824.463
1092.14
789.321
1092.54
849.098
1053.51
781.68
1090.31
774.225
987.423
1032.83
1012.85
1009.74
1061.81
1063.76
984.984
1053.39
958.791
801.22
1092.84
1092.9
1092.97
1063.98
1009.73
1062.56
1013.11
782.772
1070.17
841.736
1039.51
1033.25
833.837
815.79
1088.76
797.725
955.164
1010.26
981.791
832.733
981.365
1043.25
942.129
1007.42
836.628
997.676
1036.44
1019.69
1041.8
857.492
1053.86
813.098
1022.28
1035.56
1029.98
1004.49
1026.24
1025.22
709.453
688.001
1083.86
686.511
1078.44
1064.44
734.534
1009.14
1063.9
1062.62
1056.66
1025.82
1055.65
1059.37
1059.21
761.113
681.108
738.901
1074.19
976.58
1023.74
1055.4
1052.64
1023.15
1055.89
1040.52
1092.45
1079.73
1091.18
779.382
809.407
1093.58
1086.61
1094.31
754.929
1094.18
1066.14
1093.03
1086.84
763.652
682.268
1087.28
1093.94
761.839
734.39
812.228
1094.35
1089.08
698.076
777.678
1092.94
1092.77
804.721
924.689
957.069
875.557
960.408
963.349
909.105
889.014
1055.66
1014.62
1082.92
1081.14
1041.75
917.419
1040.95
1019.77
975.698
1032.04
1090.15
849.939
1010.9
991.649
1060.15
1032.92
1091.79
833.234
797.16
842.662
1068.87
1088.27
1070.83
766.164
1080.64
984.539
898.555
859.069
1091.59
1049.27
1009.16
1063.99
1067.91
1062.34
789.733
844.074
1090.9
784.381
1085.27
771.08
1092.65
1092.88
1092.92
807.71
1007.42
983.94
1015.58
934.82
973.734
817.483
1027.04
858.203
852.922
1043.68
1005.05
860.462
1013.07
860.893
1073.04
853.719
1015.08
1035.83
961.977
1008.82
1063.96
1049.35
1047.62
1013.94
826.575
1050.53
1075.99
777.453
1069.69
804.122
860.739
1010.17
1011.17
1063.94
1063.5
1027.23
1024.61
1019.57
898.085
1011.7
1010.64
1056.37
1063.16
1063.51
1058.97
1060.63
787.536
1015.36
1060.28
1092.35
776.013
798.741
793.466
1090.93
1092.68
789.444
1092.93
1092.89
803.286
789.511
1082.35
767.579
838.603
832.271
787.229
829.019
1091.66
819.795
1092.77
806.293
1092.84
1089.6
957.898
859.789
962.227
925.026
821.19
956.105
891.727
999.261
886.34
871.814
836.189
1090.74
1090.6
1085.75
838.961
1004.87
835.189
891.023
997.777
834.502
859.708
1090.15
990.19
1070.99
885.222
994.085
1061.14
934.154
1043.94
1030.3
841.99
1090.77
841.243
1073.12
860.92
1056.3
1070.98
996.526
1070.34
991.016
1053.68
1019.47
962.534
1026.6
1014.45
1020.62
1091.06
1082.91
852.79
984.921
984.472
945.807
863.548
984.38
1001.25
1042.98
882.211
872.385
985.547
1055.7
891.939
1010.04
1065.55
1049.75
1041.97
1078.71
1000.21
1063.42
1067.6
1014.77
882.032
996.103
992.925
1070.23
1069.69
990.939
1070.93
1017.55
1036.64
1044.76
1079.61
771.67
1007.75
1065.21
1070.57
1031.08
791.701
1038.86
938.481
834.509
1022.13
813.771
879.331
1055.99
1010.12
1043.1
1063.83
867.941
790.862
1090.45
1089.85
832.306
1092.11
847.387
1079.21
1092.91
833.053
1086.03
796.104
1091.39
863.337
1083.57
767.742
1089.7
1090.59
1090.64
1090.78
845.491
956.387
912.989
882.231
984.969
841.993
983.992
835.166
1046.12
1060.89
1081.26
1086.43
1088.58
1000.24
896.513
1064.63
982.604
914.414
978.286
1074.64
892.145
876.098
1087.86
884.241
1058.42
1088.09
1021.26
1070.31
948.703
970.287
983.32
1076.53
996.926
999.232
1056.69
882.416
1047.63
1065.88
853.656
1027.57
832.599
1086.85
1077.07
836.221
1090.86
884.337
1005.85
1006.93
1088.79
933.701
917.773
881.8
1003.92
1042.34
961.348
888.319
992.516
892.724
1021.91
889.527
1000.12
1077.26
1065.52
876.886
1065.82
994.447
1075.46
969.519
1075.96
1018.04
1007.22
1050.88
909.568
1076.62
920.053
994.077
874.815
1033.39
1051.13
979.66
1050.09
1002.45
988.182
1070.96
1072.63
846.488
1040.38
899.857
1069.17
980.399
950.191
998.293
989.951
983.286
1064.59
1071.02
1070.89
1090.74
1089.77
837.899
885.669
843.819
1090.72
833.346
1090.45
1090.25
840.155
835.505
867.095
835.574
1089.02
1087.61
882.136
1084.47
1075.07
1090.84
837.559
855.937
932.908
876.601
1088.21
1087.71
1078.52
1043.76
1088.01
1061.71
974.783
903.786
892.266
914.443
919.831
1064.87
906.444
1079.16
1086.9
991.749
916.396
1076.8
929.539
1067.62
966.509
1076.6
944.718
1004.23
1073.81
1031.83
968.498
1007.09
1022.54
1014.47
923.556
1088.05
1073.4
933.366
1075.34
946.735
1084.54
951.1
1081.06
969.602
971.453
931.237
879.56
881.825
1087.25
1046.22
1032.94
1025.56
907.216
1035.34
1054.92
981.093
970.855
1054.47
917.026
1071.87
980.478
982.796
1071.37
1068.85
1073.23
910.715
973.546
975.921
971.937
897.866
1084.26
894.784
1087.99
1086.6
1079.99
1076.27
1087.23
987.741
1051.46
1063.7
984.526
939.506
976.906
1076.64
1035.6
973.598
1024.64
965.734
1067.23
996.349
1007.01
988.587
1070.31
1071.05
951.706
873.491
886.597
1089.26
1087.46
1067.31
836.568
886.952
833.356
1087.8
881.241
878.682
1088.14
1088.21
1064.22
894.365
889.039
882.718
901.14
1005.29
1006.33
1083.67
874.74
1017.96
1074.94
1080.45
1023.27
1037.59
1058.11
1041.05
945.517
1053.53
963.088
1063.08
963.843
941.199
1069.66
936.242
953.157
950.507
1081.97
1073.11
1075.71
1085.63
923.086
947.212
918.763
1084.92
1072.47
1086.12
1075.28
1085.05
913.836
995.548
1068.54
1085.91
967.46
1063.95
1077.17
1085.22
943.509
872.538
932.528
995.815
1053.25
941.068
1048.95
978.031
1076.92
965.081
1077.26
953.37
977.388
918.252
1070.15
918.989
982.047
1079.16
1077.7
901.569
948.606
1084.2
1001.92
994.908
963.779
1027.38
1033.53
969.913
1018.52
1027.11
959.68
1075.87
1077.12
1052.29
969.012
972.493
912.448
1072.29
1010.7
976.171
1076.73
1088.13
897.743
881.822
1061.41
877.098
889.049
1087.91
1087.43
876.42
1088.07
917.619
1076.24
926.127
1028.32
955.84
1024.46
916.354
927.785
993.504
959.384
922.926
1082.71
1080.51
1080.83
1084.79
919.077
915.03
945.606
1081.17
972.023
935.68
910.713
1078.44
943.642
914.635
1067.18
1059.14
1084.51
1001.18
934.474
954.826
1084.98
1063.05
1044.51
943.931
964.643
960.116
1049.13
961.562
932.507
1081.23
914.76
944.86
971.083
1085.12
1085.06
1058.21
1085.01
875.76
873.101
1082.16
937.426
1085.91
1039.47
954.382
1014.76
1051.57
940.613
1060.89
942.731
942.623
1067.81
963.182
1072.83
939.048
1076.48
956.532
1084.12
928.555
925.37
920.669
1083.63
959.983
911.761
963.742
1080.77
950.579
945.727
1082.25
1081.24
1078.66
998.921
1082.3
941.212
1080.75
936.175
969.889
940.585
1083.86
1081.48
944.52
1054.19
1035.96
1079.33
1082.18
1079.95
1026.58
1003.43
974.446
1048.55
995.814
977.96
1080.97
1007.66
1030.61
989.827
1020.43
985.557
1041.6
911.312
1080.47
911.056
1084.76
1079.2
910.068
1081.4
1076.13
1083.22
910.443
1073.37
911.295
1070.43
941.429
943.338
981.798
1084.25
1014.09
1040.34
1033.94
948.65
909.896
942.555
