849.019
865.516
941.946
675.686
1088
1065.8
942.629
848.242
845.767
841.5
835.33
827.119
816.741
804.062
788.939
771.176
750.906
729.087
701.855
702.054
726.13
750.351
746.322
794.673
800.984
796.573
800.581
793.91
807.723
739.077
766.044
750.148
745.251
726.237
767.22
735.552
733.468
726.198
732.544
667.833
690.138
678.801
661.82
646.211
710.122
676.403
677.298
686.392
703.377
634.042
615.504
622.54
591.369
561.84
640.184
663.938
630.099
644.436
628.243
462.108
375.564
395.425
378.415
386.925
386.672
399.165
383.693
428.26
423.212
433.505
438.555
493.603
403.57
427.094
437.845
446.366
432.108
595.649
960.712
1014.37
1033.32
1039.21
1041.23
1041.94
1042.18
1042.27
1042.31
1042.32
1042.32
1042.32
1042.32
1042.32
1042.32
1042.32
1042.32
1042.31
1042.31
1042.29
1042.27
1042.23
1042.15
1042.03
1041.83
1041.5
1040.99
1040.2
1039.03
1037.33
1034.9
1031.55
1027.03
1021.09
1013.52
1004.15
992.909
980.05
966.447
952.479
945.243
933.504
904.48
892.044
880.99
880.683
874.355
871.754
869.308
867.595
866.439
865.757
904.952
945.668
977.166
1004.57
1027.21
1045.31
1059.52
1070.45
1078.67
1084.69
1089
1092.01
1094.06
1095.42
1096.31
1096.87
1097.21
1097.42
1097.55
1097.62
1097.66
1097.68
1097.69
1097.7
1097.7
1097.7
1097.71
1097.71
1097.71
1097.71
1097.71
1097.71
1097.71
1097.71
1097.7
1097.7
1097.7
1097.7
1097.7
1097.69
1097.68
1097.67
1097.65
1097.63
1097.59
1097.54
1097.47
1097.37
1097.26
1097.11
1096.93
1096.69
1096.39
1096.01
1095.57
1095.04
1094.42
1093.7
1092.87
1091.92
1090.86
1089.68
1088.37
1086.94
1085.38
1083.7
1081.91
1080.02
1078.06
1076.04
1074.01
1071.98
1070
1068.08
1066.27
1064.62
1063.19
1062.02
1061.11
1060.47
1060.08
1059.92
1059.96
1060.13
1060.34
1060.45
1060.25
1059.51
1057.9
1055.04
1050.46
1043.66
1034.06
1021.12
1004.23
982.769
956.554
926.319
886.943
639.711
747.967
686.545
1097.5
1091.84
1096.67
1070.38
800.074
550.813
1097.5
1097.44
795.233
1083.41
1048.83
1051.84
1051.71
1057.49
1036.45
1057.3
1089.47
1041.94
1052.2
1077.65
1028.54
814.731
1093.54
850.541
916.708
1004.45
729.11
700.718
555.444
596.559
732.647
1097.48
1097.51
1097.2
1097.49
1097.51
572.626
1096.93
1052.22
1052.21
1052.16
1067.15
1057.55
1061.63
573.177
1096.53
1000.81
981.316
940.577
870.575
905.883
775.298
801.732
1095.87
640.628
791.949
690.047
1097.22
1052.22
1097.49
686.886
1073.44
971.968
904.756
951.458
924.549
877.288
882.145
726.623
945.339
794.096
785.39
1022.44
1019.62
1027.17
1086.69
1049.29
1052.2
1059.03
1052.04
1057.11
1050.84
1058.01
1044.58
1053.07
1091.74
907.68
763.796
1094.89
1081.59
1052.08
1052.22
676.85
1071.31
1065.18
1052.22
790.639
604.79
743.035
1095.23
792.122
1097.51
784.592
1045.29
1084.56
674.125
1097.34
731.551
1097.5
1097.49
1097.47
726.174
1097.4
526.4
1097.36
1097.5
1097.42
1097.51
574.887
734.575
909.955
924.119
820.644
956.035
885.367
756.753
789.007
1096.73
1096.88
827.932
681.945
1096.76
685.191
1096.85
1077.18
853.787
1062.06
739.662
768.28
1096.89
1096.87
1062.38
1058.41
955.367
1004.44
826.326
854.421
908
803.608
786.504
987.011
976.876
955.005
1012.65
1002.77
1027.22
786.8
754.832
1030.3
1032.46
1059.47
1047.07
1055.81
1057.8
1051.37
1057.21
1052.12
1060.19
1052.21
1057.23
1085.11
1050.04
1052.19
1051.92
1058.15
1057.92
1051.17
1041.12
1052.17
1048.62
1079.67
1052.22
1063.31
1052.22
1069.2
1088.14
1096.76
564.738
1043.83
1092.7
844.867
712.683
1095.42
1096.24
600.449
797.701
1094.26
690.074
653.597
1090.67
973.896
811.991
1052.21
630.553
1075.57
795.277
1097.08
598.256
690.244
577.614
1088.84
1093.88
1096.11
1078.56
1097.5
1097.01
672.612
1097.5
740.343
1097.51
1097.46
735.737
1097.5
1097.46
696.938
774.363
1097.5
1097.29
725.738
524.041
1097.49
1097.51
587.523
761.125
1096.7
912.999
861.781
836.875
930.995
907.665
780.206
905
969.1
973.121
915.517
921.115
1091.3
1096.06
1070.18
740.255
1096.89
1039.19
1027.62
682.325
1048.57
1050.16
1056.98
1061.49
1095.54
1062.28
1049.53
1083.2
1056.25
1062.37
1089.41
1067.82
948.767
744.81
718.547
1096.36
744.067
1095.92
1062.36
1051.16
775.989
1095.2
1093.45
1004.86
804.886
949.938
998.415
936.433
1020.11
856.247
1045.3
1079.31
1061.52
985.231
882.527
842.278
704.937
782.009
1096.89
693.565
680.256
1096.88
1096.86
1096.8
958.908
834.349
951.108
807.986
976.869
946.21
844.939
991.307
886.332
860.83
1036.76
1043.08
1045.75
1050.7
1061.84
1048.75
1062.32
1052.57
1062.36
1050.93
1049.56
1062.38
1058.83
1060.64
1062.34
1062.26
1090.62
1072.63
1074.95
1049.26
1062.34
1062.38
1056.26
1094.7
1086.58
1049.03
802.534
1062.06
1028.94
1060.1
835.432
1091.7
679.193
859.344
718.839
1084.15
1094.65
731.568
1096.8
1096.88
1096.88
740.348
753.573
1096.61
810.736
1096.89
1096.86
683.482
821.349
1096.61
773.654
796.719
1096.88
1096.88
681.824
1096.87
740.595
1096.83
898.421
952.369
963.776
871.683
811.466
945.479
876.879
1045.29
880.166
766.329
823.004
1095.53
774.422
1095.81
855.42
1064.5
778.417
1095.73
801.3
1019.44
1065.8
1036.35
1034.16
1069.29
1070.11
1069.98
1082.98
983.949
792.307
1095.76
1095.77
1095.82
1070.13
1036.59
1070.22
1042.79
913.765
1091.69
879.117
1062.37
1062.98
835.894
810.141
1095.63
833.788
977.611
1030.72
1015.02
867.009
1006.98
1059.4
977.102
1027.48
861.906
1028.05
1052.42
1047.16
1054.35
868.836
1081.33
1060.05
1062.37
1065.39
1062.87
1070.14
1050.68
1050.66
967.285
921.853
1095.56
757.135
1094.13
1088.07
1006.25
1034.09
1070.15
1069.66
1066.45
1054.3
1062.37
1086.59
1084.96
1046.02
840.335
691.669
1092.64
1062.36
1048.68
1062.19
1060.94
1050.09
1062.35
1070.25
1095.64
1088.37
1095.51
784.072
801.384
1096.87
1095.42
1096.89
738.676
1096.84
1078.26
1096.4
1096.17
748.05
730.958
1093.31
1096.88
740.573
682.312
814.81
1096.89
1096.49
704.757
789.481
1095.8
1095.81
796.686
947.946
980.525
912.868
986.514
991.186
944.858
925.874
1069.92
1039.58
1090.37
1093.66
1074.08
1066.42
1070.2
1051.27
1007.9
1049.95
1093.94
849.748
1048.07
1014.36
1070.84
1076.78
1095.79
862.882
980.835
1038.77
1075.96
1093.62
1076.75
837.073
1094.43
1008.12
935.338
893.066
1094.74
1061.69
1035.37
1070.14
1090.67
1088.15
767.566
848.723
1095.75
772.557
1095.26
809.408
1095.71
1095.8
1095.79
799.368
1027.79
1009.35
1035.97
970.256
1007.29
852.759
1045.35
884.502
882.453
1057.77
1033.8
875.26
1039.06
883.679
1083.49
862.265
1039.3
1068.71
1069.59
1034.37
1070.15
1070.19
1078.85
1037.45
1029.3
1081
1093.39
894.551
1091.39
1001.7
1047.64
1037.7
1040.15
1070.13
1070.21
1059.94
1057.01
1070.19
1062.26
1035.36
1034.63
1084.86
1069.89
1070.01
1067.8
1068.7
934.496
1045.7
1070.2
1095.81
794.788
789.197
783.446
1095
1095.82
777.66
1095.8
1095.76
794.945
770.571
1094.98
855.632
842.01
869.89
768.157
829.464
1095.33
816.219
1095.75
798.082
1095.81
1095.69
982.138
897.336
989.249
960.97
857.95
978.969
914.562
1024.59
898.245
877.897
846.254
1094.09
1094.26
1094.05
840.693
1040.33
894.731
1032.98
1019.94
838.833
862.312
1094.28
1014.07
1076.74
932.552
1074.85
1076.84
1062.84
1080.21
1069.3
843.791
1094.09
930.15
1092.43
981.008
1087.65
1076.69
1022.43
1076.92
1019.98
1085.88
1039.66
996.416
1045.18
1052.26
1076.49
1094.31
1093.84
853.262
1009.22
1007.33
980.984
900.046
1006.61
1024.12
1059.29
910.999
903.998
1015.91
1067.85
908.99
1037.31
1077.81
1063.61
1057.76
1087.55
1024.32
1072.88
1075.29
1038.51
891.706
1018.12
1015.24
1076.54
1076.33
1014.22
1076.75
1048.5
1074.92
1076.58
1094.32
875.122
1044.12
1089.51
1076.65
1070.19
957.143
1071.52
1068.62
856.308
1054.12
1017.71
1055.74
1070.18
1038.32
1076.9
1070.17
994.999
780.571
1094.05
1094.47
877.507
1095.8
847.104
1093.43
1095.8
835.583
1092.32
786.155
1095.77
867.008
1095
820.985
1093.77
1093.95
1094.11
1094.21
845.76
991.131
949.404
919.121
1009.89
877.686
1005.74
835.3
1061.71
1072.74
1089
1092.12
1094.19
1033.66
929.446
1077.08
1006.91
929.594
998.486
1081.3
900.164
898.457
1091.93
891.772
1082.27
1091.92
1059.9
1090.94
982.858
990.501
1023.03
1082.01
1023.74
1021.77
1076.87
1020.66
1082.51
1090.56
965.062
1066.5
833.819
1094.11
1093.12
903.653
1094.18
925.9
1027.6
1027.71
1092.47
1033.23
953.58
916.842
1026.5
1058.88
993.667
914.131
1021.04
912.6
1041.88
903.858
1023.3
1086.35
1075.86
884.595
1074.29
1016.52
1081.67
990.274
1081.84
1056.32
1075.88
1076.9
1051.77
1082
1057.78
1024.26
1007.86
1072.16
1084.49
1017.61
1084.98
1036.91
1012.74
1076.68
1092.4
947.282
1077.73
1043.48
1076.84
1073.08
1067.1
1030.67
1016.05
1010.53
1076.79
1076.75
1076.93
1094.14
1094.27
838.966
938.873
844.941
1094.24
885.629
1094.29
1093.67
842.169
842.045
871.862
850.594
1093.47
1091.85
889.799
1093.97
1092.8
1094.2
914.807
857.39
968.46
887.296
1092.04
1092.24
1091.79
1081.61
1092.1
1089.5
1009.25
992.651
962.841
942.019
941.964
1076.39
917.921
1085.39
1092.32
1034.55
930.347
1082.05
978.97
1082.35
993.283
1082.29
1047.35
1051.79
1082.07
1077.31
1065.65
1077.67
1070.82
1063.54
1021.29
1091.99
1091.32
967.623
1084.71
963.697
1089.25
990.035
1086.07
991.097
994.795
984.596
889.306
890.18
1091.2
1084.7
1079.6
1044.51
937.572
1053.07
1069.37
1007.18
1001.08
1068.09
934.297
1082.53
1001.28
1005.63
1079.47
1077.95
1080.52
923.94
993.279
995.774
991.833
906.844
1090.87
903.146
1092.97
1091.46
1085.75
1081.92
1091.72
1029.06
1081.98
1082.36
1072.77
1040.86
1013.08
1081.96
1081.06
1006.49
1063.43
1070.5
1076.77
1027.65
1055.51
1015.14
1082.23
1076.86
1053.99
891.907
894.174
1094.24
1091.38
1090.51
836.944
946.061
833.706
1094.15
912.482
905.286
1092
1092.08
1089.97
970.666
896.749
918.787
936.871
1027.5
1027.59
1092.06
887.03
1079.26
1082.03
1091.89
1042.97
1055.1
1071.44
1057.92
977.721
1068.26
988.186
1075.79
986.864
960.633
1079.65
952.377
970.226
967.259
1088.93
1081.84
1083.42
1091
964.661
983.289
931.856
1089.34
1086.5
1092.27
1086.59
1089.36
927.95
1039.63
1086.24
1090.06
1016.99
1085.94
1086.53
1089.57
974.737
887.914
989.93
1068.59
1087.12
1009.96
1086.33
1053.95
1082.16
988.423
1082.52
975.926
1005.48
943.049
1081.07
938.588
1003.71
1087.21
1084.57
911.549
965.37
1089.16
1048.29
1075.39
989.227
1074.35
1078.59
992.008
1067.34
1080.3
1060.19
1082.1
1082.51
1086.76
997.341
1003.89
1006.76
1082.12
1059.63
1069.65
1082
1092.09
980.258
891.088
1089.38
887.215
953.942
1092.18
1092.32
887.615
1091.89
931.129
1091.62
971.594
1078.86
997.651
1043.8
950.292
959.416
1065.9
978.013
935.831
1088.5
1085.93
1086.02
1089.32
956.644
948.585
963.004
1086.08
1026.46
964.731
929.16
1086.4
973.116
931.42
1088.85
1085.65
1089.46
1071.99
995.91
1032.73
1089.47
1088.46
1085.28
1016.38
1043.01
987.535
1064.48
981.349
947.327
1087.69
929.728
978.345
1000.98
1089.4
1092.18
1087.87
1089.36
887.387
886.444
1091.98
1002.75
1090.1
1056.68
984.216
1071.19
1066.62
967.023
1073.92
966.594
964.144
1079.03
984.44
1082.51
956.714
1084.86
974.269
1090.18
942.336
938.521
933.571
1088.93
1004.53
941.552
1010.85
1089.73
970.363
963.833
1089.8
1086.08
1089.55
1044.17
1086.96
960.414
1085.59
955.062
1021.85
963.483
1089.68
1086.44
966.835
1085.34
1082.49
1086.28
1086.92
1086.17
1081.56
1064.29
1031.24
1084.87
1058.29
1036.72
1086.21
1075.2
1080.31
1052.49
1079.98
1047.32
1084.07
932.528
1086.13
930.864
1089.44
1086.52
936.699
1086.19
1089.36
1089.77
932.965
1089.2
928.604
1089.05
965.886
971.146
1042.18
1089.56
1077.87
1084.05
1082.95
1024.17
934.155
968.684
