586.381
642.378
523.091
485.882
862.245
846.693
826.352
585.747
583.849
580.696
576.3
570.682
563.865
555.876
546.76
536.544
525.25
513.111
499.645
500.33
514.929
528.649
541.319
553.785
565.149
576.651
586.05
596.589
604.833
613.935
621.055
628.387
634.737
640.689
645.956
650.926
655.347
659.207
662.883
666.093
668.924
671.486
673.73
675.741
677.477
679.093
680.315
681.808
682.327
683.891
684.592
685.221
685.815
686.478
686.989
686.905
687.256
688.64
686.542
689.726
687.775
689.741
687.986
690.833
688.533
689.998
689.619
689.771
690.337
689.312
691.386
690.258
690.471
691.492
689.571
690.435
689.695
691.488
688.629
693.333
691.037
693.258
691.699
695.721
693.538
695.99
694.491
699.827
694.071
700.556
698.043
701.527
700.082
700.48
699.817
700.764
700.491
699.711
698.15
701.336
694.437
698.95
691.495
690.562
683.262
682.704
669.641
666.466
655.8
650.578
634.184
627.657
613.14
602.872
584.66
576.243
557.164
541.96
540.536
556.098
570.675
584.314
596.146
606.922
616.266
624.205
630.734
635.818
639.461
641.648
669.57
695.395
719.855
742.817
764.292
784.213
802.59
819.413
834.703
848.489
860.81
871.719
881.276
889.548
896.609
902.541
907.426
911.349
914.4
916.666
918.235
919.191
919.622
919.613
919.245
918.587
917.704
916.655
915.498
914.283
913.055
911.85
910.694
909.611
908.615
907.715
906.916
906.215
905.609
905.09
904.648
904.272
903.948
903.667
903.415
903.177
902.942
902.714
902.511
902.323
902.12
901.878
901.602
901.303
900.987
900.652
900.295
899.911
899.498
899.049
898.56
898.023
897.428
896.764
896.017
895.171
894.211
893.117
891.869
890.445
888.82
886.966
884.849
882.435
879.69
876.583
873.083
869.15
864.739
859.799
854.282
848.14
841.325
833.788
825.482
816.358
806.372
795.48
783.644
770.829
757.006
742.153
726.257
709.306
691.315
672.274
652.242
631.196
609.251
718.079
673.441
713.525
908.134
870.383
901.121
818.199
646.745
717.975
905.445
902.491
597.92
894.591
702.978
722.867
721.419
832.511
668.782
794.295
897.127
741.096
727.211
891.698
721.184
722.322
898.857
584.323
630.634
741.588
687.781
707.297
720.754
720.187
698.062
917.716
916.22
901.487
918.126
912.799
720.812
901.05
730.108
735.107
733.388
883.454
858.461
875.2
721.701
900.676
614.908
671.221
592.022
597.666
661.825
545.623
555.061
900.154
721.122
619.459
715.318
909.903
731.225
904.143
710.514
889.032
577.885
668.525
576.622
629.968
602.411
605.914
515.987
694.139
560.151
573.524
642.422
708.292
763.116
895.999
723.165
734.347
867.787
729.9
846.829
712.722
815.123
685.8
769.703
898.062
722.051
720.33
899.545
893.748
725.195
728.254
716.428
887.411
881.047
732.534
629.801
717.816
678.604
888.164
654.128
910.369
661.167
783.047
847.21
711.557
912.944
700.792
907.14
903.626
903.186
691.513
902.21
719.979
901.958
917.757
915.202
915.17
718.594
703.232
649.383
619.154
565.986
559.19
608.215
529.727
714.104
908.581
903.716
678.42
748.349
898.126
748.217
899.241
890.326
651.582
754.787
738.546
725.3
911.764
913.692
761.944
879.251
653.348
738.27
577.16
584.431
618.268
704.496
546.335
593.752
718.541
651.112
627.789
690.282
759.785
586.468
530.922
654.707
725.224
801.405
693.842
782.487
824.225
716.768
852.957
728.873
871.707
734.561
840.03
895.337
704.399
734.713
722.453
863.389
805.16
724.622
674.792
725.76
755.914
892.789
733.787
878.304
730.977
885.562
896.592
900.874
720.638
723.411
898.474
722.763
721.128
899.857
900.434
719.863
722.438
899.212
715.999
716.883
897.615
724.862
637.956
725.344
718.223
890.453
609.996
901.26
720.68
714.422
720.351
859.501
879.914
895.207
833.457
909.215
905.992
713.211
906.243
694.954
911.573
916.765
683.352
904.747
902.812
708.952
667.53
917.102
901.724
705.39
719.071
918.142
914.012
721.047
728.244
897.848
640.777
591.666
575.744
606.095
656.406
543.157
665.902
612.278
596.043
623.497
627.484
866.379
896.868
814.662
742.425
908.355
675.884
722.125
746.05
848.995
820.46
720.533
748.333
890.889
760.276
779.023
892.318
751.982
758.459
894.168
886.21
749.74
735.202
749.196
897.17
749.508
896.801
761.97
867.623
749.475
896.162
895.529
733.265
750.413
673.622
687.242
638.118
646.942
605.37
779.673
891.071
752.974
749.98
750.37
661.613
745.566
718.308
910.713
749.66
747.947
913.311
913.306
898.441
641.114
572.989
648.309
562.27
715.356
686.797
591.681
614.859
603.976
618.446
737.919
752.642
687.836
701.49
752.663
854.472
760.295
871.058
761.453
801.533
828.687
760.328
728.378
881.348
755.508
754.929
894.543
888.532
889.486
859.382
760.775
761.69
876.839
895.94
893.328
836.154
750.679
756.79
749.574
737.961
670.197
894.896
746.759
641.529
744.751
843.438
884.013
744.04
910.813
902.728
901.046
740.015
730.858
897.575
698.792
905.94
899.753
746.601
685.874
905.571
722.015
709.599
904.793
912.645
748.512
913.725
736.99
898.808
611.819
664.343
627.622
594.828
560.127
691.23
623.344
700.071
672.759
772.812
738.688
898.385
770.324
896.475
708.618
745.562
774.404
891.982
775.161
716.903
883.281
822.37
842.49
772.564
786.761
780.237
887.027
675.192
764.487
905.91
904.182
906.576
790.853
861.188
787.92
872.033
776.587
886.146
602.222
759.698
883.187
728.284
746.899
891.199
576.646
710.763
662.018
705.187
608.497
629.943
797.971
668.209
754.536
629.865
732.589
713.668
766.333
711.584
692.132
891.733
752.485
757.194
884.798
882.42
781.21
811.425
790.745
749.703
750.9
896.352
749.692
895.769
893.767
750.409
847.955
789.056
777.103
753.985
874.112
761.579
887.734
892.85
752.2
750.227
746.08
895.226
756.496
842.913
757.398
743.207
863.767
761.793
887.447
901.341
855.612
891
774.127
753.541
900.353
890.621
907.137
743.38
912.359
829.829
901.696
897.053
733.171
749.334
875.827
901.838
740.937
747.418
692.661
909.562
897.289
748.629
774.603
905.968
898.669
760.991
681.129
696.75
622.769
662.211
632.142
643.898
631.118
809.068
784.879
859.766
880.946
885.357
778.733
783.768
877.792
709.453
718.52
888.547
773.142
873.64
833.723
767.883
805.418
893.784
797.924
776.574
777.684
797.649
877.135
811.254
775.549
888.783
695.733
640.643
623.251
899.616
735.831
857.324
790.722
888.55
888.066
771.892
715.797
892.487
773.554
890.36
774.705
903.529
901.006
903.288
756.359
747.354
651.451
685.033
663.424
700.015
592.884
774.219
650.158
637.094
725.023
747.193
682.682
773.3
661.736
837.451
700.717
795.557
884.081
779.915
852.867
790.354
785.525
886.321
814.255
777.484
886.703
888.82
776.398
888.129
776.562
778.032
864.327
869.41
790.785
789.225
881.463
880.388
782.233
778.173
829.759
836.472
887.382
780.72
784.432
760.466
767.027
776.2
874.32
787.162
895.491
774.818
765.909
767.967
889.842
897.568
769.464
906.488
904.985
762.845
771.017
892.255
775.844
722.326
798.337
773.179
733.723
894.598
742.992
905.023
758.854
899.833
891.564
686.828
613.14
647.801
657.134
590.307
704.655
679.898
765.536
720.948
743.288
796.526
895.447
888.937
882.074
788.026
871.645
798.73
800.984
805.848
794.659
760.634
886.883
843.972
813.466
819.431
802.91
808.857
800.363
878.234
877.16
784.594
893.628
798.911
880.793
800.855
874.892
814.048
855.028
813.286
862.02
878.247
702.518
692.829
766.571
874.638
804.33
896.613
881.278
769.385
682.293
707.814
675.421
619.461
718.206
668.788
792.433
653.822
638.959
725.065
757.723
702.185
760.769
824.139
746.131
732.909
849.309
776.96
776.772
791.754
805.356
729.182
813.808
827.727
806.159
802.351
839.252
812.565
876.202
877.587
885.903
890.569
776.155
872.667
888.352
808.89
783.047
776.436
884.791
779.272
797.69
879.178
777.204
778.769
786.1
866.779
806.297
790.186
800.932
768.607
891.407
884.068
798.478
894.6
776.481
880.747
902.192
793.341
869.051
767.201
893.089
755.372
889.968
775.262
884.935
894.87
893.524
890.982
779.647
682.225
649.575
630.686
666.998
606.959
726.687
791.384
751.235
777.301
850.83
867.874
883.902
869.504
652.797
816.508
756.294
738.614
795.688
818.242
779.798
814.631
879.292
793.193
826.844
882.912
876.142
868.737
684.014
823.101
861.776
832.294
753.225
797.157
807.887
800.886
878.496
879.655
800.414
877.04
792.373
882.558
880.615
798.676
893.138
819.109
715.02
738.091
886.045
823.642
657.934
636.365
685.282
784.681
700.269
667.243
739.711
691.423
719.2
711.87
787.532
840.882
787.585
736.555
784.826
821.109
823.022
828.646
826.742
875.523
803.433
807.062
800.484
833.894
800.04
864.763
800.969
877.36
878.638
860.502
874.363
870.631
848.05
813.814
883.165
799.6
877.981
800.895
811.948
802.375
800.992
868.264
854.83
856.323
809.53
814.11
813.989
894.93
885.864
789.472
819.272
782.421
889.975
798.597
888.005
892.002
786.328
795.646
749.474
797.16
880.41
876.683
796.717
881.696
880.752
892.129
798.399
765.147
667.295
808.494
881.649
877.261
870.091
824.406
878.785
872.753
858.444
819.277
819.268
682.766
708.113
793.869
754.777
836.026
875.543
864.259
811.28
835.989
837.398
828.695
850.786
834.766
822.286
865.74
830.678
866.857
821.666
822.319
866.317
866.091
822.438
881.336
869.133
674.568
830.551
810.691
863.146
848.007
850.14
833.796
843.24
837.412
805.704
800.586
878.479
867.564
863.136
756.782
668.24
735.784
801.467
744.193
715.971
764.941
729.227
829.582
787.248
767.47
804.567
796.437
811.775
747.068
810.475
803.424
817.168
768.036
859.905
774.152
874.821
869.089
840.834
829.745
873.379
863.193
825.461
827.845
821.058
823.234
859.432
834.808
823.623
857.673
876.735
801.449
810.604
866.753
865.679
856.058
829.211
814.221
821.812
812.936
789.191
884.88
880.226
868.74
790.488
819.228
791.78
883.172
817.593
816.178
882.634
880.901
868.883
818.722
784.616
818.368
647.875
701.283
727.226
871.873
811.292
822.994
831.571
870.497
733.113
750.323
781.119
774.771
690.68
791.707
733.95
806.789
745.847
743.989
804.211
762.515
791.302
798.273
848.83
813.229
821.595
863.743
835.63
846.423
801.537
867.468
845.369
874.378
846.558
869.303
814.329
865.105
843.69
873.158
852.663
842.283
847.251
868.556
844.468
811.853
837.143
841.036
854.745
836.98
855.022
841.694
836.383
843.183
837.352
840.197
730.754
695.841
819.649
719.022
777.827
840.197
829.268
761.485
804.822
860.048
865.897
821.321
848.14
866.672
866.305
837.362
866.268
823.178
821.605
832.971
836.62
869.405
853.368
856.723
820.594
829.788
865.915
821.324
835.606
879.873
818.621
804.033
869.562
806.811
819.18
878.04
876.555
809.935
881.528
806.769
869.713
836.527
858.282
849.739
745.634
664.492
680.315
842.873
775.754
790.51
850.832
844.642
847.679
865.695
834.128
832.371
816.194
851.802
852.549
695.204
825.714
847.698
844.133
823.764
856.452
841.431
864.809
840.229
836.949
837.092
867.057
855.849
855.335
836.544
838.786
720.675
766.459
766.54
770.339
844.033
818.293
845.312
855.365
869.794
873.138
855.156
868.684
810.824
811.352
871.083
836.935
872.046
763.321
706.232
856.997
779.983
709.216
794.908
721.965
733.429
807.62
756.578
818.332
753.562
827.71
783.945
856.899
777.413
784.14
796.264
856.009
851.004
830.727
851.923
860.96
829.874
821.756
862.17
852.882
859.42
865.646
857.839
829.527
851.481
829.259
852.738
838.573
863.636
853.303
838.63
841.066
856.614
848.221
856.438
848.811
838.951
854.106
852.354
840.695
852.902
852.461
851.216
839.894
856.843
852.377
839.306
852.432
839.984
828.316
849.747
827.2
865.825
836.285
829.604
854.056
858.084
862.99
828.673
857.209
824.286
856.755
840.515
843.412
852.546
864.18
839.598
855.987
839.257
836.615
829.037
842.203
