671.062
734.574
561.997
541.087
977.804
925.971
913.721
670.26
667.836
663.801
658.168
650.958
642.203
631.935
620.179
607.038
592.447
576.618
559.558
560.525
578.042
595.996
609.439
628.642
637.879
654.552
663.504
673.92
680.822
692.135
695.501
701.06
711.06
712.658
720.74
718.619
725.816
726.03
731.206
728.732
737.034
735.489
737.747
739.524
738.019
744.001
742.919
742.441
740.465
745.146
740.462
742.028
742.292
743.883
748.434
745.132
747.672
744.169
750.171
740.908
742.912
746.26
735.848
748.791
742.281
744.018
744.768
750.98
748.977
737.801
749.624
743.845
737.178
755.352
756.116
759.928
758.685
780.661
757.568
770.39
769.685
769.774
780.972
759.094
773.999
768.962
776.977
765.415
785.175
801.035
792.85
799.406
793.188
812.116
776.996
800.021
765.38
781.566
775.012
781.842
760.345
797.002
781.016
780.467
777.858
758.321
789.382
763.725
748.775
756.347
760.161
715.332
692.309
676.969
654.846
611.416
569.672
561.464
608.937
607.274
631.918
654.568
669.654
685.986
698.373
710.073
719.048
726.02
730.819
733.647
768.58
800.748
830.307
857.768
882.765
905.519
926.019
944.362
960.644
974.97
987.452
998.212
1007.37
1015.06
1021.41
1026.57
1030.66
1033.82
1036.19
1037.88
1039
1039.67
1039.95
1039.94
1039.69
1039.24
1038.62
1037.85
1036.93
1035.86
1034.65
1033.28
1031.74
1030.01
1028.1
1026
1023.71
1021.24
1018.63
1015.9
1013.1
1010.27
1007.47
1004.74
1002.13
999.689
997.442
995.433
993.708
992.267
991.072
990.08
989.278
988.65
988.174
987.812
987.528
987.287
987.06
986.822
986.552
986.237
985.864
985.427
984.921
984.343
983.694
982.972
982.173
981.292
980.32
979.239
978.026
976.65
975.079
973.281
971.22
968.846
966.097
962.902
959.187
954.873
949.876
944.104
937.462
929.848
921.157
911.283
900.121
887.566
873.523
857.903
840.63
821.644
800.887
778.41
754.028
728.131
700.222
777.369
750.467
776.428
1028.39
996.772
1025.13
942.92
730.467
780.603
1022.06
1005.76
676.144
983.29
775.797
826.898
818.562
942.586
713.812
909.841
984.893
856.586
827.915
981.355
806.055
793.547
985.833
668.243
714.442
856.232
763.878
775.506
782.396
777.892
767.445
1038.15
1037.04
995.696
1038.38
1034.26
771.157
991.958
814.726
828.823
841.316
976.433
961.343
971.69
786.176
989.343
683.942
777.087
658.34
685.362
758.453
617.23
630.658
987.544
789.713
701.333
781.143
1032.36
820.697
1016.97
773.659
979.683
674.326
767.239
633.381
726.584
691.445
695.936
579.554
799.166
635.917
648.284
710.949
820.372
881.304
984.22
810.427
844.802
967.269
844.36
953.331
810.374
928.362
760.43
886.18
985.384
787.218
788.894
986.46
982.718
824.982
809.227
779.03
978.715
975.062
815.069
712.546
777.398
758.749
1013.63
738.245
1031.67
740.441
904.085
973.522
776.792
1034.71
770.856
1026.47
1014.23
1011.42
765.637
1003.02
778.739
1000.4
1038.12
1036.39
1036.26
774.539
771.919
741.266
699.535
644.638
644.621
698.885
598.245
792.618
1030.28
1023.52
763.297
811.276
1000.66
809.219
1009.22
978.409
739.947
843.513
810.517
801.505
1032.28
1033.73
866.675
971.637
743.168
852.03
656.792
668.271
711.655
784.904
619.119
682.797
828.656
752.6
695.492
799.591
877.117
665.911
599.38
716.573
839.338
924.583
770.015
898.704
935.959
815.199
957.636
841.379
969.634
829.112
948.345
983.79
802.172
841.957
822.541
964.53
919.691
811.673
735.699
826.158
872.17
982.073
811.344
973.49
813.634
977.639
984.585
990.539
776.472
808.334
985.602
794.327
797.962
986.925
988.351
781.583
788.69
986.108
781.025
775.558
985.154
804.7
718.827
834.45
776.8
980.56
689.37
993.686
775.701
780.905
773.851
986.008
1005.94
1019.98
959.197
1030.12
1029.21
778.869
1024.36
770.619
1033.04
1037.5
760.115
1019.59
1008.58
772.028
747.693
1037.67
997.952
772.826
776.92
1038.41
1035.33
776.379
802.988
997.889
729.195
677.67
657.219
680.399
751.092
615.036
763.843
683.079
654.833
718.337
723.42
992.424
1020.79
938.678
811.056
1029.45
769.626
835.464
814.144
952.992
931.457
826.231
851.787
992.203
856.193
894.462
979.654
841.796
849.8
980.554
975.726
825.423
806.582
811.232
990.484
816.303
986.897
861.917
964.918
812.573
983.989
981.766
845.551
830.481
771.529
795.773
736.076
726.511
690.695
899.892
978.897
846.013
832.675
813.541
750.332
812.427
795.409
1031.47
811.651
811.089
1033.43
1033.58
1003.5
725.914
653.495
749.045
638.554
824.587
789.605
675.718
679.28
693.351
706.612
852.629
868.116
790.329
804.194
856.292
956.682
856.931
966.935
863.743
915.302
938.038
865.555
835.736
972.832
847.317
845.615
980.755
977.217
977.85
959.862
857.439
867.771
970.261
982.98
980.171
943.759
815.141
858.308
836.904
839.731
756.491
981.005
814.076
730.051
810.269
969.214
1009.3
809.368
1031.91
1021.59
1017.14
809.509
804.473
995.211
782.63
1026.83
1011.98
814.767
772.045
1027.97
796.91
789.369
1025.27
1032.93
811.259
1033.81
809.922
1006.37
703.397
758.452
707.464
681.601
636.972
795.429
712.149
793.073
765.798
841.403
823.597
1020.61
842.237
1015.51
799.488
848.575
841.074
1000.91
841.89
828.947
970.342
930.51
945.334
882.576
896.434
882.778
972.191
769.438
837.635
1025.86
1024.12
1026.2
895.924
957.46
891.083
963.405
845.046
972.202
690.17
864.177
973.9
816.186
829.278
995.102
657.443
818.573
748.131
816.488
694.809
703.645
920.382
773.294
870.396
719.307
846
809.142
882.027
815.316
785.425
979.313
844.507
857.455
974.86
969.776
884.931
923.913
905.519
828.122
820.422
985.203
815.036
982.304
980.371
838.935
949.026
897.489
887.738
859.052
968.701
868.864
972.55
979.94
838.87
813.866
814.619
981.332
848.602
948.718
854.873
845.97
962.602
857.44
976.51
1022.85
981.678
1015.65
841.995
832.278
1014.64
989.391
1028.22
809.472
1032.97
954.945
1024.85
988.611
805.734
813.365
1001.59
1019.46
809.396
814.072
777.401
1030.53
992.637
811.484
841.947
1025.61
1018.84
836.596
781.92
799.526
716.466
751.744
708.361
743.439
727.137
931.859
898.368
985.133
980.593
971.618
874.071
889.321
966.869
819.684
816.606
1010.37
857.089
959.3
934.953
875.874
910.21
1008.98
870.416
853.072
861.226
910.93
1002.02
924.457
841.064
980.182
794.331
738.301
714.898
1018.78
836.715
955.065
897.224
973.692
972.848
841.16
805.39
1003.72
841.308
986.683
841.065
1024.4
1021.44
1023.45
834.012
861.028
732.218
774.649
767.252
810.019
677.088
893.009
741.265
727.155
823.706
861.367
775.612
887.444
754.261
962.263
793.524
908.055
970.872
879.552
952.208
897.569
889.229
972.029
924.019
858.767
972.131
976.563
842.697
973.649
854.598
863.526
959.251
961.843
894.922
892.176
969.15
968.462
886.838
871.041
936.173
941.106
972.336
891.497
894.719
868.512
876.099
846.821
964.806
890.174
1013.54
841.622
839.154
840.437
1013.54
1017.3
842.141
1026.21
1024.74
836.67
841.649
982.836
840.999
810.694
869.783
841.431
820.113
1017.56
826.572
1025.37
835.515
1020.23
998.03
785.723
704.124
732.156
759.283
674.754
810.37
777.845
877.895
816.819
835.755
870.343
1014.81
1008.08
989.574
866.104
957.941
868.455
878.544
913.893
868.672
848.589
1004.83
941.811
925.495
894.508
902.215
916.763
888.961
961.226
961.01
864.157
1012.65
868.202
971.537
872.537
959.855
924.267
950.307
921.233
951.925
961.843
797.812
801.029
883.216
960.031
907.666
1015.55
983.608
854.408
775.752
811.096
780.905
711.191
825.36
754.373
913.505
750.08
733.165
836.68
863.398
799.782
875.166
948.163
849.284
833.648
974.553
888.674
886.775
904.371
916.591
824.287
920.251
930.718
919.733
915.877
938.767
925.274
965.927
960.839
971.895
979.801
841.156
958.626
973.232
922.434
888.177
849.889
971.321
876.795
870.565
967.71
856.347
867.682
889.303
960.413
912.427
893.108
873.713
841.488
1012.51
1008.42
869.332
1011.37
859.206
977.794
1022.53
867.395
994.287
840.138
1006.43
844.75
983.955
840.815
1007.48
1013.8
1013.96
1010.42
861.216
789.472
749.672
725.589
755.603
695.28
836.823
867.066
857.833
889.003
975.098
992.033
997.83
956.669
750.193
938.94
866.464
838.752
901.59
935.503
871.681
891.781
999.671
880.593
935.181
1001.41
960.981
966.317
789.989
922.384
945.72
947.612
865.845
906.652
915.602
876.573
961.542
966.48
871.097
961.25
866.672
992.413
975.19
867.848
1012.37
894.741
817.273
848.766
1004.1
898.836
758.777
731.133
777.441
903.754
808.274
764.783
852.11
789.364
819.64
808.609
898.271
964.862
901.129
830.442
896.214
925.85
940.17
926.321
943.469
960.653
904.833
914.151
883.276
948.366
885.662
953.858
875.054
960.885
961.901
944.721
957.816
957.329
943.935
924.885
971.962
869.397
961.064
880.837
919.835
899.364
892.789
955.981
948.354
947.055
917.685
923.484
922.283
1014.79
1002.78
866.651
893.883
862.929
1009.36
868.913
1006.7
1010.65
865.212
869.647
840.249
870.524
1003.63
997.789
882.736
986.683
973.086
1011.5
867.527
851.597
770.637
889.243
999.482
995.081
975.813
929.247
996.88
961.038
943.417
892.129
892.495
783.372
809.815
909.896
852.386
955.776
992.121
947.706
901.521
948.593
915.839
939.074
938.984
946.948
899.961
947.72
942.282
948.279
905.722
917.324
947.137
947.091
896.624
1001.02
969.495
778.08
952.815
907.824
983.105
929.964
967.633
929.981
936.581
915.366
888.414
885.473
995.772
951.947
945.258
870.522
767.54
839.373
922.473
854.644
825.398
874.257
830.182
952.985
894.587
876.992
920.721
911.409
928.66
846.022
913.121
907.746
918.154
862.745
984.236
867.448
998.6
991.496
960.325
945.811
995.186
946.91
932.173
937.367
910.25
899.516
943.994
948.493
926.353
943.154
961.283
896.131
918.537
955.111
947.246
948.591
940.147
923.028
901.279
890.334
878.085
1000.46
998.078
963.685
866.9
893.307
866.591
995.181
894.07
893.012
1001.69
998.86
961.353
891.625
874.976
894.431
745.976
798.363
834.099
984.144
890.093
920.795
943.388
978.59
838.758
859.101
895.218
891.157
796.222
910.322
841.899
927.111
853.508
848.123
921.566
864.609
893.172
898.557
971.84
931.589
940.714
986.598
914.793
928.622
894.737
985.951
956.689
989.851
959.101
986.582
903.033
948.264
953.364
990.056
933.478
950.033
960.607
984.932
927.45
889.61
914.54
922.036
949.91
913.066
947.548
919.142
948.724
934.799
949.747
929.785
840.991
797.232
941.153
820.511
886.392
962.952
948.868
857.582
903.55
980.696
948.328
913.384
936.936
947.706
948.027
932.448
947.117
923.587
903.228
944.957
948.959
955.121
940.775
942.774
893.951
941.139
947.168
907.867
948.682
997.934
891.318
887.897
959.784
888.401
892.772
996.09
993.913
889.972
999.226
898.483
972.842
915.332
940.867
931.494
855.752
765.265
783.086
922.634
880.617
886.706
972.353
963.619
965.963
984.917
913.545
912.014
911.796
968.507
932.402
799.336
909.044
961.55
927.68
909.253
959.988
947.086
981.212
923.007
913.842
912.869
983.429
956.694
945.377
912.275
915.152
828.417
878.099
872.592
871.038
965.583
905.922
927.857
942.06
986.754
987.169
953.144
986.509
890.204
889.601
981.365
913.387
988.702
876.342
813.184
937.129
895.542
814.106
912.501
827.04
838.208
926.687
863.585
938.424
856.8
948.524
887.405
979.965
876.592
881.812
890.957
977.201
932.488
910.636
933.09
974.611
922.724
915.911
977
968.88
971.506
948.466
973.257
920.081
965.837
918.553
933.091
924.944
979.751
967.883
926.247
944.475
942.249
962.35
971.304
963.086
931.442
933.17
931.728
941.64
931.427
931.451
965.664
924.804
940.63
930.701
929.135
930.852
938.182
910.269
964.104
909.793
982.228
957.595
909.877
969.524
968.32
978.619
909.983
965.39
908.53
962.702
926.037
927.55
931.215
980.52
926.877
943.719
934.583
912.242
909.78
926.998
