641.817
697.526
552.122
521.855
944.899
900.336
883.996
641.072
638.825
635.086
629.869
623.197
615.097
605.605
594.745
582.601
569.165
554.542
538.841
539.741
556.103
572.639
586.008
602.689
612.973
627.546
637.107
647.486
655.265
665.466
670.73
676.894
685.391
688.56
695.604
696.234
702.314
703.777
708.318
707.906
713.786
713.67
715.831
717.558
717.215
721.138
720.849
721.197
720.323
723.394
720.923
722.142
722.38
723.266
725.913
724.024
725.807
723.739
727.473
722.524
723.865
726.143
720.461
727.948
724.379
725.994
726.519
730.145
729.887
724.489
731.482
728.994
725.926
735.903
736.135
739.334
738.176
751.13
739.094
747.188
747.157
747.624
754.75
743.737
753.166
750.014
755.664
749.762
759.969
767.685
763.426
768.009
763.358
774.862
755.377
769.176
749.89
759.254
752.788
756.947
742.953
760.011
748.46
746.355
743.094
729.091
740.879
723.664
713.598
709.956
706.159
679.372
663.435
648.09
630.299
603.55
576.685
562.044
578.742
588.223
611.015
626.614
639.573
653.712
664.733
674.83
682.843
689.268
693.843
696.608
728.873
758.696
786.558
812.697
836.865
859.171
879.57
898.109
914.832
929.798
943.081
954.762
964.932
973.691
981.141
987.39
992.549
996.728
1000.04
1002.58
1004.46
1005.76
1006.57
1006.98
1007.03
1006.79
1006.3
1005.57
1004.64
1003.51
1002.22
1000.75
999.123
997.336
995.396
993.314
991.1
988.774
986.357
983.875
981.358
978.839
976.351
973.928
971.604
969.4
967.34
965.457
963.793
962.347
961.091
959.994
959.051
958.26
957.61
957.076
956.633
956.254
955.917
955.599
955.281
954.945
954.575
954.157
953.68
953.132
952.502
951.782
950.96
950.024
948.957
947.738
946.34
944.731
942.879
940.751
938.311
935.512
932.294
928.592
924.336
919.455
913.875
907.515
900.295
892.129
882.933
872.624
861.122
848.351
834.243
818.737
801.786
783.357
763.412
742.004
719.026
694.72
668.845
756.51
724.458
754.31
995.718
953.253
985.845
896.672
702.049
759.005
989.481
974.727
649.711
952.114
750.024
795.372
784.804
906.072
700.822
871.263
953.699
817.505
796.459
950.226
780.998
772.574
955.036
639.241
680.215
811.199
738.101
752.114
760.91
759.111
743.793
1004.18
1004.69
965.706
1005.38
1001.9
756.377
962.163
793.196
801.322
802.439
944.806
927.099
939.222
765.784
959.484
656.163
740.771
635.614
655.085
719.169
592.514
604.505
957.434
767.826
673.671
757.462
995.171
794.735
984.735
752.089
948.474
634.202
727.574
609.882
693.281
660.718
664.878
557.433
757.164
609.874
622.62
687.452
782.169
835.433
953.001
785.337
807.388
933.999
802.405
917.984
774.688
890.721
736.598
847.049
954.328
769.504
768.33
956.004
951.569
793.798
789.26
756.948
947.41
943.203
794.088
684.51
756.956
731.679
972.161
709.753
999.137
713.743
857.761
928.32
754.08
998.474
747.116
993.778
982.252
979.735
740.256
972.303
757.85
969.974
1005.43
1001.01
1003.96
756.096
748.465
703.625
666.805
617.422
609.102
667.608
574.564
766.366
993.782
990.875
734.898
788.605
969.863
788.161
977.39
947.43
710.05
818.035
785.37
775.782
999.876
1000.61
835.275
940.188
706.807
807.131
629.267
639.289
679.435
758.006
593.858
647.001
784.956
717.697
671.121
762.202
831.368
638.851
575.778
697.726
800.579
878.15
744.893
859.789
898.868
780.177
922.853
800.523
936.787
798.032
912.416
952.588
769.207
803.628
787.24
930.792
881.547
785.423
718.502
795.647
832.974
950.943
790.527
941.35
792.9
946.196
953.367
960.741
759.488
783.256
954.662
774.191
773.366
956.648
958.384
762.659
769.367
955.475
757.709
755.056
954.014
781.063
691.699
801.746
756.052
949.407
662.445
963.827
758.611
757.393
754.523
941.586
963.413
979.603
913.374
997.507
990.998
755.75
991.694
744.838
1000.6
1002.88
733.975
987.153
977.215
750.494
720.959
1005.19
967.769
749.632
756.745
1004.99
1003.02
758.073
777.465
967.436
693.113
647.964
629.049
651.19
712.389
590.115
724.286
658.96
629.849
685.629
690.344
948.734
981.211
892.477
786.991
997.067
736.321
796.957
789.632
918.416
894.594
787.031
813.75
961.804
824.203
855.794
948.659
815.667
823.774
949.89
944.754
803.389
781.85
790.57
960.827
794.747
957.448
832.166
932.262
792.95
954.509
951.823
800.964
803.29
731.648
758.64
702.351
698.853
661.291
853.674
947.899
819.677
808.07
795.03
720.419
788.4
769.646
999.133
790.455
789
1000.64
999.452
972.352
691.529
625.632
714.392
612.143
781.025
748.023
646.865
654.024
662.485
676.351
813.801
829.173
755.132
766.921
819.052
922.641
826.31
934.651
833.128
877.397
901.746
834.574
796.892
941.568
822.13
820.381
950.249
946.273
946.892
926.323
827.578
836.113
938.581
953.385
949.278
908.048
795.691
822.546
811.297
801.014
727.563
950.678
789.803
699.929
787.033
923.959
967.568
786.373
996.301
988.932
984.631
785.186
779.302
965.076
754.681
994.299
979.876
790.799
743.257
990.498
771.629
762.794
992.668
1000.38
789.523
1000.25
784.585
974.871
671.787
720.196
676.197
651.615
610.403
753.551
681.812
756.097
734.356
816.912
794.976
982.723
816.798
982.92
768.968
809.092
817.143
969.342
818.89
790.864
939.69
894.592
911.108
843.145
860.825
853.854
941.982
731.579
812.292
991.497
991.651
992.949
864.102
925.112
861.276
932.265
823.981
943.56
659.839
834.117
942.774
786.741
801.481
964.3
629.595
775.314
717.326
778.541
665.112
678.063
874.031
737.236
824.949
688.849
807.595
770.647
843.147
776.309
754.043
948.307
817.901
829.333
943.83
939.136
855.701
886.506
867.186
804.969
800.162
955.782
794.295
952.545
949.577
812.957
915.33
862.884
848.588
819.195
936.741
837.275
942.723
948.981
813.326
795.173
789.926
951.196
823.348
913.583
821.084
807.508
929.526
827.986
945.565
985.97
937.143
974.987
818.12
805.523
982.3
959.38
995.768
786.101
998.159
909.123
986.345
959.089
780.89
792.27
958.846
986.848
785.449
789.873
748.904
998.192
962.778
790.501
818.268
992.712
986.339
810.695
740.938
757.987
684.174
715.894
681.465
709.184
694.063
885.833
860.442
941.259
950.746
940.987
846.352
860.151
936.139
782.195
779.927
972.029
828.713
929.099
901.221
836.594
879.873
976.619
844.78
830.31
836.248
870.424
959.945
886.479
819.359
951.19
755.195
704.724
683.466
985.444
797.684
922.318
864.799
944.495
943.232
816.469
775.385
971.832
817.206
957.028
818.42
988.454
989.051
991.066
807.532
816.189
702.148
739.678
731.612
772.498
648.121
847.066
710.225
696.441
784.742
822.845
744.244
849.19
722.928
917.025
762.387
870.551
940.21
850.807
919.012
864.112
859.818
941.54
887.539
834.406
941.765
947.76
821.797
944.68
831.193
837.875
927.257
930.467
863.584
861.869
938.518
937.823
857.394
844.088
900.827
906.328
942.308
853.279
857.974
828.875
836.631
825.306
933.845
860.465
980.971
818.282
813.734
814.982
973.537
984.743
816.504
992.473
992.088
811.182
816.604
953.691
819.704
781.029
844.445
817.12
791.061
978.632
798.345
990.263
809.279
987.786
966.832
745.851
672.748
699.173
724.203
645.569
767.729
744.684
840.214
784.63
804.84
844.096
980.18
975.649
958.376
839.143
927.75
844.291
854.766
877.951
842.341
819.068
972.35
909.073
889.72
867.724
873.35
886.075
863.144
932.309
931.218
836.838
980.167
845.234
943.038
849.829
932.13
890.975
918.259
891.141
921.234
933.624
761.623
764.102
837.832
929.826
877.82
982.494
953.294
825.689
738.834
769.861
744.78
679.616
782.484
721.599
867.385
717.294
700.938
798.86
824.896
766.943
836.703
902.445
811.532
796.514
929.937
851.314
846.789
863.684
879.576
792.464
884.86
896.446
880.223
875.807
905.546
888.357
935.102
931.456
941.317
950.841
820.142
928.433
943.83
883.574
858.85
827.779
940.663
848.439
844.66
937.04
832.448
841.438
859.584
928.747
881.783
862.172
850.821
815.899
975.2
967.365
844.347
978.877
831.146
948.387
990.169
841.051
951.267
814.676
974.272
814.785
954.618
818.629
968.09
979.985
977.624
978.075
833.437
752.763
715.279
692.949
721.168
664.853
792.858
840.528
817.94
847.695
931.139
949.65
965.687
926.425
716.835
893.494
829.492
805.254
866.325
894.135
840.93
864.423
962.006
851.087
904.51
966.546
930.832
937.155
753.793
889.259
916.081
909.973
827.957
870.185
884.766
853.162
932.865
938.379
848.482
931.293
840.301
960.839
946.179
844.171
979.997
867.717
777.148
804.971
970.793
874.678
724.193
698.569
741.95
858.11
771.51
731.707
814.164
756.307
781.196
776.085
861.324
920.287
859.378
799.051
855.692
891.021
899.54
893.67
903.723
930.459
875.485
883.351
858.737
911.845
860.532
923.322
851.962
931.286
933.452
915.093
930.034
927.122
911.746
890.326
943.522
846.678
931.904
856.739
889.927
871.082
866.185
925.67
916.788
916.212
887.376
891.363
891.805
979.345
970.349
839.827
867.418
835.394
976.974
844.324
974.222
977.933
838.091
843.35
809.823
844.408
963.195
959.073
853.592
955.908
944.391
979.173
844.26
822.502
735.223
861.316
967.073
962.776
945.087
899.137
964.658
933.234
913.76
867.713
867.084
749.129
775.482
866.595
819.766
914.011
959.807
918.075
871.095
914.975
887.924
908.18
908.813
915.293
875.819
918.606
911.179
920.908
880.491
889.302
919.341
918.733
872.411
964.373
939.797
742.698
908.432
875.369
944.224
900.987
929.979
897.755
905.126
887.661
860.078
856.617
962.897
924.751
918.409
826.082
733.626
800.24
876.821
817.459
788.289
833.625
796.335
907.906
858.805
840.338
878.654
869.404
886.803
812.934
878.948
873.022
884.507
831.127
941.01
836.274
957.162
950.725
919.413
907.074
955.423
917.258
901.732
906.557
883.731
875.417
914.361
913.033
896.649
913.44
931.206
868.622
888.573
924.704
918.373
917.283
909.19
891.901
876.946
863.02
848.197
968.138
963.912
935.008
840.22
867.179
840.166
963.289
866.754
865.644
965.985
966.584
933.101
866.602
844.674
867.24
712.34
760.632
791.871
952.308
862.571
892.118
912.177
947.435
797.775
817.331
852.212
846.308
760.269
865.292
805.531
882.122
817.352
813.198
878.232
830.496
859.223
865.126
928.542
888.386
897.798
944.885
886.646
899.652
863.469
949.237
925.303
957.62
927.593
951.684
873.029
918.686
922.209
956.498
904.71
919.197
929.052
952.637
898.427
862.289
887.097
896.638
921.506
886.552
919.665
893.756
915.823
903.816
917.316
899.362
803.747
762.871
896.395
786.367
850.141
919.055
906.427
825.482
870.609
940.741
919.001
886.123
906.647
920.143
920.81
900.526
919.038
894.358
878.538
913.572
916.948
927.735
910.757
912.982
869.683
910.121
918.542
882.019
914.205
965.714
866.645
859.289
931.863
860.299
866.997
963.829
961.58
862.205
966.671
867.641
942.606
887.286
914.361
902.508
812.737
730.836
748.102
897.244
845.627
854.544
930.511
923.703
927.151
947.137
885.352
883.802
879.792
931.961
904.063
764.019
880.337
929.979
898.579
880.043
929.843
916.644
949.2
897.389
886.692
887.332
951.301
927.106
917.959
886.13
889.765
791.99
835.633
837.149
837.423
922.974
876.19
898.872
912.166
952.417
955.094
924.154
950.767
862.571
862.202
949.837
886.549
956.168
832.708
776.887
910.645
851.48
778.647
868.237
791.625
802.987
882.45
827.744
894.391
822.244
904.829
852.916
937.397
843.489
849.191
859.249
936.249
903.533
882.411
904.207
942.692
891.473
884.318
944.967
933.342
939.795
918.988
939.395
889.472
932.607
888.289
904.51
895.349
947.695
935.726
896.346
914.485
915.512
930.748
938.85
931.421
903.846
906.738
903.664
912.171
904.853
903.671
933.728
898.813
914.109
903.877
902.127
903.709
909.31
881.789
932.33
881.216
950.188
914.369
881.621
934.865
936.901
946.551
881.6
934.335
879.63
932.074
896.613
898.362
903.742
948.494
900.414
916.685
906.349
886.428
881.47
897.704
