571.23
622.926
510.524
475.769
841.343
828.136
806.231
570.633
568.836
565.849
561.686
556.363
549.904
542.34
533.697
524.017
513.381
501.661
489.356
490.088
503.373
516.301
528.936
540.645
552.073
562.278
572.893
581.579
590.842
598.401
606.339
613.104
619.613
625.469
630.938
635.791
640.252
644.379
647.961
651.248
654.217
656.846
659.214
661.303
663.188
664.791
666.355
667.426
668.936
669.488
670.448
671.261
671.958
672.476
672.975
673.773
674.224
673.831
675.855
674.107
675.958
674.932
676.576
674.9
676.826
676.05
676.591
676.719
676.535
677.466
676.244
677.223
677.271
676.759
678.29
677.91
678.782
677.866
680.357
677.647
679.954
679.083
681.057
679.262
681.816
681.173
683.494
681.016
686.194
682.952
685.942
684.517
686.383
686.573
687.296
686.515
686.132
685.41
684.761
680.041
681.396
674.025
673.81
667.819
665.224
656.54
655.024
645.293
639.432
628.081
622.789
609.186
599.596
585.258
574.901
556.344
543.498
526.383
526.023
541.087
554.89
567.344
578.939
589.074
597.972
605.552
611.78
616.65
620.134
622.229
648.578
673.065
696.27
718.181
738.717
757.874
775.621
791.961
806.902
820.465
832.681
843.591
853.246
861.701
869.022
875.277
880.539
884.885
888.391
891.137
893.202
894.662
895.595
896.079
896.187
895.984
895.526
894.87
894.068
893.169
892.214
891.238
890.269
889.331
888.442
887.614
886.854
886.166
885.55
885.004
884.524
884.101
883.728
883.397
883.098
882.818
882.549
882.294
882.07
881.866
881.654
881.407
881.13
880.831
880.515
880.177
879.812
879.416
878.982
878.505
877.979
877.395
876.744
876.012
875.188
874.255
873.196
871.995
870.63
869.08
867.321
865.325
863.06
860.492
857.589
854.322
850.66
846.568
842.001
836.914
831.263
825.004
818.095
810.493
802.156
793.045
783.12
772.347
760.693
748.132
734.642
720.207
704.817
688.473
671.172
652.946
633.789
613.77
592.886
702.934
656.943
699.176
887.91
842.307
873.912
790.796
630.231
705.577
885.438
882.323
583.303
873.81
679.899
712.083
703.43
809.27
642.71
771.216
876.593
719.202
712.544
870.624
709.947
707.303
878.422
569.259
611.396
717.004
671.434
691.886
704.783
706.305
682.199
893.242
894.098
881.145
894.648
891.741
706.354
880.658
717.106
715.609
712.599
861.715
835.63
852.99
706.156
880.258
590.942
651.946
574.723
581.901
641.162
533.163
541.596
879.731
706.973
604.211
700.825
883.493
712.473
884.138
695.192
867.716
561.155
647.577
559.947
612.608
586.398
589.719
504.085
671.867
546.432
559.4
620.053
687.508
737.589
875.362
710.029
715.331
845.257
708.24
823.747
694.009
791.864
664.63
747.06
877.594
708.313
708.032
879.121
872.879
711.477
716.15
702.293
865.962
859.154
716.292
613.102
704.559
662.324
860.372
637.944
889.813
644.818
756.755
819.237
696.783
886.99
685.065
887.022
883.594
883.115
675.47
881.992
704.492
881.692
894.756
889.728
893.441
706.786
687.609
629.258
600.428
551.87
544.35
591.9
517.842
696.972
882.792
883.657
660.955
731.967
878.113
733.574
879.369
869.688
635.045
738.3
722.294
708.336
889.808
890.382
743.996
857.663
632.971
713.826
562.855
569.496
601.521
687.067
533.171
578.881
695.012
632.714
607.237
670.19
734.396
571.404
519.003
633.119
703.835
774.483
673.74
759.591
800.954
699.826
829.991
713.03
849.337
715.849
816.854
874.633
690.273
713.84
708.855
840.704
781.963
709.755
656.457
712.478
733.603
871.823
716.224
856.254
715.214
863.971
876.011
880.467
706.763
708.877
878.026
707.247
707.195
879.434
880.012
707.701
706.809
878.785
701.548
702.929
877.118
706.672
622.487
715.44
703.535
869.263
593.39
880.89
706.185
700.076
703.26
831.423
851.937
867.674
805.705
888.846
879.16
697.615
886.196
679.026
890.787
891.787
667.159
884.752
882.694
693.692
651.2
894.554
881.416
689.877
705.723
894.17
892.639
705.288
711.386
877.784
621.088
576.217
561.134
588.36
635.985
530.11
645.065
594.28
578.446
606.476
610.253
838.462
869.821
787.404
726.031
887.463
657.152
700.889
730.968
826.191
797.353
699.069
725.058
871.135
739.53
756.289
871.88
737.387
740.967
873.863
865.167
735.811
718.694
733.818
876.977
734.274
876.556
745.6
845.408
734.853
875.899
875.25
709.034
732.485
652.255
667.302
620.386
629.238
590.074
753.521
870.511
738.543
736.281
734.914
644.073
729.373
701.129
889.15
732.798
732.877
890.475
889
878.48
621.309
558.536
630.054
548.1
691.962
664.843
576.752
595.757
587.982
602.279
716.181
730.49
670.058
679.536
729.681
831.801
742.626
849.002
746.148
778.5
805.61
744.023
707.48
859.907
740.328
739.482
874.252
867.711
868.761
836.857
744.387
745.14
855.098
875.67
872.974
813.141
734.172
732.933
737.672
712.705
652.987
874.613
731.257
624.699
728.764
815.618
856.381
727.956
885.505
882.774
881.201
723.694
714.117
877.464
681.443
885.549
879.908
732.744
668.373
879.326
704.914
692.227
884.589
890.263
732.848
889.922
720.596
878.895
595.409
643.387
608.312
579.293
546.554
669.085
606.696
676.443
654.537
756.142
720.334
872.416
753.962
876.684
690.15
722.371
757.335
872.373
758.695
695.924
862.882
799.564
819.954
751.518
766.063
765.441
866.959
653.597
747.296
881.895
882.504
883.546
770.581
839.223
771.293
850.701
760.258
866.227
586.425
742.945
861.887
709.853
728.858
871.498
562.395
687.564
643.723
684.558
592.458
614.217
771.191
649.086
729.367
614.297
711.11
689.453
743.851
689.906
673.762
871.239
737.814
743.498
863.631
861.936
766.006
788.33
767.83
736.052
734.713
876.101
734.382
875.494
873.441
736.362
825.551
767.616
756.406
730.958
852.214
745.771
867.689
872.459
736.347
734.783
730.012
874.946
741.078
819.994
737.782
719.718
841.395
744.974
866.52
875.828
827.69
863.629
758.172
735.738
880.519
870.814
886.517
726.975
887.549
802.226
875.029
876.827
716.549
734.084
848.01
881.954
725.217
731.436
675.171
888.355
877.136
733.938
758.294
883.406
878.548
743.56
659.419
674.169
605.839
641.272
612.711
625.868
613.75
782.046
762.235
832.115
861.546
865.153
763.253
768.484
856.87
688.837
695.987
862.962
754.287
853.568
811.556
743.858
788.611
874.206
781.074
760.932
761.062
773.546
849.775
789.311
759.283
868.874
673.207
622.934
606.668
876.877
712.804
835.211
769.961
868.517
868.026
755.678
697.295
872.907
757.317
870.503
759.216
878.498
880.387
882.001
738.681
722.493
629.662
661.98
644.544
679.642
577.607
748.295
632.239
620.06
702.042
725.303
664.637
750.834
643.907
809.881
682.293
772.796
863.757
764.379
830.608
768.852
768.55
866.201
791.42
760.715
866.613
868.834
760.173
868.123
761.178
761.489
842.515
847.924
770.779
771.293
860.883
859.704
766.629
762.903
807.017
813.822
867.329
760.591
763.253
739.331
745.8
760.773
853.13
770.437
875.805
758.6
748.864
751.362
863.07
877.631
753.039
882.984
882.88
745.535
754.882
872.194
759.616
703.786
781.132
756.792
715.36
868.205
724.812
880.492
741.299
879.485
871.913
664.717
596.685
627.79
638.576
574.917
681.72
661.406
743.438
701.578
723.931
779.328
871.835
869.174
862.825
769.939
851.4
781.716
783.916
783.388
777.036
741.473
867.445
822.069
793.144
801.449
786.467
791.451
784.394
858.522
857.389
766.249
872.348
781.946
861.18
783.893
855.38
794.612
833.304
794.662
841.052
858.574
680.539
672.811
740.971
854.634
787.838
874.322
861.933
750.406
660.326
684.734
656.073
602.847
694.637
646.332
765.885
636.094
621.779
703.949
733.794
683.021
738.552
796.776
722.459
709.954
821.646
754.685
752.665
767.398
782.533
709.761
791.378
805.449
782.769
778.584
817.208
791.542
855.149
857.86
865.744
870.545
759.939
852.514
868.315
786.378
767.413
760.728
864.531
763.694
780.512
858.379
760.736
761.611
769.693
845.132
789.447
771.083
783.995
752.241
866.277
856.97
781.376
874.983
757.755
861.289
881.258
775.719
841.504
750.072
873.521
736.1
870.071
758.866
858.925
871.925
868.873
870.731
761.044
662.535
631.407
613.494
646.409
591.009
702.738
773.508
726.685
752.356
823.552
840.893
864.685
849.041
634.749
789.472
734.639
718.467
773.685
794.048
759.806
796.691
854.64
773.569
809.712
859.751
856.249
849.762
664.433
801.378
842.107
809.542
731.369
774.706
790.819
783.764
858.789
860
783.423
857.23
774.672
863.339
861.1
781.339
872.227
801.173
691.609
713.642
863.939
805.853
639.467
618.971
663.959
758.46
680.099
649.281
718.182
672.639
695.674
692.61
765.141
813.575
762.629
717.145
760.294
798.741
799.149
807.032
803.245
855.576
787.018
790.181
784.09
811.517
783.987
843.918
783.742
857.616
858.939
840.765
854.837
850.281
826.348
793.928
863.417
782.617
858.262
783.913
793.827
785.955
785.087
847.678
833.368
835.279
792.291
795.136
795.329
870.781
866.531
771.506
801.451
763.942
869.987
781.524
868.42
870.34
768.118
778.175
730.143
779.943
854.017
851.57
777.23
862.402
861.178
871.567
781.412
746.068
648.359
789.688
860.828
857.922
851.265
807.322
858.98
853.399
838.515
801.57
801.522
663.599
688.376
768.197
734.573
810.938
856.519
844.692
790.962
814.988
818.88
811.317
830.239
815.746
804.742
846.35
812.64
847.568
804.26
804.827
847.02
846.77
804.662
857.162
850.212
655.452
803.689
789.469
838.575
828.81
826.669
812.291
821.979
818.965
786.593
781.206
857.08
848.321
844.01
731.612
649.615
711.687
774.767
722.774
695.296
740.159
709.187
802.348
765.252
745.644
779.921
771.568
787.323
726.871
788.569
781.453
795.339
747.92
832.736
754.094
848.099
843.158
816.086
806.574
847.834
843.575
808.349
810.617
803.51
805.507
839.606
812.86
806.532
837.624
856.884
785.721
792.863
846.039
846.325
834.73
811.67
795.473
804.333
794.944
769.436
865.619
857.652
849.702
772.693
801.433
773.927
863.965
799.587
798.228
858.956
860.446
849.779
801.116
764.741
800.41
629.951
678.48
703.285
853.09
792.949
805.54
813.291
851.708
708.999
725.612
755.625
748.98
670.974
765.429
713.021
780.171
724.694
723.262
778.51
741.63
769.865
776.893
822.13
787.6
796.083
837.479
817.027
827.17
780.988
843.863
827.482
855.464
828.558
846.668
794.178
845.582
825.902
851.308
833.617
824.547
829.121
848.221
825.028
793.787
818.718
822.704
836.263
818.635
836.461
823.283
815.832
822.177
817.257
819.546
709.657
676.369
792.843
699.145
755.888
813.376
803.94
741.317
783.508
835.032
846.46
803.8
827.519
847.376
847.047
815.949
846.958
806.007
804.182
814.337
817.053
850.122
832.941
836.548
802.858
812.08
846.58
803.811
814.13
859.763
800.942
784.758
850.378
787.871
801.415
858.486
857.389
791.254
860.451
786.325
850.839
817.971
839.355
830.579
720.981
645.932
661.191
824.467
754.281
769.781
825.088
820.279
823.756
841.597
815.464
813.657
795.071
828.813
833.599
675.623
806.281
829.41
824.562
803.975
838.108
823.711
845.509
821.972
818.563
818.796
847.111
837.468
836.701
818.208
820.454
700.06
741.294
745.123
749.458
818.038
798.241
825.976
835.062
847.497
854.304
836.731
845.57
792.271
793.189
852.31
818.572
851.254
738.054
686.02
838.058
754.232
689.215
768.815
701.642
712.861
781.34
735.265
792.002
732.732
801.423
762.467
830.377
756.572
763.349
775.618
830.598
831.882
811.964
832.842
842.525
808.893
800.729
843.623
830.375
841.073
846.165
836.233
808.882
830.493
808.805
833.736
818.476
844.784
833.518
818.318
823.337
837.824
829.723
836.173
830.086
821.08
835.248
833.443
822.981
834.071
833.574
831.853
821.707
838.001
833.548
821.324
833.589
822.233
809.138
830.727
807.898
846.228
810.11
810.762
832.007
839.791
844.308
809.609
838.928
804.702
838.455
820.554
823.709
833.676
845.126
821.496
837.271
821.459
818.313
810.086
822.371
