591.713
649.2
528.686
489.021
869.353
853.038
833.207
591.071
589.14
585.93
581.455
575.733
568.79
560.658
551.364
540.963
529.52
516.904
503.735
504.53
518.619
532.376
545.938
558.312
570.458
580.993
592.409
601.091
610.896
618.343
626.645
633.405
640
645.851
651.335
656.088
660.46
664.536
667.954
671.102
673.95
676.432
678.664
680.609
682.367
683.815
685.304
686.139
687.749
687.901
688.781
689.543
690.159
690.541
690.966
691.958
692.339
691.497
694.493
691.481
694.186
692.477
694.874
692.074
695.036
693.737
694.46
694.563
694.169
695.534
693.362
694.813
694.743
693.775
696.174
695.473
696.595
694.985
698.684
693.964
697.271
695.709
698.525
695.195
699.091
697.945
701.319
697.133
705.615
700.201
704.909
702.799
706.044
707.011
708.732
708.127
708.287
708.377
708.387
702.07
706.123
695.946
698.039
691.358
690.167
679.705
681.669
670.466
665.623
652.636
650.211
634.327
625.199
609.15
599.826
577.129
564.492
545.507
545.362
561.713
576.627
589.9
602.417
613.249
622.737
630.802
637.41
642.568
646.251
648.464
676.878
703.223
728.064
751.423
773.189
793.378
811.954
828.933
844.328
858.175
870.518
881.411
890.92
899.115
906.075
911.883
916.627
920.396
923.281
925.374
926.764
927.541
927.793
927.609
927.071
926.254
925.221
924.035
922.754
921.432
920.112
918.831
917.615
916.487
915.461
914.544
913.738
913.041
912.445
911.942
911.519
911.164
910.861
910.599
910.364
910.14
909.916
909.696
909.498
909.311
909.108
908.863
908.583
908.279
907.96
907.623
907.265
906.883
906.474
906.034
905.556
905.034
904.458
903.817
903.096
902.281
901.354
900.297
899.09
897.71
896.132
894.327
892.263
889.903
887.215
884.166
880.725
876.852
872.499
867.616
862.153
856.06
849.287
841.784
833.5
824.385
814.39
803.471
791.586
778.696
764.771
749.786
733.722
716.578
698.34
679.048
658.677
637.326
614.957
722.278
678.869
719.371
914.99
880.059
910.446
827.704
652.023
725.279
912.248
909.385
603.602
901.654
707.03
731.253
730.795
840.488
668.132
802.267
904.107
748.711
731.52
898.862
728.77
725.527
905.811
589.561
637.364
750.179
693.085
712.592
723.798
725.573
703.494
926.048
923.718
908.445
926.103
919.928
725.526
908.019
738.252
736.678
736.24
890.851
866.26
882.765
725.039
907.647
613.826
677.978
598.013
603.149
669.025
550.698
559.826
907.118
726.101
625.36
720.756
918.932
731.006
910.96
715.601
896.28
583.502
675.816
582.002
636.08
607.983
611.553
519.409
701.952
564.674
578.392
645.213
715.545
771.999
903.012
728.348
737.857
875.471
733.378
854.731
722.054
823.13
692.209
777.552
905.022
726.56
727.345
906.502
900.841
730.214
736.295
722.126
894.706
888.498
737.251
634.376
724.157
684.228
897.715
659.899
917.33
666.822
792.198
856.881
717.127
921.807
706.216
913.966
910.459
910.038
697.045
909.124
723.675
908.889
925.565
923.892
922.53
726.603
708.61
656.401
625.63
570.87
565.294
613.897
534.333
720.182
917.39
910.514
684.382
752.483
904.965
754.227
906.017
897.341
658.02
757.559
744.085
731.07
919.204
921.612
765.596
886.598
660.632
746.821
582.348
589.764
624.171
710.46
550.671
602.658
726.731
657.525
631.59
697.289
768.627
591
535.541
658.753
732.672
810.755
701.168
790.41
832.224
727.502
860.809
738.406
879.331
737.779
847.974
902.373
719.328
736.493
736.314
871.131
813.16
727.961
684.052
731.189
763.661
899.916
737.167
885.811
735.426
892.907
903.587
907.846
725.958
727.181
905.43
725.414
726.277
906.817
907.402
727.295
725.19
906.167
721.379
722.679
904.583
724.015
644.273
735.47
722.982
897.657
613.839
908.225
725.378
720.187
722.043
869.193
889.542
904.655
843.067
916.116
915.176
717.654
913.052
700.478
918.61
925.276
688.976
911.553
909.685
714.254
673.199
924.75
908.67
710.728
725.133
926.294
921.249
724.295
733.96
904.708
647.717
597.04
580.827
612.758
663.543
547.459
673.157
619.16
601.945
629.495
633.552
876.007
906.141
824.124
747.318
915.426
686.423
729.519
751.895
856.793
828.403
728.638
752.924
897.639
766.06
786.89
899.265
756.94
760.96
901.076
893.366
756.151
740.79
754.399
904.076
754.789
903.72
770.393
875.194
755.362
903.081
902.44
741.752
756.566
681.172
694.195
644.294
657.061
611.157
788.784
898.06
758.114
756.538
755.006
667.159
750.182
724.175
918.015
753.075
753.486
921.062
921.582
905.259
648.144
577.963
654.671
566.544
723.504
694.518
597.102
620.701
609.623
623.94
745.479
760.334
699.832
708.879
757.045
862.217
769.115
878.571
770.446
809.477
836.608
765.324
736.829
888.642
760.17
758.993
901.449
895.61
896.531
867.071
770.566
767.676
884.24
902.857
900.248
844.042
754.267
759.795
758.051
741.017
676.312
901.803
752.017
647.311
749.735
853.064
893.512
749.021
919.449
909.495
907.791
745.335
736.53
904.453
704.93
912.842
906.513
753.723
691.85
914.547
727.799
715.524
911.635
920.236
753.45
921.821
742.54
905.604
617.605
671.737
634.21
600.286
565.128
699.008
628.892
706.016
678.732
778.168
744.86
907.273
776.335
903.176
715.021
753.397
779.11
898.665
780.487
724.208
890.216
830.198
850.197
782.08
794.16
786.501
893.855
682.728
770.385
914.087
911.525
914.399
795.838
868.676
794.745
879.294
781.912
892.949
607.821
763.936
890.432
734.609
753.103
897.926
582.052
718.852
672.257
712.387
613.873
641.081
807.279
674.913
763.31
636.64
740.059
719.593
774.126
719.277
698.455
898.699
757.455
764.44
891.997
889.385
787.171
819.376
798.661
756.471
754.647
903.27
754.897
902.684
900.68
756.572
855.61
794.883
786.523
762.027
881.568
769.272
894.56
899.782
755.887
754.951
750.798
902.134
760.994
850.76
764.784
747.822
871.398
770.391
894.563
910.062
865.256
900.397
780.055
759.65
907.101
897.392
914.115
748.086
920.815
839.395
910.828
903.968
738.802
754.62
885.405
908.588
746.796
752.119
698.667
916.74
904.182
754.558
780.145
913.625
905.474
766.969
688.776
704.653
628.669
669.583
638.8
650.179
637.167
818.458
792.702
869.311
887.572
892.226
784.113
790.277
884.909
716.634
727.329
897.312
779.562
880.465
841.305
776.311
810.593
900.433
804.107
782.528
781.89
805.035
886.551
818.761
781.003
895.59
703.658
646.855
629.177
907.339
743.74
864.867
795.838
895.383
894.894
777.867
722.162
899.152
779.239
897.15
781.111
912.074
907.979
910.493
762.425
756.034
656.784
690.866
670.044
707.127
598.18
783.26
655.566
642.911
732.698
754.794
689.156
781.075
667.733
846.999
707.102
803.408
890.99
785.269
860.465
795.363
790.531
893.164
822.105
781.644
893.537
895.649
781.84
894.957
782.657
782.198
871.759
876.725
795.427
795.085
888.46
887.423
787.902
783.749
837.555
844.228
894.208
790.16
792.089
770.451
776.72
782.512
881.531
793.36
902.163
780.401
771.796
774.074
899.03
904.314
775.513
914.482
912.48
768.779
777.194
899.113
781.341
728.602
804.088
778.782
740.018
903.642
749.205
913.387
764.877
906.714
898.268
694.597
618.837
655.148
663.643
595.427
712.664
686.534
773.184
727.616
749.977
802.482
903.487
895.616
888.631
794.167
878.529
804.575
806.425
813.571
800.258
767.243
893.46
851.449
821.365
825.397
808.385
814.212
806.708
884.951
883.888
790.83
900.834
804.763
887.499
806.712
881.56
821.546
862.435
819.129
869.158
884.961
711.156
699.818
775.511
881.44
809.756
904.176
887.881
775.855
689.954
715.962
682.169
625.288
726.496
674.388
801.67
660.167
645.126
732.411
766.228
708.74
768.47
833.631
754.703
741.823
858.874
784.656
785.014
799.262
813.214
735.856
821.509
835.356
813.33
809.636
846.785
820.386
883.365
884.303
892.757
897.413
781.648
879.519
895.183
816.39
788.918
782.397
891.678
784.513
803.569
886.252
781.894
782.227
792.101
874.152
811.532
795.241
806.755
774.859
900.003
893.381
804.29
901.255
782.853
887.396
909.273
799.015
878.546
772.843
899.743
761.985
896.772
780.624
893.859
902.668
901.942
897.826
785.975
689.091
655.95
636.722
674.998
612.573
735.086
797.218
759.719
785.978
860.261
877.174
890.424
876.464
659.003
825.898
763.789
745.576
803.253
826.796
786.628
820.925
887.73
799.904
832.738
890.808
882.908
875.205
690.852
830.532
868.469
840.104
760.802
804.888
813.301
806.34
885.215
886.372
806.259
883.779
798.068
889.097
887.286
804.135
900.212
825.176
723.178
746.652
893.552
829.702
664.365
642.359
693.646
793.817
707.295
673.957
747.189
698.108
727.377
718.515
795.255
850.337
796.288
743.235
792.45
828.778
831.433
836.032
834.996
882.305
808.91
812.434
806.521
841.433
806.365
871.857
806.4
884.081
885.358
867.22
881.03
877.552
855.453
821.503
889.916
805.443
884.698
806.367
817.77
807.96
807.332
875.267
862.144
863.49
815.382
821.432
820.393
903.165
892.41
795.575
825.345
788.704
896.728
804.413
894.626
899.341
792.513
801.351
756.112
803.041
889.479
885.29
803.378
888.275
887.444
899.081
804.208
771.679
673.899
814.913
888.696
883.791
876.489
830.212
885.475
879.373
865.228
825.304
825.323
689.204
714.874
802.807
761.727
844.739
881.973
870.914
818.214
842.938
843.718
834.653
857.783
841.296
828.449
872.338
836.792
873.44
827.701
827.853
872.899
872.675
828.487
889.6
875.574
681.23
839.866
817.954
871.566
854.547
858.182
841.139
850.49
843.737
812.23
807.208
885.744
874.142
869.67
765.6
674.603
744.145
810.756
751.619
723.164
773.563
736.164
839.026
794.823
775.011
813.277
805.119
820.41
754.032
817.986
810.967
824.643
774.935
869.284
781.022
884.018
878.001
849.416
837.749
882.146
869.867
831.28
833.777
826.697
829.303
866.181
842.118
829.417
864.497
883.488
807.87
816.344
873.801
872.268
863.324
835.213
821.152
827.957
819.238
795.947
891.409
887.915
875.24
796.595
825.287
797.454
889.698
823.705
822.402
890.717
887.818
875.412
824.874
791.411
824.462
654.153
709.238
735.639
878.24
817.661
828.511
837.826
876.878
741.518
758.92
789.994
783.783
697.527
800.873
741.197
816.054
753.167
751.147
813.153
769.706
798.664
805.608
858.054
822.155
830.476
872.784
841.961
852.981
808.562
875.556
851.396
880.776
852.613
877.049
821.2
871.745
849.698
880.607
859.142
848.279
853.345
875.431
851.091
818.182
843.426
847.26
861.056
843.233
861.359
847.989
843.171
850.343
844.033
847.236
738.08
702.467
828.962
725.923
785.394
849.48
838.085
768.403
812.125
868.625
872.509
826.885
855.164
873.255
872.881
844.671
872.851
828.922
827.718
839.334
843.22
876
860.323
863.59
826.626
835.89
872.501
827.125
842.732
886.669
824.672
810.614
876.123
813.278
825.236
884.643
883.029
816.307
888.667
813.752
876.132
842.851
864.751
856.265
754.301
671.016
687.036
849.156
783.15
797.61
859.68
853.062
855.925
873.953
840.442
838.682
823.416
859.649
858.997
702.106
832.33
853.846
850.802
830.504
862.689
847.439
871.313
846.43
843.221
843.337
873.788
862.113
861.7
842.765
845.052
727.82
775.222
773.928
777.519
852.986
825.127
851.9
862.275
877.414
879.515
861.443
876.6
817.151
817.726
877.453
843.194
879.091
772.181
713.24
863.464
788.995
716.222
804.017
729.045
740.547
816.768
763.941
827.475
760.744
836.811
791.332
866.044
784.57
791.27
803.33
864.73
857.51
837.055
858.415
867.179
837.034
828.938
868.421
860.538
865.616
872.271
865.19
836.569
858.552
836.233
859.197
845.419
869.985
859.982
845.551
847.105
863.036
854.426
863.294
855.108
845.121
860.543
858.789
846.807
859.328
858.891
857.753
846.076
863.284
858.798
845.485
858.857
846.117
834.837
856.145
833.769
872.434
845.323
835.96
861.535
864.272
869.283
835.124
863.403
830.955
862.97
847.313
850.121
858.971
870.599
845.767
862.381
845.411
842.853
835.43
848.958
