634.551
704.331
577.962
517.365
938.291
859.973
862.638
633.824
631.633
627.988
622.902
616.394
608.49
599.224
588.618
576.745
563.615
549.303
533.94
534.718
551.002
566.456
580.932
594.416
606.937
618.42
629.044
638.456
647.511
654.621
662.454
668.525
673.89
678.67
683.021
686.764
689.039
692.248
694.626
696.469
696.831
700.749
700.042
702.196
701.539
704.788
702.144
704.062
703.246
703.736
702.866
703.522
701.781
701.336
700.877
700.032
699.463
697.417
700.607
693.694
697.878
692.566
699.076
693.982
696.788
697.396
693.784
694.13
695.329
699.384
693.049
706.169
702.867
707.73
700.701
707.5
711.431
715.84
719.712
726.746
732.219
728.103
739.717
718.987
735.248
730.537
739.042
732.096
747.026
759.52
752.058
767.506
741.054
764.474
743.464
757.007
742.866
762.042
776.718
768.151
773.116
765.104
780.342
746.366
753.746
746.134
741.203
731.923
734.421
695.322
700.884
683.351
676.703
646.99
661.751
634.421
618.592
597.271
592.989
615.445
631.431
645.955
659.669
670.518
680.067
687.718
693.884
698.528
701.78
703.699
736.257
766.492
794.696
821.028
845.301
867.606
887.915
906.282
922.755
937.397
950.284
961.5
971.138
979.297
986.084
991.61
995.989
999.334
1001.76
1003.36
1004.25
1004.5
1004.19
1003.4
1002.18
1000.57
998.59
996.272
993.638
990.708
987.503
984.045
980.358
976.471
972.418
968.236
963.969
959.66
955.357
951.108
946.959
942.955
939.136
935.541
932.203
929.142
926.38
923.948
921.884
920.188
918.831
917.78
917.032
916.582
916.414
916.5
916.801
917.282
917.902
918.621
919.398
920.194
920.972
921.697
922.337
922.865
923.258
923.498
923.568
923.456
923.149
922.63
921.883
920.886
919.617
918.055
916.174
913.937
911.292
908.179
904.533
900.284
895.357
889.67
883.137
875.67
867.181
857.581
846.785
834.713
821.295
806.468
790.183
772.408
753.105
732.321
709.974
686.257
661.01
732.583
712.367
735.357
974.797
960.203
990.17
905.148
690.053
731.651
962.307
937.506
643.388
920.818
777.501
776.255
779.102
888.267
751.573
856.257
917.863
805.268
781.238
921.989
747.369
745.061
915.25
632.14
698.989
819.873
723.14
734.693
724.77
724.296
730.875
1002.89
996.92
924.761
1001.76
989.027
730.015
920.282
779.768
801.366
784.426
920.398
906.732
916.574
729.247
917.259
679.074
731.12
656.688
647.598
729.173
586.681
598.207
915.454
728.672
665.255
734.27
997.83
780.58
953.705
736.14
921.954
639.851
735.265
639.751
684.853
653.089
657.143
552.189
765.282
602.522
617.222
724.418
771.251
844.211
919.446
755.841
809.077
912.471
787.211
898.856
788.855
874.302
761.218
833.446
916.359
747.538
735.328
914.852
921.35
774.833
774.365
734.433
921.65
919.406
794.921
674.331
731.505
716.283
977.926
696.753
982.366
702.857
866.529
936.18
735.129
1000.22
730.044
970.748
949.461
945.317
725.36
933.916
728.472
930.579
1000.52
1001.8
994.596
727.159
732.728
717.565
686.709
610.835
619.076
659.804
568.916
752.042
995.616
969.794
724.769
756.904
932.63
757.358
944.531
916.275
700.237
795.108
764.563
758.158
991.905
996.836
825.475
915.928
725.976
816.795
622.557
632.17
671.355
745.627
587.731
659.91
793.429
708.679
711.845
751.927
841.135
630.86
570.015
738.082
789.008
886.816
769.727
845.487
881.751
792.962
903.095
787.594
914.698
802.518
893.941
920.175
783.454
795.952
785.336
909.837
865.834
758.253
766.373
778.457
820.06
921.746
790.39
918.136
779.084
921.137
918.664
918.615
729.516
749.07
915.735
744.002
731.927
915.011
916.207
735.856
744.15
914.943
734.987
733.419
917.082
747.664
683.402
788.528
732.113
922.063
654.782
922.339
728.89
735.476
727.928
949.026
969.803
984.678
921.58
978.681
994.516
735.621
966.57
728.026
985.823
1002.66
720.648
958.003
941.319
733.002
708.064
998.903
927.521
733.157
729.712
1002.57
991.957
725.155
761.152
929.056
709.184
640.652
622.191
673.234
724.214
584.151
732.875
681.693
663.057
677.394
681.991
956.3
985.838
901.836
765.177
983.993
749.17
785.482
761.521
898.79
877.599
799.932
824.662
924.575
837.117
841.601
914.093
794.498
806.761
911.104
917.555
766.592
763.793
757.523
919.922
755.558
915.662
823.267
910.313
758.858
912.4
910.316
812.169
786.499
746.228
748.458
693.722
717.8
653.245
863.412
915.623
797.819
775.548
767.055
708.914
762.748
754.982
989.565
756.304
756.771
995.56
998.079
936.426
713.181
618.823
705.459
605.554
790.468
758.548
638.439
684.848
654.819
666.743
801.662
816.359
762.744
774.806
833.231
902.408
836.826
912.148
822.891
861.799
884.067
824.118
807.809
916.655
801.953
798.817
910.603
917.22
916.815
905.502
831.04
822.99
914.934
911.324
912.486
889.7
758.497
835.345
784.258
813.936
717.52
910.284
760.336
690.115
763.536
932.576
973.793
764.809
997.113
965.757
957.342
765.253
761.89
925.703
741.492
977.344
948.761
759.964
730.898
993.31
756.708
748.616
973.669
993.907
756.009
997.702
765.596
940.405
663.895
737.111
698.177
644.208
603.951
762.606
673.604
781.452
723.658
789.73
778.754
985.771
791.503
961.601
755.782
829.004
786.606
936.404
783.622
779.548
908.768
877.119
891.698
853.509
860.499
830.237
903.439
751.364
792.609
989.966
983.379
988.906
860.658
903.381
851.105
908.268
787.361
901.724
652.235
821.852
917.16
771.168
784.254
928.351
622.672
786.267
734.23
767.718
657.649
703.875
883.628
727.677
836.265
679.011
795.62
795.918
829.648
789.749
741.517
914.887
796.114
814.651
917.456
909.3
834.004
870.206
852.291
770.11
767.38
913.774
757.307
910.688
911.748
778.547
895.311
860.938
855.932
837.079
913.678
825.11
902.573
913.282
790.046
764.799
762.3
910.179
804.615
894.586
836.605
819.24
908.133
824.038
917.473
987.935
945.272
980.443
786.561
787.617
953.049
921.032
980.794
764.813
997.903
918.151
990.089
917.661
762.992
755.303
965.777
961.595
765.289
759.674
736.423
986.923
922.558
757.161
785.671
987.36
969.107
791.359
753.353
773.084
675.992
737.72
704.749
700.383
685.64
896.56
845.732
949.789
913.574
906.638
815.584
843.478
910.008
771.109
803.097
975.355
810.393
898.51
882.093
853.804
856.202
949.172
811.827
791.409
803.653
880.5
966.89
888.824
782.77
910.328
775.12
695.978
674.911
981.098
819.392
901.133
861.796
902.862
902.455
790.456
761.596
940.61
787.902
917.718
783.12
989.301
975.672
981.184
789.282
829.475
726.32
764.782
722.197
761.834
640.634
858.324
701.244
688.111
808.745
810.199
733.295
835.174
713.029
926.806
748.981
855.141
908.155
824.786
898.401
861.5
844.767
904.98
870.743
801.271
904.173
906.001
786.201
902.843
794.895
807.13
905.003
907.111
858.997
854.231
909.71
909.976
837.542
812.2
882.689
887.543
902.907
858.185
859.505
843.828
849.259
789.235
909.179
848.587
957.588
784.844
792.812
792.612
978.632
965.487
791.528
989.675
985.328
791.53
791.126
912.35
784.408
766.535
810.585
788.994
775.467
982.725
781.479
989.95
790.566
972.523
932.317
763.286
664.838
722.378
714.976
638.295
780.621
733.892
826.437
772.047
790.202
814.19
978.459
958.117
925.404
817.471
899.297
808.436
818.56
861.421
814.83
802.737
950.772
888.76
888.851
834.111
844.903
869.408
828.914
891.89
893.957
816.607
971.471
807.851
902.598
811.318
890.749
887.008
896.733
880.531
897.588
892.124
785.497
753.658
851.026
898.084
852.436
977.062
917.374
808.205
760.926
787.544
734.957
671.484
797.873
746.546
878.436
707.467
691.83
787.119
843.832
755.047
823.376
912.733
832.103
818.556
939.13
836.848
862.305
875.727
863.469
778.973
867.66
877.942
886.281
883.927
885.809
889.035
909.729
892.409
905.84
909.278
785.41
898.945
902.555
887.808
840.64
789.321
907.455
820.078
812.617
910.085
798.687
809.577
846.143
905.978
859.91
856.294
812.661
792.11
977.314
973.412
809.664
953.443
812.502
910.132
978.588
814.928
959.042
792.798
944.888
798.987
914.494
782.406
972.598
976.581
978.502
964.341
814.255
742.734
706.275
684.482
744.933
657.036
806.025
817.018
837.364
864.752
940.871
957.474
938.074
899.811
707.645
905.343
815.991
791.438
850.106
903.847
823.595
836.428
964.233
832.256
880.327
964.698
896.782
900.126
743.619
870.477
885.954
912.852
814.861
854.334
866.44
816.317
891.939
897.025
809.899
895.048
815.414
929.536
906.999
807.684
969.719
835.217
796.961
820.453
965.707
835.36
714.884
689.952
766.007
871.009
760.711
721.343
801.749
745.037
802.488
763.983
846.162
930.8
875.141
784.922
869.571
873.16
907.588
874.291
910.114
897.552
848.473
863.262
822.815
912.907
825.394
898.983
814.044
893.081
892.159
886.081
888.577
899.626
890.813
887.96
902.372
808.51
892.112
820.583
877.676
841.06
832.749
899.864
894.879
893.404
872.191
885.748
882.779
978.958
946.738
817.671
832.802
815.674
961.39
808.873
954.686
970.847
817.224
814.557
794.768
813.369
968.847
962.652
834.186
921.397
904.44
967.213
807.396
805.666
725.643
839.174
957.901
944.977
912.141
871.434
950.567
892.709
886.73
828.979
829.936
738.749
763.749
882.484
804.788
922.971
937.992
885.596
851.515
910.796
854.376
887.745
885.539
905.087
836.83
881.768
896.134
879.827
842.788
855.586
878.885
879.409
833.18
965.243
903.983
732.797
920.401
857.03
948.037
871.44
932.464
877.798
883.995
853.063
839.04
836.664
956.252
883.73
877.342
841.422
723.876
820.699
889.248
804.636
776.831
851.924
783.195
919.108
843.253
826.155
891.565
883.794
898.157
798.568
861.423
856.144
866.343
814.9
949.83
819.51
963.916
956.938
926.815
911.733
960.334
885.967
875.746
884.239
847.647
836.165
886.383
912.31
867.313
887.26
896.039
836.933
874.81
899.65
880.61
895.033
890.612
884.561
838.193
836.008
829.817
942.505
960.698
896.932
817.481
831.647
816.076
933.774
836.547
836.581
965.497
955.872
894.139
828.844
826.795
835.896
703.299
782.483
809.578
924.523
838.235
859.742
898.798
916.084
817.195
836.115
869.184
861.253
749.746
879.617
793.009
895.703
804.163
799.762
892.973
815.761
842.736
848.006
938.484
901.849
909.85
952.367
855.414
871.222
845.076
950.045
901.081
933.782
905.364
949.665
852.931
885.055
896.029
951.833
870.48
891.163
908.792
943.085
871.957
836.191
851.527
856.85
884.723
848.538
881.881
853.63
910.061
882.294
910.085
877.533
791.607
751.824
909.193
773.984
835.27
930.071
916.966
809.885
852.872
946.052
883.172
851.105
883.869
879.301
879.661
880.138
879.087
863.472
840.219
901.811
908.254
886.844
886.806
887.579
830.664
893.344
879.944
845.067
911.719
953.344
828.345
838.782
892.134
838.722
830.645
947.937
941.791
839.367
958.534
848.651
908.16
854.877
873.642
871.784
830.211
721.202
737.848
857.159
830.437
837.311
938.727
929.51
931.321
949.439
855.311
854.917
860.864
932.797
867.768
753.138
857.423
911.632
872.92
858.313
896.93
886.896
934.752
858.006
850.228
847.797
940.175
892.764
879.327
847.504
849.902
780.144
853.586
822.629
822.051
932.629
855.546
871.467
887.503
949.392
929.249
888.513
950.13
838.998
837.006
920.203
849.259
948.04
849.686
765.71
869.83
867.732
767.126
883.622
779.464
790.183
896.903
813.894
907.835
808.174
917.136
837.072
946.133
827.491
832.576
841.431
943.027
871.612
854.619
871.117
918.64
871.163
864.787
922.934
932.574
913.752
884.239
935.416
868.696
927.181
867.229
869.215
872.509
929.631
925.864
874.012
883.155
875.546
914.225
930.534
916.64
867.407
866.174
866.461
879.379
864.589
865.648
922.272
859.943
873.711
864.017
864.732
864.351
875.166
857.474
919.235
857.617
937.423
925.4
854.839
932.55
908.953
926.521
856.545
904.606
857.356
900.688
873.125
873.456
864.996
932.279
862.207
877.317
870.999
847.291
855.597
873.525
