793.311
828.107
904.183
625.338
1079.05
1078.57
1000.49
792.358
789.423
784.486
777.537
768.56
757.551
744.507
729.466
712.412
693.192
672.909
649.506
650.161
671.922
694.059
702.018
732.074
742.627
752.473
748.263
755.612
754.449
746.526
726.696
760.435
747.74
759.464
727.305
726.259
719.925
738.019
789.468
773.766
804.803
827.621
799.454
736.377
762.184
686.359
700.364
756.663
749.274
709.201
834.637
817.209
960.136
930.86
931.661
957.403
1024.5
857.553
879.19
911.833
928.715
936.584
940.041
941.495
942.017
941.956
941.077
938.125
927.805
898.368
664.515
520.87
527.034
527.477
520.643
685.463
965.976
1008.08
1022.8
1027.37
1028.93
1029.47
1029.66
1029.73
1029.75
1029.76
1029.76
1029.76
1029.76
1029.76
1029.75
1029.74
1029.73
1029.71
1029.67
1029.61
1029.53
1029.39
1029.19
1028.89
1028.46
1027.84
1026.96
1025.76
1024.13
1021.95
1019.09
1015.41
1010.76
1004.98
997.933
989.496
979.594
968.232
955.531
941.776
927.975
914.637
908.273
898.981
854.73
855.797
848.773
843.918
838.072
834.93
832.216
830.364
829.106
828.363
867.389
905.605
937.435
966.124
990.601
1011.32
1028.65
1042.93
1054.52
1063.79
1071.11
1076.79
1081.13
1084.41
1086.83
1088.61
1089.88
1090.78
1091.41
1091.84
1092.12
1092.32
1092.44
1092.52
1092.57
1092.6
1092.63
1092.64
1092.64
1092.65
1092.65
1092.65
1092.65
1092.65
1092.65
1092.65
1092.65
1092.65
1092.65
1092.65
1092.65
1092.65
1092.65
1092.65
1092.65
1092.64
1092.64
1092.63
1092.64
1092.65
1092.65
1092.65
1092.64
1092.63
1092.61
1092.58
1092.53
1092.46
1092.35
1092.19
1091.97
1091.67
1091.26
1090.72
1090.02
1089.15
1088.08
1086.79
1085.29
1083.56
1081.61
1079.44
1077.06
1074.49
1071.75
1068.87
1065.93
1062.96
1060
1057.06
1054.16
1051.29
1048.4
1045.41
1042.23
1038.69
1034.6
1029.71
1023.75
1016.38
1007.26
996.015
982.26
965.645
945.872
922.612
895.468
865.585
829.742
833.147
785.076
905.504
1092.33
1076.53
1088.3
1042.81
808.58
975.414
1092.33
1092.33
764.424
1089.52
1029.24
1040.12
1037.29
1043.25
1007.53
1027.75
1091.6
994.311
1040.15
1086.09
1037.91
924.329
1092.2
789.914
880.806
966.001
769.989
856.546
1003.71
1005.73
742.782
1092
1092.3
1092.31
1092.2
1092.33
1001.81
1092.31
1040.13
1040.06
1039.57
1075.8
1054.95
1067.17
958.292
1092.33
963.51
921.006
905.903
811.372
868.612
719.373
741.647
1092.32
869.429
782.728
845.847
1090.47
1040.15
1092.33
910.149
1082.66
933.859
867.247
914.569
863.7
818.893
824.424
673.61
905.317
739.929
744.981
988.623
964.051
990.554
1090.84
1039.87
1039.91
1061
1038.82
1049.1
1034.39
1036.61
1020.7
1014.54
1092
1021.76
850.564
1092.28
1088.59
1040.14
1040.15
810.603
1080.6
1073.09
1040.12
788.688
912.228
787.608
1084.12
787.769
1092.33
779.688
1011.27
1063.59
901.341
1091.09
746.221
1092.33
1092.33
1092.33
751.678
1092.32
992.138
1092.32
1092.25
1091.52
1092.32
1005.24
791.533
873.092
887.87
759.803
919.054
828.063
699.638
821.34
1090.13
1091.36
820.973
1012.52
1091.35
1034.69
1091.35
1087.97
822.705
1050.2
878.819
835.29
1091.33
1091.23
1050.21
1071.91
916.66
965.996
768.029
790.301
845.288
818.091
726.499
948.912
937.147
893.751
976.816
944.281
990.576
753.34
699.011
998.846
980.616
1028.57
1025.47
1021.84
1040.1
1036.06
1052
1039.26
1064.09
1040
1046.21
1090.26
1032.16
1039.77
1038.18
1057.95
1032.57
1040.05
1014.77
1040.15
1005.49
1087.45
1040.1
1070.2
1040.14
1078.31
1091.28
1092.32
992.868
1039.36
1092.12
979.347
850.112
1092.3
1092.33
912.427
873.295
1092.25
815.415
811.51
1091.84
1033.67
801.57
1040.15
859.627
1084.49
778.559
1092.31
1004.84
866.639
945.824
1070.88
1080.86
1086.54
1054.36
1092.33
1089.57
904.625
1092.33
757.006
1092.33
1091.81
785.581
1092.33
1092.33
892.332
779.449
1092.28
1092.32
834.356
1000.12
1092.12
1092.32
1005.79
839.938
1091.34
876.53
801.786
775.901
894.97
870.538
721.214
867.597
931.597
935.268
853.572
859.826
1075.75
1087.38
1042.51
912.465
1091.35
1007.19
975.683
903.769
1045.44
1033.69
1035.05
1046.01
1089.68
1049.31
1016.13
1090.07
1049.57
1050.23
1091.09
1082.04
991.057
854.212
1036.51
1091.34
1033.62
1091.35
1050.06
1058.53
1016.29
1091.31
1091.32
966.451
873.793
910.427
939.58
873.375
983.651
803.443
1011.23
1088.86
1050.14
1024.01
981.435
819.661
883.922
826.714
1091.34
1036.03
1025.13
1091.28
1091.03
1091.35
920.866
771.119
889.407
748.116
937.176
906.382
788.089
952.819
822.286
813.321
989.194
1000.17
1016.34
1023.92
1047.28
1048.53
1049.63
1061.99
1050.12
1026.48
1036.72
1050.22
1038.95
1074.81
1050.23
1050.22
1091.19
1085.52
1086.87
1051.76
1049.84
1050.19
1068.75
1091.31
1090.75
1039.61
1001.67
1048.2
1045.51
1041.98
817.376
1091.25
930.433
821.986
888.751
1063.01
1083.24
897.728
1090.55
1091.36
1091.36
896.428
839.326
1091.33
818.578
1091.36
1091.35
991.683
821.421
1089.52
828.355
818.15
1091.36
1091.31
1031.63
1091.15
865.289
1091.35
834.962
913.192
926.344
807.344
749.475
905.54
824.797
1013.24
856.901
976.703
849.579
1087.9
956.221
1089.73
857.15
1042.79
1024.61
1089.7
1051.48
967.415
1085.28
1025.73
1034.36
1054.23
1057.65
1058.59
1089.34
944.963
913.275
1089.37
1089.64
1089.64
1058.36
1049.46
1058.59
1064.87
1044.86
1088.97
815.109
1050.22
1077.48
846.448
864.861
1089.69
772.251
937.991
996.306
959.212
810.349
969.098
1028.42
916.374
990.821
818.082
980.648
1023.03
1009.02
1030.1
860.832
1089.55
1049.99
1050.22
1079.89
1083.85
1058.6
1030.35
1021.84
1006.34
982.02
1091.3
1027.31
1091.32
1090.95
1037.55
1037.7
1057.97
1055.55
1046.87
1065.42
1050.16
1089.56
1090.46
1048.45
988.836
889.103
1091.29
1050.23
1042.49
1048.85
1044.28
1055.13
1049.97
1083.91
1088.51
1070.19
1085.63
1036.92
881.127
1091.36
1089.67
1091.36
909.33
1090.84
1053.93
1088.63
1091.36
843.754
1035.8
1080.02
1091.36
908.895
961.489
819.365
1091.35
1091.32
1036.51
1044.81
1089.64
1089.73
897.42
908.243
941.129
848.655
947.867
952.802
882.513
862.157
1042.12
1012
1074.44
1087.3
1088.02
1058.12
1058.58
1075.07
955.795
1017.95
1085.63
905.707
1081.23
1018.9
1049.57
1066.05
1089.71
1047.71
1033.68
1047.4
1061.52
1081.76
1064.99
1052.87
1089.4
969.901
872.521
835.764
1088.05
1037.6
1045.4
1058.27
1089.65
1089.62
965.829
853.365
1089.7
1008.72
1089.67
1052.45
1088.92
1089.71
1089.68
887.068
991.103
971.355
1001.44
908.944
951.153
793.094
1011.23
845.761
836.403
1031.08
991.33
859.666
1006.63
852.384
1062.12
859.646
1016.33
1086.44
1058.53
1041.35
1058.16
1058.56
1088.9
1022.95
1041.68
1089.16
1089.53
1048.79
1089.49
1033.93
1052.39
1053.27
1060.72
1058.42
1058.56
1082.13
1080.1
1058.6
1057.4
1028.47
1031.33
1089.47
1056.5
1057.16
1050.02
1052.43
1040.19
1068.7
1058.58
1089.73
1049.24
923.504
944.015
1085.81
1089.74
954.02
1089.54
1089.6
904.383
959.458
1090.25
1052.49
849
1053.96
991.552
846.542
1087.04
855.51
1089.19
891.983
1089.72
1089.69
942.9
832.94
950.864
899.038
795.058
939.453
881.291
993.602
890.403
886.29
1022.52
1086.96
1087.48
1087.36
953.506
1076.95
1062.38
1056.74
1008.07
1008.38
888.877
1087.51
1026.74
1065.46
1062.53
1065.64
1065.95
1061.05
1087.23
1086.61
938.301
1087.21
1063.29
1087.44
1062.11
1086.15
1065.62
1040.53
1066.01
1054.43
1087.12
1005.1
939.956
1010.95
1082.87
1065.96
1087.46
1087.32
898.36
971.088
969.061
921.165
837.892
968.307
987.503
1028.22
864.562
851.604
968.769
1044.11
889.003
999.88
1053.31
1037.17
1028.52
1069.05
998.509
1053.8
1059.61
1019.91
889.477
1010.45
1015.71
1063.83
1062.87
1022.79
1065.27
1072.08
1087.01
1088.54
1089.9
1051.28
1079.27
1089.65
1064.49
1058.59
1035.97
1087.35
1058.39
1039.71
1077.75
1036.75
1055.66
1058.56
1056.68
1066.08
1058.49
1060.71
950.285
1086.21
1084.11
1058.29
1089.72
913.881
1087.3
1089.7
1002.07
1078.6
934.421
1089.71
886.55
1089.62
1052.78
1084.81
1086.87
1086.61
1087.39
922.497
931.81
886.943
856.305
971.863
816.949
967.385
980.821
1032.61
1049.41
1072.61
1079.69
1087.41
1071.3
874.867
1052.37
977.822
918.56
989.731
1067.55
922.771
1037.44
1083.3
938.015
1072.27
1083.96
1085.08
1084.2
926.16
999.794
1075.47
1070.99
987.395
1005.53
1065.99
1057.51
1087.27
1087.29
1062.96
1086.29
995.816
1087.37
1087.31
1062.94
1087.35
1058.57
990.784
990.966
1084.89
1071.19
893.203
857.761
989.813
1027.65
941.545
874.149
979.236
886.029
1007.26
890.121
1002.42
1067.48
1055.11
887.769
1057.07
1012.95
1068.91
1004.23
1069.83
1084.15
1065.82
1066.04
1057.57
1071.26
1058.99
1059.8
1058.99
1086.85
1087.27
1072.65
1086.11
1074.3
1030.65
1065.52
1088.1
1063.26
1087.16
1056.73
1065.93
1065.24
1063.03
1067.97
1040.29
1045.1
1065.89
1065.74
1066.01
1086.86
1087.49
962.322
1065.53
930.815
1087.44
1060.93
1087.52
1086.58
945.498
1014.83
885.552
1030.9
1083.65
1082.78
945.809
1087.35
1087.4
1087.38
1063.13
892.576
908.262
987.449
1084.36
1084.67
1084.41
1071.93
1084.47
1085.45
1065.98
1070.56
1070.01
899.315
912.381
1053.52
918.401
1072.38
1084.78
1079.72
969.192
1071.74
1069.96
1072.27
1041.76
1072.16
1069.57
1083.31
1071.92
1084.27
1068.43
1070.63
1084.2
1084.09
1071.17
1083.68
1084.27
910.979
1065.42
977.514
1079.39
1067.28
1075.84
1009.66
1022.75
1071.94
972.562
955.475
1083.2
1084.21
1083.16
1010.1
888.594
1021.09
1041.4
972.282
954.368
1041.92
917.382
1060.88
987.864
982.068
1062.84
1059.43
1065.48
918.71
993.512
991.531
996.486
918.269
1076.63
919.967
1082.01
1080.95
1073.75
1070.48
1082.04
1077.87
1072.08
1072.31
1068.93
1070.52
1069.5
1071.41
1071.76
1062.34
1085.81
1064.41
1065.86
1064.21
1083.64
1042.6
1072.12
1065.91
1068.84
1031.07
931.412
1087.46
1083.33
1084.23
971.532
1067.72
988.802
1087.39
1048.76
1043.21
1083.92
1084.43
1084.3
1070.26
926.136
1053.76
876.76
990.722
990.784
1084.5
1011.16
1071.26
1071.87
1084.42
1008.32
1023.19
1045.62
1026.44
926.004
1040
955.011
1050.75
959.895
941.758
1059.43
944.67
969.56
971.321
1074.13
1063.9
1067.42
1079.39
1063.97
1063.35
956.001
1080.22
1077.31
1084.73
1077.39
1080.58
975.498
1081.11
1077.08
1081.65
1077.15
1076.86
1077.3
1081.1
1054.59
1024.63
1073.41
1076.37
1080.37
1075.77
1080.42
1077.24
1071.94
1023.46
1072.39
1021.15
964.625
906.878
1059.05
915.458
985.38
1070.34
1070.22
917.622
974.142
1078.71
1082.87
1069.68
1035.9
1084.26
1084.07
1014.09
1084.19
1071.57
1068.42
1071.95
1072.4
1084.65
1048.12
1058.32
1070.83
1071.99
1083.92
1068.53
1071.6
1084.45
1070.37
965.242
1084.53
979.334
1069.15
1084.58
1084.78
995.717
1084.16
962.133
1084.38
1067.15
1081.71
1070.72
1009.24
894.293
908.714
1077.21
967.555
948.636
1076.2
1074.7
1075.36
1079.9
1060.02
1055.42
982.142
1076.14
1079.08
920.122
1013.45
1077.13
1050.25
1000.64
1080.88
1076.74
1080.99
1075.88
1074.51
1076.11
1080.99
1080.74
1080.51
1075.88
1076.52
947.94
1035.59
965.71
944.916
1074.01
984.469
1059.14
1053.68
1080.71
1084.63
1080.52
1080.45
1003.61
1017.96
1084.45
1075.29
1081.77
1024.95
938.353
1081.59
1038.02
928.942
1048.48
935.133
939.12
1056.59
963.285
1062.76
943.52
1067.47
968.729
1077.15
945.098
946.291
951.759
1077.69
1073.39
1050.29
1075.48
1081.38
1001.02
988.621
1081.45
1076.33
1081.19
1082.14
1077.66
1001.24
1076.04
1002.21
1078.28
1026.33
1081.27
1077.16
1022.52
1076.69
1081.03
1076.97
1077.74
1076.83
1075.53
1080.88
1079.65
1076.56
1080.61
1080.1
1076.88
1075.63
1081.2
1080.49
1075.48
1080.47
1076.24
1027.77
1076.78
1020.87
1080.96
1071.14
1044.87
1076.6
1081.02
1081.39
1033.6
1080.93
1006.23
1080.91
1033.18
1045.32
1080.37
1081.12
1075.49
1080.75
1075.84
1075.99
1039.34
1039.6
