531.691
572.319
476.591
450.247
782.035
776.273
749.899
531.179
529.643
527.089
523.529
518.979
513.459
506.992
499.606
491.344
482.201
472.333
461.554
462.18
473.918
485.176
495.91
506.332
516.147
525.746
534.461
543.206
550.99
558.74
565.643
572.329
578.437
584.17
589.431
594.337
598.836
602.937
606.74
610.185
613.317
616.17
618.744
621.077
623.166
625.072
626.719
628.319
629.531
630.891
631.924
632.875
633.718
634.499
635.19
635.692
636.19
636.967
636.764
637.892
637.614
638.436
638.15
639.103
638.699
639.297
639.348
639.563
639.887
639.783
640.44
640.339
640.58
641.043
640.825
641.323
641.314
642.065
641.541
642.923
642.503
643.371
643.144
644.27
643.909
644.718
644.33
645.673
644.279
645.695
644.711
645.234
644.338
643.903
642.873
642.027
640.614
638.963
636.638
635.206
631.071
629.254
624.279
620.662
614.89
610.49
602.769
596.939
588.643
581.415
571.12
562.616
551.607
541.382
528.695
517.8
504.051
490.999
490.184
502.647
514.304
525.064
534.71
543.392
550.967
557.434
562.765
566.933
569.922
571.719
594.036
614.877
634.799
653.746
671.691
688.598
704.453
719.243
732.966
745.63
757.247
767.84
777.435
786.067
793.773
800.599
806.591
811.801
816.28
820.083
823.266
825.882
827.988
829.642
830.898
831.805
832.406
832.746
832.866
832.807
832.606
832.293
831.897
831.442
830.949
830.435
829.913
829.396
828.892
828.406
827.943
827.504
827.089
826.698
826.327
825.97
825.622
825.289
824.988
824.71
824.427
824.117
823.779
823.42
823.04
822.634
822.192
821.708
821.173
820.58
819.919
819.181
818.354
817.426
816.382
815.207
813.885
812.399
810.73
808.858
806.761
804.414
801.79
798.86
795.597
791.977
787.976
783.567
778.714
773.383
767.542
761.16
754.207
746.656
738.479
729.65
720.149
709.953
699.047
687.417
675.055
661.954
648.116
633.545
618.253
602.252
585.569
568.221
550.253
662.349
612.322
656.885
830.165
766.722
799.401
718.235
586.735
663.834
828.64
825.823
543.304
815.143
627.892
670.558
650.258
745.585
594.213
708.971
818.671
661.088
672.241
811.169
669.053
668.316
820.939
530.055
562.264
652.732
626.908
648.709
665.567
665.876
638.07
824.623
831.131
824.357
828.369
831.528
666.483
823.716
671.741
670.565
664.057
800.59
772.249
790.793
667.116
823.17
548.262
601.392
531.187
540.862
587.684
499.222
506.365
822.517
667.364
562.156
659.139
810.576
673.122
827.621
652.6
807.636
520.143
593.181
518.805
567.221
544.707
547.546
474.586
613.848
511.102
522.343
572.355
632.715
670.718
817.11
670.071
667.802
782.406
658.561
760.055
640.171
728.621
612.102
686.49
819.922
668.681
667.509
821.784
813.971
671.475
671.841
660.86
805.544
797.668
671.849
571.066
663.11
617.568
784.905
593.759
831.015
600.435
687.632
744.565
654.137
815.044
641.14
829.673
827.137
826.675
630.952
825.432
664.866
825.061
829.623
818.838
831.468
665.065
643.927
577.503
552.976
515.203
505.154
549.411
485.928
649.221
811.341
826.345
613.886
689.403
822.033
690.038
823.334
811.438
589.334
696.68
676.689
661.198
827.297
824.578
697.824
796.971
580.572
649.996
524.979
530.316
557.73
639.285
499.376
533.509
633.718
584.645
559.988
617.408
667.967
533.237
487.041
582.972
647.271
703.471
619.698
698.091
737.428
644.99
766.422
660.5
786.802
669.251
753.119
816.185
633.155
666.119
653.493
777.567
719.142
670.905
602.516
671.487
674.157
812.652
671.188
794.409
672.624
803.204
817.935
823.45
666.556
670.149
820.456
668.824
667.553
822.16
822.859
666.784
668.271
821.379
660.063
661.547
819.33
669.88
578.929
671.437
662.914
809.504
553.305
824.024
666.269
658.089
664.272
756.155
776.294
792.592
731.93
830.619
805.379
655.766
829.16
634.678
831.327
822.014
622.416
828.125
826.237
650.729
606.581
830.53
824.706
646.439
664.67
826.723
831.587
666.046
664.491
821.643
570.509
536.003
523.105
542.567
583.245
496.684
591.028
547.583
534.361
561.971
565.205
763.376
795.813
715.306
681.445
827.697
602.147
644.733
687.005
763.075
734.281
641.828
669.237
815.748
686.002
695.229
814.217
695.139
698.105
816.703
805.833
693.044
672.582
691.082
820.598
691.526
820.022
694.211
783.318
691.857
819.247
818.388
645.877
682.553
597.041
614.923
574.079
577.386
548.856
684.843
812.478
695.895
693.642
692.715
598.193
685.631
653.605
827.632
690.796
689.435
825.809
820.866
822.443
570.647
521.008
582.364
512.418
631.097
607.822
537.213
549.754
546.146
560.014
658.482
671.468
612.847
623.862
674.184
768.873
688.314
787.246
695.296
716.127
742.379
697.719
649.411
799.572
697.177
696.786
817.18
808.96
810.272
774.169
690.625
697.092
794.046
818.948
815.597
749.86
692.451
679.046
694.018
657.397
606.222
817.617
687.679
580.252
684.702
741.43
781.417
683.712
815.106
825.856
824.83
678.489
667.473
821.252
633.627
827.19
823.816
688.431
620.964
806.906
657.579
644.482
826.798
826.698
690.031
822.958
674.759
822.876
552.504
589.48
559.761
538.727
510.655
611.461
563.375
620.084
606.593
710.019
669.89
800.824
707.084
820.08
639.925
662.014
711.925
817.036
713.334
640.454
805.323
737.087
757.59
690.685
708.432
719.752
810.482
598.283
699.013
814.599
820.764
818.533
717.6
777.841
720.988
790.747
715.319
810.553
544.967
698.153
801.899
659.252
678.698
816.156
524.301
627.322
590.011
630.174
550.771
563.321
700.63
598.933
663.641
570.223
654.107
632.104
683.713
633.047
624.371
813.402
695.674
697.39
803.977
804.141
720.258
725.538
706.029
693.377
693.152
819.523
691.824
818.698
816.18
694.168
763.372
711.646
696.067
670.441
790.805
696.363
811.375
814.948
695.143
692.452
686.44
818.02
697.352
756.755
682.112
663.347
778.99
692.67
807.487
805.199
752.913
789.051
712.108
686.052
824.317
815.364
827.499
682.642
818.265
728.923
801.748
820.361
670.167
691.271
772.869
825.347
679.93
688.389
627.549
827.753
820.848
690.586
712.645
819.508
820.908
694.696
603.176
615.848
561.621
587.795
563.473
578.775
568.398
710.691
701.17
757.859
807.11
808.165
718.622
720.962
797.925
634.336
635.735
792.511
701.855
796.954
750.22
680.405
741.321
818.537
732.646
715.929
716.984
710.818
775.649
729.129
713.951
813.28
615.181
576.502
562.851
812.674
652.813
773.539
715.998
812.409
811.78
709.093
646.865
817.514
711.183
814.981
713.262
808.914
821.356
821.238
689.256
657.733
579.045
607.161
595.031
625.939
537.717
680.343
586.42
575.18
642.703
666.987
615.702
690.501
596.726
736.475
632.405
711.165
806.408
719.483
768.671
714.123
721.471
809.497
729.098
716.64
810.028
813.004
715.008
812.147
716.067
717.362
781.458
787.613
718.935
720.653
802.83
801.372
720.637
718.072
744.49
751.337
810.94
700.636
705.057
677.606
684.596
715.346
793.517
721.321
819.59
712.916
700.822
703.751
789.895
820.551
705.954
816.861
820.09
696.962
708.086
816.183
714.339
653.277
733.112
710.651
664.779
795.755
674.472
812.023
692.148
821.192
816.59
607.759
553.807
576.251
589.91
535.248
622.312
611.783
684.095
649.212
670.874
730.669
805.703
812.488
808.438
719.237
794.316
733.848
736.93
722.093
728.317
688.429
811.777
761.137
734.47
751.263
739.613
742.405
737.336
803.212
801.72
714.912
811.703
734.35
806.394
736.369
800.87
738.065
772.605
742.514
782.146
803.532
621.964
620.053
674.038
798.21
740.637
811.228
807.541
697.743
604.335
625.051
605.266
559.3
633.532
593.393
696.059
588.949
576.183
647.918
670.803
631.785
679.128
724.228
660.164
648.339
747.678
694.622
689.062
704.337
720.486
657.053
729.934
743.997
721.292
716.398
756.039
732.017
795.875
802.406
808.904
814.631
714.714
795.677
812.135
725.345
720.903
715.657
807.371
718.97
732.195
799.749
716.427
718.031
721.234
784.448
741.75
719.913
736.533
704.833
796.782
783.226
733.375
819.077
705.582
806.783
821.4
726.817
767.201
702.453
818.02
683.007
814.484
713.636
787.617
807.344
800.412
812.695
709.125
610.823
583.763
568.415
592.05
549.149
640.475
723.812
663.172
686.845
750.434
767.91
809.97
791.382
587.396
717.939
676.487
663.926
713.644
728.222
704.597
745.752
786.547
718.915
760.053
794.931
800.156
796.494
612.834
741.281
786.65
746.911
672.917
713.675
742.198
736.684
803.547
805.106
735.864
801.42
725.574
808.9
806.51
733.852
812.495
750.778
631.25
650.132
801.473
756.195
591.012
573.467
607.347
689.663
626.786
600.667
660.831
622.063
635.334
640.725
704.516
740.699
696.679
664.222
697.121
737.249
733.893
747.069
738.715
799.321
740.011
742.009
737.006
750.002
736.879
785.3
736.625
802.064
803.772
785.119
800.246
792.919
765.821
736.357
808.272
735.049
802.877
737.062
742.476
739.207
738.032
789.705
773.313
776.245
742.269
739.554
741.993
803.43
811.251
721.109
751.317
712.295
812.664
733.629
812.275
808.808
717.111
729.544
677.06
731.483
781.977
782.515
722.848
808.024
806.474
812.718
733.77
693.208
598.638
736.866
801.449
802.371
798.027
758.305
802.148
799.33
782.361
752.068
751.748
613.252
635.787
700.492
679.471
743.133
801.953
789.528
734.369
756.605
766.705
760.891
772.533
761.094
755.306
791.779
760.626
793.604
755.213
756.292
792.936
792.518
755.029
790.09
796.983
605.122
732.157
730.775
771.128
774.679
761.992
752.484
762.593
766.933
733.02
727.026
796.386
794.568
790.57
665.983
600.638
649.617
704.422
665.489
640.437
675.462
655.148
729.979
705.458
686.792
713.626
705.418
721.186
671.985
728.355
721.276
735.137
692.673
759.581
698.835
775.485
772.495
748.866
742.994
777.906
788.262
759.085
760.597
754.937
755.976
783.723
752.438
757.669
781.155
800.93
738.504
742.33
787.741
791.892
774.988
760.775
740.985
755.051
743.903
714.546
810.654
794.223
796.343
722.559
751.442
724.607
809.419
748.954
747.429
792.971
801.962
796.309
751.393
709.676
749.899
582.839
620.172
641.244
799.536
741.08
756.999
760.508
798.426
646.572
661.394
688.727
681.49
618.946
696.367
657.076
709.907
667.892
667.392
710.407
684.881
711.152
718.126
750.383
719.335
727.821
766.235
764.622
772.89
724.028
778.395
776.148
801.299
776.827
783.302
737.943
790.555
774.925
789.658
779.984
773.843
776.962
790.198
770.249
742.544
766.887
771.603
784.338
767.161
784.414
771.803
758.446
763.417
760.682
761.702
653.465
624.796
721.769
645.73
696.488
741.632
735.815
686.14
724.735
766.704
791.721
755.297
769.653
793.346
793.195
756.294
792.787
757.248
755.023
760.695
761.424
796.26
775.517
779.754
753.315
760.609
792.24
755.042
754.72
802.145
751.405
730.799
796.738
734.72
751.54
802.33
802.357
738.753
800.467
729.511
797.61
765.696
786.481
776.559
656.846
596.939
610.522
773.063
695.911
712.646
755.45
753.8
758.122
775.099
762.987
761.098
736.491
765.135
780.294
623.47
751.708
776.772
769.443
748.511
786.187
773.167
790.07
771.05
766.875
767.583
790.049
785.574
784.518
766.898
769.164
645.198
675.562
687.139
692.495
748.06
742.191
771.474
777.943
784.882
800.475
784.845
781.152
740.117
741.646
798.926
767
792.088
672.081
632.467
785.114
686.707
635.816
700.099
647.219
657.642
711.833
677.799
722.058
676.36
731.296
703.861
758.772
699.506
706.228
718.541
761.53
777.995
759.272
779.087
789.662
750.396
742.266
790.356
767.729
788.573
791.279
775.423
751.202
771.324
751.599
780.269
762.051
790.564
777.072
761.345
772.851
785.302
776.542
778.514
776.26
770.582
782.499
780.287
772.472
781.352
780.52
776.421
770.917
785.352
780.792
770.731
780.731
771.76
755.216
776.172
753.655
790.029
739.968
757.861
770.358
787.565
790.598
756.071
786.876
749.753
786.49
764.461
768.262
780.718
790.336
770.824
784.918
771
767.064
756.897
766.596
