538.282
552.245
462.89
454.468
748.621
741.739
723.495
537.756
536.175
533.548
529.885
525.204
519.525
512.874
505.28
496.775
487.406
477.19
466.239
466.844
478.54
489.935
500.377
510.722
520.105
528.944
537.299
544.767
552.148
558.125
564.441
569.512
574.577
578.644
582.891
586.033
589.306
591.785
594.422
596.079
598.192
599.526
601.007
601.916
603.306
603.842
604.812
605.348
606.139
606.425
607.02
607.452
607.885
608.17
608.774
609.148
609.47
609.943
610.47
610.694
611.101
611.738
611.863
612.653
612.61
613.833
613.617
614.692
614.701
615.794
615.428
616.688
616.529
617.512
617.378
618.7
618.494
619.358
619.539
620.452
619.993
621.046
620.939
621.487
621.171
622.296
621.635
622.123
621.82
622.055
621.21
620.835
620.381
619.416
618.097
617.371
615.797
613.785
611.836
609.676
606.24
602.919
599.652
594.709
590.708
584.36
580.368
572.439
566.781
558.251
551.284
540.552
532.695
521.309
511.456
499.13
488.822
475.246
474.884
486.654
497.437
507.474
516.516
524.728
531.859
538.023
543.092
547.083
549.944
551.67
572.344
591.64
610.061
627.589
644.172
659.802
674.453
688.127
700.823
712.551
723.33
733.183
742.138
750.231
757.501
763.989
769.741
774.803
779.222
783.048
786.326
789.103
791.426
793.341
794.894
796.12
797.053
797.726
798.171
798.418
798.494
798.422
798.225
797.919
797.522
797.048
796.51
795.917
795.28
794.606
793.903
793.175
792.428
791.666
790.892
790.106
789.309
788.514
787.742
786.992
786.245
785.486
784.721
783.964
783.222
782.495
781.783
781.086
780.403
779.734
779.078
778.433
777.793
777.155
776.511
775.851
775.165
774.442
773.666
772.819
771.882
770.829
769.632
768.256
766.67
764.841
762.737
760.316
757.531
754.331
750.667
746.487
741.742
736.383
730.359
723.622
716.127
707.831
698.696
688.689
677.782
665.955
653.191
639.489
624.845
609.281
592.801
575.455
557.258
633.504
604.776
630.854
796.705
732.116
762.848
687.164
584.942
635.398
795.301
791.233
546.941
775.361
600.712
646.857
622.79
735.334
569.286
706.852
777.921
665.078
647.605
773.297
644.967
643.049
780.618
536.486
542.085
626.623
615.007
626.847
636.944
637.836
621.491
787.906
795.841
788.118
792.131
797.201
639.01
786.552
646.462
644.062
636.229
768.503
753.24
763.718
639.916
785.074
527.814
608.407
512.986
547.601
566.268
504.225
512.158
783.545
641.077
564.243
631.766
773.637
647.281
794.076
628.753
771.679
501.823
571.528
501.386
574.437
551.556
554.476
479.357
590.665
516.146
526.818
549.849
638.646
643.243
776.64
645.976
640.482
759.207
630.77
745.414
613.366
722.604
586.627
687.757
779.242
644.352
642.316
782.052
774.703
647.525
646.756
632.844
770.744
767.132
645.478
571.49
634.391
608.828
749.124
591.015
797.207
596.014
658.878
711.534
629.569
778.046
623.356
796.31
793.404
792.703
617.257
790.472
635.879
789.699
793.681
781.863
796.511
637.116
624.697
556.546
533.397
521.209
489.193
556.393
491.218
636.465
774.525
793.076
610.744
658.279
787.655
659.706
789.804
771.922
590.522
670.525
651.374
643.7
792.195
788.529
669.956
765.106
559.045
624.012
530.142
536.543
564.696
629.806
504.713
516.126
609.034
591.861
539.89
623.987
640.613
537.265
492.194
561.38
652.334
673.514
595.136
697.74
729.325
618.931
749.584
633.259
761.619
642.161
740.681
776.004
608.569
638.876
627.28
756.431
715.127
646.624
578.99
646.807
676.877
774.019
644.907
765.546
646.93
769.695
777.277
785.818
639.939
646.207
779.923
644.161
642.201
782.79
784.314
641.303
643.378
781.327
632.27
633.069
778.575
644.909
579.036
647.297
634.077
772.523
555.779
787.325
639.047
631.29
634.719
722.287
741.05
756.376
699.832
797.01
768.587
630.017
795.838
619.909
797.277
785.135
611.91
794.711
791.977
628.132
600.986
794.907
788.915
626.184
636.127
790.223
796.954
638.112
645.409
786.899
549.935
542.603
529.345
523.629
562.029
502.139
569.469
528.031
516.178
569.051
572.369
728.926
759.434
684.362
653.345
793.559
577.938
649.761
656.488
746.345
726.229
614.685
640.115
781.726
656.963
694.875
773.829
669.262
671.28
776.438
769.101
666.207
649.618
661.641
784.571
662.683
783.103
665.855
758.299
663.918
781.441
779.276
620.076
663.953
574.627
621.463
581.049
555.257
553.391
656.21
772.564
670.293
667.448
665.218
597.613
655.344
639.339
792.864
660.339
658.753
790.056
784.336
788.393
549.684
526.969
589.53
517.819
606.533
584.907
542.249
529.346
552.797
563.743
662.442
674.165
589.036
598.254
645.354
749.982
659.672
760.361
666.908
712.136
732.195
670.529
622.63
766.29
671.382
670.645
777.125
770.587
771.267
753.162
661.825
669.475
763.732
780.676
775.112
737.503
663.987
649.368
668.673
628.464
604.702
777.829
656.83
582.166
654.916
708.54
745.802
654.475
778.316
792.685
791.686
652.139
646.965
786.111
626.009
793.572
790.47
657.973
616.414
770.147
641.429
633.434
793.379
791.264
659.404
786.646
650.415
789.11
559.325
567.438
539.453
545.173
516.369
588.385
567.976
594.895
607.394
677.511
656.37
764.37
675.742
787.129
635.048
633.677
678.997
783.847
681.164
645.43
766.244
727.007
741.021
660.799
677.639
692.79
770.664
575.343
672.185
778.393
785.985
782.799
687.321
753.062
692.164
759.28
685.176
773.438
551.205
671.226
767.334
649.258
661.846
782.456
530.012
602.922
567.461
636.07
555.885
542.762
670.796
605.906
636.479
573.398
658.023
605.502
684.967
607.103
622.566
773.2
670.009
671.285
768.263
765.573
693.115
719.559
703.921
667.231
665.909
782.185
663.106
779.986
775.77
668.074
744.65
680.741
665.736
641.255
762.157
668.248
772.025
774.468
669.304
664.956
655.989
778.547
671.145
742.208
653.22
634.8
755.931
664.156
769.87
768.693
719.194
753.004
679.603
665.89
791.101
780.983
793.639
653.917
781.572
696.957
765.133
783.879
648.198
661.823
737.786
792.218
652.916
657.422
621.271
793.309
785.278
660.614
680.125
784.07
787.604
670.18
580.463
591.98
568.273
565.528
543.001
585.86
575.222
679.951
699.076
723.672
773.587
768.217
691.547
693.271
762.609
639.259
609.577
756.488
682.382
758.479
733.832
650.819
712.684
785.72
698.474
687.126
689.158
679.12
740.315
697.156
682.534
777.631
590.969
582.984
568.372
777.266
624.963
750.663
685.462
774.121
772.739
676.942
640.368
784.504
678.528
780.209
681.561
772.435
787.535
786.788
667.611
630.847
557.011
582.799
601.93
631.779
543.307
651.91
589.417
579.162
615.65
669.651
615.489
690.143
598.836
703.811
629.148
707.207
766.931
692.302
747.828
683.455
693.036
769.456
721.125
688.429
770.063
776.243
684.653
774.337
687.662
689.766
754.925
757.757
689.058
691.254
764.89
764.181
693.059
690.813
732.258
736.93
771.328
670.398
674.329
648.685
655.04
685.979
760.613
692.631
786.738
680.549
672.951
674.225
753.809
787.446
675.073
780.875
784.979
671.301
676.381
779.946
683.383
644.918
698.84
678.105
653.011
759.439
659.176
775.646
669.105
787.647
783.169
584.316
560.251
554.58
596.701
541.201
598.135
614.023
683.721
645.754
662.239
696.694
769.965
779.612
775.724
691.086
756.982
700.13
706.569
714.203
694.87
674.33
779.252
740.57
702.724
715.504
711.119
713.158
708.365
764.766
762.363
689.27
777.394
701.585
771.367
704.596
764.862
706.685
748.045
712.067
751.183
766.268
596.9
625.819
645.905
759.325
712.199
776.156
774.333
679.981
580.732
600.275
611.648
565.372
608.315
570.313
666.427
593.165
581.168
651.794
641.986
631.339
680.361
692.471
632.162
621.362
714.204
692.532
658.907
672.96
714.558
651.912
719.966
729.754
689.187
684.526
737.523
700.19
761.694
763.407
768.865
778.177
683.972
757.717
773.45
693.325
693.272
686.378
767.605
691.814
697.928
763.431
688.19
690.284
692.747
756.268
713.035
690.312
705.176
674.609
760.712
747.466
699.255
786.27
684.425
772.906
787.273
693.869
732.392
673.562
785.135
670.72
779.299
682.067
751.72
771.936
764.375
779.312
686.339
617.298
590.415
574.703
569.244
554.952
614.919
692.76
634.927
656.874
716.614
732.968
777.604
755.634
592.509
686.476
676.069
660.271
705.828
695.664
689.883
711.134
751.032
698.632
730.517
759.755
760.794
763.595
618.512
725.137
748.93
713.696
674.116
707.796
713.223
706.019
765.449
769.165
703.735
761.971
693.207
776.357
772.247
700.312
778.493
715.06
605.781
623.628
766.752
722.989
597.111
579.137
583.346
660.334
631.658
604.028
663.457
623.113
609.276
638.859
700.579
707.563
666.024
657.311
666.146
725.151
701.044
728.868
705.706
760.14
711.608
713.272
707.392
716.818
707.708
752.888
705.493
762.858
766.065
747.929
763.615
756.321
742.992
704.796
772.527
702.549
764.126
707.017
712.433
710.695
709.269
754.921
747.241
747.264
712.978
708.346
711.34
767.5
778.83
691.902
715.711
687.993
779.55
699.706
779.592
774.246
690.145
695.793
666.581
697.279
746.297
747.033
700.803
775.085
771.786
779.033
700.627
677.305
604.898
707.544
767.697
770.018
765.899
728.817
769.312
764.533
746.515
717.975
716.72
616.624
636.735
669.747
672.247
709.549
769.945
751.069
713.248
723.967
729.808
731.029
742.082
729.65
723.049
753.154
730.068
756.981
724.16
726.286
755.573
754.507
721.497
754.611
764.387
610.657
699.459
715.022
736.286
737.863
727.911
732.296
738.445
730.068
706.255
703.303
762.278
759.254
754.987
638.26
604.994
622.45
673.975
666.636
644.268
646.322
653.131
697.625
699.618
684.681
681.929
674.164
689.029
666.59
716.414
711.419
721.094
681.695
725.153
685.99
740.119
737.326
715.031
709.837
742.534
750.11
729.588
730.934
724.466
723.194
747.157
719.398
728.156
746.107
761.476
710.044
712.684
754.06
753.431
747.783
730.748
710.023
723.207
709.793
696.107
778.287
759.397
763.088
692.436
715.976
692.836
776.993
713.537
712.361
757.603
768.517
762.663
716.727
693.084
714.305
588.772
595.327
615.208
767.731
708.858
727.127
729.692
766.46
619.932
633.61
658.864
652.576
623.687
666.326
658.141
678.85
667.417
665.284
678.922
679.261
701.454
706.406
716.438
687.219
695.123
731.364
728.036
736.614
706.858
743.578
745.613
769.405
746.17
748.766
714.996
751.902
744.503
755.398
742.079
743.461
746.171
757.063
735.277
708.989
730.107
738.22
752.146
730.978
751.87
737.134
726.057
737.758
728.518
734.736
656.04
627.05
689.83
645.294
692.56
708.268
702.63
677.022
711.001
731.962
752.989
725.104
740.354
756.345
756.898
734.625
755.074
727.603
723.6
729.587
729.57
761.144
743.676
745.616
719.525
730.376
753.978
724.3
721.852
769.013
717.034
705.485
762.64
706.646
716.262
769.75
770.192
708.299
766.526
710.339
765.266
728.904
751.677
739.289
629.605
602.315
615.111
739.165
690.146
699.345
721.181
719.797
724.047
740.231
726.724
725.265
718.744
731.125
742.514
627.074
721.391
745.804
735.213
720.826
754.711
742.747
757.884
738.136
730.254
732.395
757.256
753.905
751.594
731.022
734.258
647.676
646.704
683.245
684.998
714.199
717.564
735.807
744.866
750.488
768.651
752.941
746.449
708.686
708.73
767.068
730.58
758.538
643.67
636.174
749.461
657.183
638.219
669.569
648.255
657.157
680.429
675.677
689.909
672.558
698.498
696.165
724.315
690.093
694.871
703.303
726.974
740.399
723.972
741.288
758.404
728.191
722.499
758.979
733.837
757.398
752.538
741.74
727.1
738.19
726.427
742.378
732.216
758.847
744.665
732.773
742.337
751.462
745.364
745.687
744.861
739.236
746.64
742.675
741.831
745.186
743.109
744.397
738.415
751.055
744.289
739.017
743.886
740.928
722.766
744.486
722.195
757.555
706.601
723.163
736.608
756.414
759.068
722.775
755.681
720.706
755.182
733.306
734.894
743.56
758.403
738.719
751.552
739.939
731.528
722.855
734.258
