609.892
658.413
532.233
501.148
905.059
868.787
848.267
609.206
607.157
603.751
599.005
592.936
585.572
576.939
567.087
556.038
543.859
530.614
516.278
516.969
532.515
546.632
561.302
572.763
586.449
596.383
607.763
617.253
626.999
634.163
642.772
649.855
654.667
661.422
665.025
671.33
673.874
678.363
680.402
684.686
685.061
688.238
689.71
691.095
693.318
693.028
694.735
695.714
697.319
696.624
698.74
698.733
699.256
699.407
698.52
699.931
699.232
700.695
698.965
701.726
701.328
700.458
703.831
700.584
703.148
703.01
703.823
703.211
704.456
708.465
706.586
709.535
712.998
710.351
712.818
713.327
716.77
712.62
721.041
719.24
721.756
723.918
722.446
729.881
726.915
730.703
729.296
733.849
730.57
728.447
731.594
729.67
732.965
726.851
736.283
728.083
736.466
729.495
731.129
725.283
728.685
715.918
716.075
710.116
703.542
701.197
685.481
681.998
672.781
660.771
646.311
640.595
628.075
614.533
600.126
588.023
574.566
555.346
548.686
567.447
580.42
595.488
608.622
619.514
629.97
638.445
645.632
651.179
655.196
657.605
686.915
713.999
739.74
763.942
786.663
807.809
827.404
845.437
861.93
876.912
890.428
902.531
913.281
922.748
931.008
938.141
944.23
949.359
953.613
957.074
959.821
961.93
963.473
964.522
965.136
965.368
965.258
964.845
964.164
963.248
962.123
960.81
959.33
957.702
955.941
954.066
952.094
950.044
947.936
945.791
943.631
941.478
939.354
937.281
935.279
933.361
931.541
929.844
928.305
926.926
925.681
924.544
923.519
922.609
921.813
921.116
920.501
919.95
919.447
918.974
918.515
918.052
917.569
917.05
916.478
915.837
915.11
914.28
913.331
912.244
910.996
909.561
907.91
906.008
903.821
901.316
898.459
895.205
891.5
887.285
882.501
877.087
870.981
864.119
856.436
847.867
838.348
827.82
816.224
803.51
789.633
774.555
758.251
740.699
721.908
701.853
680.618
658.135
634.59
731.722
695.3
729.482
956.144
901.105
936.644
844.124
668.791
731.759
950.543
937.821
621.529
914.999
727.38
755.9
747.771
862.772
689.039
826.559
917.026
773.423
762.085
912.808
753.561
746.874
919.004
607.677
644.664
762.604
706.934
723.239
731.914
735.194
717.064
960.384
963.7
930.009
962.963
961.686
738.58
926.781
768.838
764.508
758.863
906.46
885.883
899.873
736.842
924.18
623.873
700.722
601.739
622.086
678.426
566.076
576.073
922.008
740.038
642.902
729.522
947.839
765.372
946.39
726.714
910.777
581.142
685.777
590.341
656.813
627.21
630.991
533.601
712.635
580.318
595.981
655.468
739.61
785.382
916.085
756.013
760.4
893.78
750.898
875.709
737.248
846.558
705.575
802.309
917.954
753.913
744.268
920.311
914.36
759.584
769.019
730.77
909.532
904.564
768.248
651.973
732.076
698.412
921.282
675.876
959.25
683.905
806.54
875.539
727.257
952.084
718.375
954.386
944.248
942.091
710.936
935.75
732.848
933.748
963.576
955.538
963.284
735.356
720.611
664.848
631.984
587.862
563.842
633.474
548.801
735.662
947.502
951.485
703.021
762.642
933.23
764.21
939.628
910.573
676.539
792.822
754.881
744.455
959.015
958.315
797.007
902.093
668.214
758.985
599.606
607.686
644.191
727.397
566.346
602.575
738.314
679.404
640.697
720.799
781.75
607.844
549.922
670.843
757.144
826.118
716.117
814.992
855.107
742.958
881.11
757.122
897.023
767.209
869.618
915.569
728.736
761.322
753.971
890.087
837.062
759.101
697.939
760.101
788.465
913.635
771.133
902.377
767.798
908.103
916.565
925.425
738.652
754.745
918.455
748.134
739.225
921.102
923.04
740.719
745.746
919.617
729.957
732.251
917.483
750.028
661.94
760.512
732.523
911.862
632.363
928.318
736.245
728.614
733.995
889.028
911.834
929.525
860.586
957.772
942.721
727.491
952.513
712.555
960.562
958.28
703.757
948.496
939.942
726.054
688.83
963.809
931.831
722.545
734.011
961.922
962.602
734.658
747.258
931.165
655.434
615.607
598.407
618.977
672.489
563.121
682.9
622.99
612.199
649.834
654.135
896.838
932.157
840.301
757.74
957.007
691.819
753.821
760.67
876.95
851.126
739.722
772.688
925.62
792.018
811.301
912.128
786.107
798.094
913.977
907.459
775.391
753.054
765.086
925.438
765.28
922.369
797.448
892.758
769.685
919.535
916.588
753.521
771.2
690.219
717.536
665.409
662.282
629.186
802.87
911.142
789.053
778.811
774.837
685.441
760.235
739.065
958.597
763.243
762.63
958.908
955.764
935.341
655.418
595.228
676.388
583.176
734.836
704.595
614.106
629.731
628.766
641.805
770.02
784.967
702.812
716.618
778.008
881.699
794.546
895.558
798.489
833.212
858.736
796.605
748.205
903.725
794.826
793.545
914.516
909.218
909.938
885.889
796.659
797.096
900.192
918.372
913.029
865.534
769.679
782.592
783.041
759.272
694.956
915.122
760.893
665.861
760.236
871.493
916.882
759.806
950.933
949.732
945.904
756.445
749.313
929.142
721.358
954.581
941.762
760.915
709.227
943.285
742.8
731.485
953.109
959.126
762.655
957.297
753.501
937.48
637.23
680.161
640.912
618.873
581.501
709.451
648.249
717.932
698.584
788.663
760.844
935.727
786.351
943.839
733.745
769.077
789.884
931.98
790.385
748.226
903.263
852.065
870.109
800.815
817.809
818.783
906.552
691.242
782.699
948.027
951.03
950.871
826.199
886.029
828.827
894.598
796.319
909.318
626.722
795.35
905.146
751.462
767.748
927.723
599.254
729.808
678.239
736.281
632.97
645.717
822.394
697.487
776.031
654.313
764.316
733.587
798.711
729.778
717.559
911.657
787.705
796.562
906.383
902.609
820.4
842.64
822.784
777.453
774.298
920.793
767.042
917.437
913.49
778.647
874.849
820.589
806.607
778.866
898.02
796.106
907.666
912.583
784.464
772.197
759.921
915.81
796.052
871.59
789.637
766.491
889.573
798.785
908.398
939.894
884.869
925.078
789.559
773.706
943.862
923.573
955.888
759.247
953.663
856.68
938.198
923.882
751.103
765.379
907.489
947.867
757.628
761.319
716.029
957.919
927.148
764.123
789.927
951.19
946.907
779.601
698.389
714.543
648.856
677.374
643.98
671.637
657.859
834.263
816.544
889.796
915.174
904.9
814.604
823.92
899.109
740.256
737.396
925.376
794.828
893.262
860.87
791.256
846.372
938.243
814.045
799.598
807.427
825.968
909.596
845.18
792.344
916.416
712.893
667.808
648.554
943.616
758.201
882.809
824.154
909.907
908.351
788.309
740.374
934.102
789.369
921.57
791.225
943.283
949.258
950.778
775.998
768.228
664.461
701.059
692.342
730.737
616.197
796.943
675.919
662.857
746.655
779.141
708.851
805.202
687.708
865.08
725.749
826.866
903.886
817.988
879.039
822.663
825.962
905.751
844.561
805.334
906.149
913.296
795.829
910.234
801.951
810.014
888.567
892.501
827.28
828.996
901.886
901.076
821.8
812.761
858.791
864.807
907.066
811.305
814.275
786.586
794.076
797.838
896.423
828.369
942.093
790.373
783.451
785.126
924.747
945.48
785.599
949.756
951.053
781.496
787.306
918.824
793.596
746.426
814.469
789.027
756.5
930.723
764.603
945.964
777.995
948.183
929.857
703.804
638.446
662.435
685.573
613.708
723.135
707.113
796.92
747.797
768.555
812.838
937.046
936.621
921.56
806.583
891.705
815.389
826.4
835.653
811.24
784.327
933.697
869.711
850.028
836.404
840.392
851.5
831.939
898.111
896.238
804.185
939.914
816.63
908.708
820.826
898.655
852.36
879.584
853.994
884.181
899.873
720.378
723.034
788.655
894.088
844.225
941.179
917.303
791.875
698.544
725.932
704.845
644.973
737.154
683.346
816.394
680.335
665.033
756.275
779.852
729.27
792.771
850.563
766.997
752.754
878.14
808.109
801.35
818.806
836.205
755.432
843.008
855.582
837.055
831.943
865.693
847.909
897.891
896.882
905.368
916.181
795.1
892.494
909.107
841.514
822.941
798.589
904.449
816.322
813.748
900.162
803.821
810.982
827.715
890.437
848.025
828.869
822.171
785.161
929.448
917.752
814.715
940.231
797.581
913.207
950.153
810.324
900.293
784.177
936.202
779.649
919.482
791.605
920.549
937.804
932.763
938.667
800.222
712.152
677.432
657.064
682.719
631.476
746.351
808.994
772.27
800.964
880.293
899.796
927.803
890.124
680.009
842.37
787.045
766.26
824.867
848.275
804.224
832.218
916.712
815.813
869.104
923.798
895.335
902.332
713.585
849.683
880.966
867.111
784.713
827.499
850.505
824.692
898.834
904.51
819.326
896.113
809.64
923.639
911.356
815.293
940.071
836.186
733.352
758.212
929.589
844.803
686.038
662.827
702.08
808.015
730.437
694.248
771.148
718.732
737.729
738.964
818.328
869.153
812.521
762.322
810.589
849.653
854.268
854.558
859.194
894.83
842.175
849.377
828.856
869.833
830.095
886.483
823.206
896.509
899.564
879.887
896.612
890.956
872.969
851.377
909.294
817.851
897.518
827.595
853.266
838.501
834.032
889.212
878.683
878.982
851.953
853.246
854.225
935.355
931.915
807.809
836.212
802.502
937.763
814.933
935.37
937.294
805.276
811.948
774.348
813.318
914.805
912.896
818.746
919.495
909.864
939.528
815.571
788.213
696.11
828.111
927.282
924.261
908.936
864.496
925.753
899.571
878.322
837.773
836.498
710.907
736.469
818.633
781.582
867.044
921.688
883.151
834.668
875.185
855.045
872.256
872.472
877.599
845.717
884.382
874.583
887.94
849.308
856.482
886.146
885.154
842.619
919.954
904.526
703.435
858.146
836.672
898.641
866.704
885.967
859.067
867.242
855.006
826.192
822.083
922.491
891.731
885.771
778.092
696.046
755.533
826.071
775.056
746.555
787.29
757.203
856.663
816.961
797.982
832.05
822.629
840.528
774.364
838.408
832.004
844.439
793.63
890.593
799.17
907.99
902.874
873.066
863.338
908.383
882.225
866.721
870.881
851.773
845.422
879.047
871.84
862.426
877.85
895.852
836.402
852.372
888.066
884.378
879.48
873.073
853.846
846.52
830.62
812.365
929.958
921.982
900.589
808.576
836.185
809.211
925.731
834.887
833.647
922.419
927.134
899.044
836.301
808.414
835.541
675.184
718.638
746.507
915.048
829.799
858.763
875.28
910.892
752.654
771.14
804.584
797.338
720.14
815.579
764.091
831.949
775.875
772.972
830.206
790.728
819.178
825.53
878.856
840.448
850.059
896.298
853.469
865.304
826.23
905.377
888.864
919.745
890.846
909.424
837.051
883.888
886.141
915.472
870.879
883.534
892.071
913.421
863.841
829.727
854.715
865.217
887.576
854.926
886.142
862.583
876.587
866.492
878.623
862.735
761.57
724.167
846.045
747.296
807.99
868.999
859.004
787.703
831.454
894.327
884.549
853.727
870.155
887.08
887.929
862.153
885.656
860.569
847.702
876.295
878.76
894.507
874.626
877.225
839.846
873.764
884.755
850.473
873.725
926.559
836.559
825.031
898.094
826.858
836.245
925.126
923.25
829.118
926.627
830.82
906.88
854.249
881.976
868.286
766.108
692.567
708.969
865.877
804.754
816.447
882.657
878.065
882.303
902.412
852.085
850.479
841.531
888.798
870.691
724.266
845.877
892.805
863.813
844.946
894.482
881.382
910.921
865.79
854.565
856.317
912.465
892.21
884.801
854.766
858.752
750.772
788.597
795.978
798.029
874.58
840.498
864.421
876.228
910.687
917.505
889.751
907.737
829.619
829.515
912.924
854.669
916.451
785.056
736.102
878.41
803.027
738.498
819.253
751.292
762.634
833.22
786.365
845.154
782.218
855.749
812.42
888.19
804.526
810.674
821.585
889.067
869.411
849.023
870.219
905.488
853.932
846.458
907.493
891.003
902.917
884.347
898.529
852.683
892.675
851.909
870.894
859.763
909.803
897.262
860.366
879.632
882.901
893.407
899.835
893.904
870.92
874.645
870.544
877.772
872.736
870.781
895.684
866.954
881.693
871.64
869.592
871.272
875.405
847.748
894.592
846.978
911.66
865.566
848.126
893.302
900.38
908.855
847.761
898.185
844.902
896.308
861.267
863.413
871.077
910.416
868.235
883.829
872.959
855.272
847.825
862.563
