743.054
786.076
830.509
592.961
1066.54
934.987
958.562
742.158
739.514
735.116
728.946
720.987
711.216
699.632
686.225
670.954
654.1
635.12
614.848
615.615
636.697
656.197
673.536
689.194
702.97
715.042
725.174
734.683
740.366
749.965
749.564
753.436
757.546
760.111
760.899
762.604
769.492
768.162
767.754
771.473
778.822
764.574
774.282
770.526
776.296
762.768
780.748
773.993
777.819
776.412
779.007
773.445
780.88
779.775
775.414
771.283
768.563
765.006
736.659
768.801
740.429
749.983
687.235
711.358
689.535
679.874
730.214
752.663
737.174
738.942
794.311
690.89
685.662
701.356
816.239
782.859
680.273
566.002
496.596
423.417
410.317
500.035
639.624
898.094
952.384
979.818
993.98
1002.05
1006.92
1010.01
1012.04
1013.4
1014.3
1014.84
1015.1
1015.12
1014.91
1014.48
1013.78
1012.79
1011.45
1009.67
1007.38
1004.45
1000.79
996.247
990.691
983.98
975.975
966.546
955.576
942.97
928.67
912.687
895.181
876.708
858.107
842.118
833.764
815.151
800.215
795.904
789.637
789.424
787.726
787.131
786.651
786.348
786.174
786.09
824.854
859.369
891.732
920.323
946.035
968.666
988.421
1005.5
1020.11
1032.48
1042.84
1051.43
1058.48
1064.19
1068.78
1072.42
1075.28
1077.49
1079.18
1080.44
1081.37
1082.02
1082.45
1082.69
1082.76
1082.67
1082.41
1081.97
1081.34
1080.48
1079.37
1077.98
1076.29
1074.29
1071.97
1069.34
1066.43
1063.27
1059.92
1056.44
1052.89
1049.33
1045.84
1042.47
1039.28
1036.31
1033.6
1031.23
1029.27
1027.76
1026.68
1026.01
1025.73
1025.84
1026.28
1026.98
1027.85
1028.79
1029.72
1030.54
1031.19
1031.64
1031.85
1031.81
1031.53
1031.03
1030.33
1029.47
1028.48
1027.4
1026.27
1025.12
1023.96
1022.81
1021.69
1020.6
1019.54
1018.48
1017.38
1016.17
1014.77
1013.09
1011.01
1008.39
1005.07
1000.88
995.62
989.091
981.076
971.357
959.717
945.949
929.863
911.3
890.117
866.168
839.707
809.896
778.384
799.647
805.395
814.057
1073.65
1051.1
1072.05
1005.27
791.563
761.353
1065.57
1044.41
748.081
1029.81
1001.18
912.496
1018.17
1006.81
965.371
987.574
1029.24
944.547
1005.2
1027.82
743.344
707.996
1025.53
743.188
826.432
920.001
804.819
811.221
761.818
753.275
800.948
1081.63
1081.99
1031.65
1082.28
1080
721.409
1027.05
1024.35
1026.05
1024.7
1022.35
1014.56
1018.98
743.195
1024.29
903.308
864.745
836.57
762.196
824.269
683.996
700.159
1023.23
784.383
768.811
815.758
1077.11
1017.88
1058.89
810.32
1025.78
864.087
824.556
842.411
808.168
768.847
773.726
640.554
858.861
702.866
719.951
937.856
909.942
945.81
1030.04
797.77
1025.85
1016.86
1022.32
1011.49
1011.46
999.323
986.183
969.89
1027.58
676.963
751.854
1023.82
1029.34
966.962
1020.96
804.446
1024.65
1021.2
1025.25
777.276
789.519
805.896
1063.84
797.04
1077.44
799.083
968.473
1032.2
813.198
1078.79
812.135
1071.27
1055.31
1051.66
807.437
1040.92
756.128
1037.6
1082.35
1080.05
1081.54
754.796
809.242
824.924
828.281
716.411
845.584
776.929
661.618
839.385
1077.63
1071.73
823.124
818.608
1040.09
791.011
1051.9
1024.67
808.341
956.825
847.452
845.188
1080.71
1081.08
1034.02
1017.48
858.928
919.42
728.406
743.087
791.827
834.737
685.261
883.94
891.238
838.162
921.419
888.729
945.323
734.987
662.565
952.489
928.486
988.218
994.342
979.582
1003.5
1015.2
1013.17
1023.69
1017.91
1026.06
1009.42
1030.05
1006.84
1025.4
1020.51
1015.76
994.083
850.455
976.566
991.555
958.281
1028.67
1025.79
1020.08
1022.99
1023.5
1029.76
1025.45
731.584
779.058
1026.56
702.315
782.804
1023.34
1023.55
743.181
715.196
1024.59
808.402
803.655
1028.49
697.991
781.874
1013.08
792.519
1026.85
759.283
1029.15
727.822
813.777
789.149
1042.53
1058.14
1068.42
1019.86
1075.71
1074.9
813.901
1068.57
803.406
1078.86
1080.98
801.961
1062.33
1048.01
820.245
801.697
1082.25
1034.5
809.58
751.877
1082.05
1080.88
758.422
841.677
1036.26
825.513
753.704
730.759
829.407
824.572
682.216
824.316
863.298
864.933
799.156
804.715
1050.13
1070.93
1004.68
849.58
1078.57
960.159
924.348
843.207
1008.36
998.797
1003.23
1024.55
1032.78
1033.22
975.098
1024.13
854.617
1023.35
1019.85
1021.95
778.246
844.423
773.411
1025.8
781.248
1020.61
1035.65
1013.08
791.769
1016.83
1015.85
918.954
872.249
858.612
884.633
820.158
927.726
763.261
968.004
1024.78
923.011
761.663
795.014
815.895
850.531
839.903
1080.22
783.081
810.001
1081.12
1080.44
1044
859.831
725.958
834.308
708.105
890.654
858.188
746.894
887.608
771.511
777.411
940.329
953.969
973.467
984.993
1027.59
1009.74
1034.26
1014.12
1035.65
989.471
1002.07
1032.7
1010.23
1018.63
1004.63
984.91
1018.55
1023.68
1024.29
1010.95
1034.98
1034.89
1016.33
1015.86
1022.36
1004.65
799.777
1029.98
787.962
1016.01
819.442
1017.37
838.888
799.726
850.852
1031.4
1062.77
848.895
1078.88
1069.15
1062.99
848.631
843.231
1032.53
831.854
1075.82
1055.76
822.181
827.449
1075.95
843.375
838.836
1073.95
1081
801.472
1080.86
842.379
1047.96
782.714
858.709
861.914
758.273
707.009
858.429
789.872
966.701
838.044
870.861
870.551
1074.03
878.719
1068.53
861.811
1011.31
855.555
1046.09
823.32
917.37
1016.13
994.19
1000.39
1033.16
1042.02
986.032
1008.66
889.247
879.468
1078.44
1078.53
1079.13
1044.46
1005.4
1043.03
1009.11
838.794
1000.25
768.692
1030.74
1019.78
868.699
871.601
1037.22
730.964
890.46
944.914
905.791
772.216
908.494
987.716
860.653
944.763
789.498
933.246
980.576
965.487
994.868
852.551
1024.61
889.892
1027.82
1020.9
1015.88
1004.55
994.662
983.021
766.351
789.259
1018.3
785.715
1015.63
1021.16
771.631
1001.77
1043.07
1036.27
1018.49
1015.2
1035.4
1005.33
1023.38
818.815
796.562
847.115
1016.44
1016.25
1006.71
1031.82
1020.74
1012.05
1035.43
1022.89
1075.68
1041.64
1067.32
847.951
874.349
1059.48
1028.4
1077.35
849.572
1079.8
1019.18
1073.76
1023.05
844.668
778.547
1057.11
1066.23
849.2
831.607
830.323
1079.52
1028.91
775.176
839.927
1079.08
1073.14
877.868
858.501
890.36
798.43
889.145
889.188
828.211
810.306
1003.88
975.454
1048.51
1022.39
1014.91
909.021
1033.31
1012.79
907.435
971.802
1071.35
902.069
1004.4
989.488
1018.29
1007.73
1058.62
887.38
851.511
836.406
1040.61
1060.99
1049.59
813.42
1013.85
915.704
822.216
794.024
1077.2
1002.72
1004.25
1044.23
1003
1004.11
874.355
864.826
1050.43
860.979
1024.09
816.952
1076.91
1076.2
1078.02
875.381
943.969
911.861
950.664
854.107
898.852
752.404
967.32
818.087
805.101
992.526
946.772
845.568
967.65
828.942
1030.2
857.952
981.822
1016.1
963.166
1002.98
1043.79
1037.24
1012.29
990.989
837.158
1010.55
1006.86
830.8
1002.32
847.924
842.241
1006.28
1007.77
1044.47
1043.83
1015.38
1014.67
1018.12
881.572
996.727
998.763
1006.89
1038.7
1040.58
1024.42
1029.26
845.485
1010.48
1041.76
1065.62
831.142
880.03
881.042
1069.07
1071.05
880.398
1078.9
1078.84
879.622
876.669
1015.99
816.332
867.258
880.383
866.135
869.303
1071.87
871.48
1077.81
876.44
1074.85
1041.68
889.858
784.551
889.204
845.418
750.841
890.508
854.566
957.438
883.243
892.702
903.023
1075.57
1069.54
1037.75
907.796
1003.8
859.257
890.306
980.266
907.332
898.749
1064.22
992.176
1051.34
916.813
953.166
1042.25
898.421
987.08
996.122
906.112
1075.45
849.254
1004.56
862.961
984.006
1051.99
998.021
1050.88
997.386
985.008
954.909
889.159
966.128
1004.32
991.344
1076.44
1027.55
901.014
914.796
916.929
868.551
791.646
918.014
932.388
986.965
829.236
812.771
923.277
1009.43
871.958
958.184
1018.24
998.836
986.34
1040.21
965.104
1025.61
1036.6
986.948
887.306
983.353
987.84
1046.22
1043.76
991.043
1050.62
1011.69
990.85
1013.8
1011.68
823.068
1004.23
1003.32
1048.1
1027.32
851.014
1015.72
936.761
893.712
1013.79
842.196
858.349
1039.9
1006.78
1020.76
1044.28
870.305
880.899
1072.96
1065.5
873.017
1062.31
902.868
1017.37
1077.25
907.928
1055.39
880.607
1054.64
897.098
1019.71
813.521
1069.25
1075.74
1074.17
1072.96
904.116
877.844
834.848
807.954
913.726
773.206
918.647
909.313
990.976
1015.22
1046.33
1058.57
1052.36
1002.52
832.77
1016.89
945.065
907.023
967.106
1047.05
922.888
932.222
1069.61
926.58
1024.45
1072.04
1002.61
1008.76
877.159
976.27
989.92
1056.01
948.196
976.382
1037.44
884.765
985.973
994.179
856.461
998.856
908.312
1042.74
1012.44
853.464
1074.99
922.202
939.306
942.509
1073.41
896.796
844.181
813.145
935.574
985.671
895.126
842.948
936.864
864.071
957.964
878.044
971.387
1038.3
1024.31
890.297
1031.63
985.842
1050.2
978.04
1052.62
1003.79
972.499
1030.51
894.598
1057.03
895.054
999.324
877.921
993.409
985.491
989.639
979.368
1003.24
992.482
1051.73
1002.57
851.613
988.851
893.377
1049.63
934.53
906.286
1001.69
995.102
992.672
1045.55
1052.09
1051.66
1075.04
1060.79
908.671
910.486
905.294
1071.47
865.802
1067.18
1075.14
906.666
905.65
894.834
898.914
1066.54
1068.07
927.612
1032.73
1007.98
1074.14
849.71
899.773
857.31
932.54
1071.91
1065.2
1026.66
999.066
1068.98
990.924
988.899
881.815
892.084
864.585
886.9
1019.86
914.359
1052.31
1058.96
989.291
948.496
1058.56
946.888
1041.17
984.107
1057.69
908.953
978.831
1052.81
964.813
929.453
951.948
964.453
968.768
890.126
1070.79
1014.73
864.026
1035.87
961.038
1064.27
973.071
1061.29
979.911
983.787
942.049
931.754
929.586
1071.26
974.42
962.294
964.155
849.842
975.584
1002.61
936.073
911.116
1004.08
901.516
1028.61
963.431
952.489
1037.82
1031.68
1042.86
911.176
972.336
970.027
974.57
918.782
1053.07
920.934
1063.06
1063.46
1055.47
1054.5
1066.08
990.035
1012.43
1033.95
937.883
902.663
989.316
1057.71
985.551
988.638
1001.09
918.322
1047.87
1000.68
974.982
994.836
1046.35
1052.03
916.18
932.104
925.479
1056.83
1071.53
1003.25
909.161
904.113
908.797
1047.64
929.701
931.448
1071.61
1071.28
997.864
886.294
924.13
926.361
829.844
937.778
940.842
1044.01
933.504
961.909
1054.8
1032.4
960.047
978.442
1008.35
983.546
881.867
1000.51
922.142
1014.72
930.929
921.145
1029.09
931.269
954.481
956.889
1050.23
1036.58
1042.81
1060.09
952.589
972.654
945.014
1066.87
1037.23
1054.7
1044.36
1068.16
948.816
987.903
1028.3
1069.66
967.775
1018.47
1049.77
1067.99
972.331
932.24
936.409
937.795
991.372
920.613
985.735
922.409
1058.78
981.059
1059.06
975.24
924.852
876.644
1026.35
894.857
958.601
1043.73
1048.02
916.463
959.198
1062.34
982.719
943.443
982.123
964.192
964.773
981.227
966.317
972.961
923.151
1056.39
1058.66
980.432
985.919
988.164
884.433
1050.08
971.749
933.89
1058.25
1070.31
882.464
931.558
992.998
931.655
897.777
1067.36
1062.47
933.384
1072.03
946.946
1020.83
950.044
959.038
973.232
962.119
849.681
867.185
933.883
948.427
941.429
1056.53
1057.91
1059.81
1065.78
953.678
953.821
962.901
1062.34
959.084
882.324
953.168
1053.81
972.649
953.543
1011.91
1008.74
1064.36
944.091
930.763
911.926
1067.04
1004.88
979.968
915.618
915.176
911.091
994.583
943.72
934.455
1052.19
950.988
972.459
987.317
1068.47
1049.68
997.868
1067.66
933.667
932.727
1038.21
925.451
1069.28
981.115
897.696
948.789
997.762
895.295
1011.82
905.866
914.265
1023.39
937.957
1032.81
926.709
1040.51
951.932
1055.69
936.859
939.17
943.315
1059.81
972.281
953.579
970.393
1047.02
970.391
965.203
1052.44
1063.08
1040.4
985.713
1065.1
966.317
1063.31
964.143
963.806
969.624
1060.03
1063.38
971.119
999.735
968.277
1056.78
1064.66
1058.98
968.752
942.09
954.249
991.228
939.67
950.023
1062.12
951.019
962.096
939.916
963.378
942.492
982.863
954.555
1060.69
954.003
1065.85
1046.89
953.544
1063.73
1033.1
1056.71
954.24
1025.73
952.638
1018.65
970.738
972.47
946.111
1062.49
957.502
974.234
975.225
912.641
953.861
971.805
