754.214
793.538
840.016
601.312
1069.19
943.843
966.083
753.361
750.747
746.358
740.172
732.168
722.327
710.614
697.029
681.608
664.1
645.216
624.046
624.99
646.7
666.121
683.938
699.586
713.36
725.247
735.662
743.458
752.477
754.263
765.185
769.086
770.778
772.836
775.82
776.729
770.951
774.301
776.498
773.374
766.412
784.566
775.162
780.954
776.554
794.046
775.095
784.453
781.766
784.211
781.687
787.446
776.674
774.073
773.462
769.847
761.383
752.689
768.994
711.355
721.938
693.26
750.129
705.347
718.183
722.258
657.371
636.149
673.421
689.445
646.974
791.347
791.168
705.756
476.624
450.139
536.327
487.46
530.298
860.813
1025
889.253
919.807
959.869
983.197
996.288
1003.92
1008.71
1011.92
1014.15
1015.71
1016.8
1017.52
1017.96
1018.17
1018.18
1018
1017.63
1017.04
1016.2
1015.04
1013.49
1011.47
1008.86
1005.55
1001.39
996.249
989.97
982.408
973.427
962.916
950.796
937.028
921.625
904.691
886.467
868.089
851.442
842.744
830.887
808.771
800.792
801.005
797.005
796.181
795.111
794.465
794.027
793.747
793.592
831.408
867.556
899.244
928.292
953.826
976.268
995.754
1012.47
1026.67
1038.59
1048.49
1056.61
1063.21
1068.5
1072.7
1075.99
1078.53
1080.48
1081.94
1083.03
1083.82
1084.37
1084.73
1084.94
1085.01
1084.96
1084.78
1084.45
1083.95
1083.27
1082.36
1081.21
1079.77
1078.04
1076
1073.65
1071.03
1068.15
1065.08
1061.89
1058.63
1055.41
1052.28
1049.32
1046.58
1044.12
1041.95
1040.12
1038.7
1037.68
1037.03
1036.69
1036.65
1036.88
1037.35
1037.97
1038.68
1039.39
1040.04
1040.56
1040.9
1041.04
1040.96
1040.66
1040.14
1039.43
1038.55
1037.53
1036.41
1035.23
1034.01
1032.79
1031.58
1030.42
1029.29
1028.23
1027.22
1026.25
1025.28
1024.23
1023.04
1021.61
1019.82
1017.54
1014.59
1010.8
1005.97
999.875
992.294
982.99
971.727
958.278
942.431
923.992
902.826
878.857
851.718
822.336
788.917
818.277
803.38
822.333
1077.42
1056.3
1075.62
1012.26
793.799
799.935
1070.2
1050.86
757.661
1038.46
1006.37
972.711
1021.88
1015.96
972.361
998.359
1039
956.878
1014.52
1035.91
744.857
679.469
1036.42
753.439
833.794
927.98
811.967
816.534
736.872
710.414
821.285
1083.98
1084.37
1040.04
1084.55
1082.81
758.677
1036.52
1027.34
1028.71
1027.55
1029.98
1022.63
1026.61
773.689
1034.68
912.411
877.433
843.621
772.573
830.874
692.984
709.919
1034.2
763.356
778.011
820.241
1080.1
1022.45
1064.08
821.68
1033.62
873.6
831.086
850.979
820.618
779.254
784.165
647.835
867.074
712.494
729.613
945.858
922.635
953.611
1039.19
896.133
1028.53
1024.63
1025.51
1020.02
1015.84
1009.25
992.256
981.525
1037.96
655.704
749.306
1034.94
1037.77
994.529
1024.68
827.506
1032.4
1028.81
1028.06
785.25
803.711
806.151
1068.16
796.345
1080.69
801.022
976.083
1038.32
820.704
1081.57
810.307
1075.32
1060.79
1057.44
810.764
1047.79
785.077
1044.93
1084.62
1082.65
1084.03
725.684
815.031
831.876
835.571
726.334
854.964
787.405
671.247
846.23
1080.43
1075.59
838.562
812.105
1046.65
779.52
1057.51
1033.41
819.003
990.338
854.493
844.983
1083.14
1083.37
1037.35
1025.13
868.109
927.432
740.024
755.067
804.269
846.597
696.782
893.264
898.756
850.162
929.99
901.44
953.154
744.644
672.094
959.965
941.056
995.559
999.967
990.802
1013.02
1019.22
1021.44
1026.69
1025.6
1028.71
1018.24
1038.94
1011.61
1028.15
1023.94
1023.66
1004.43
937.659
983.093
1007.06
970.292
1036.91
1028.5
1027.68
1026.25
1031.18
1039.21
1035.42
766.191
824.187
1037.22
644.406
757.571
1034.44
1034.28
792.907
724.585
1035.63
826.629
822.407
1038.57
678.792
793.675
1019.26
814.674
1034.8
768.738
1038.09
740.579
822.929
788.149
1048.19
1062.88
1072.34
1026.42
1079.21
1078.16
821.388
1072.91
817.103
1081.88
1083.43
813.164
1067.24
1054.1
808.605
803.452
1084.56
1042.34
816.746
767.652
1084.34
1083.52
709.239
850.444
1043.22
832.686
764.042
740.864
840.445
831.322
691.252
830.854
873.679
875.159
811.614
817.172
1055.34
1074.53
1011.68
856.807
1081.44
968.05
936.92
843.961
1016.63
1008.32
1009.26
1028.96
1039.69
1036.59
986.321
1033.73
883.824
1029.56
1030.65
1029.95
821.231
853.573
766.511
1034.33
775.963
1030.2
1038.66
1020.77
803.987
1027.32
1027.04
927.028
881.761
867.289
897.343
832.089
936.675
774.881
975.639
1033.78
964.173
792.517
839.142
825.297
850.036
847.388
1082.76
771.303
801.241
1083.43
1082.83
1050.21
869.267
737.747
846.296
719.066
898.203
866.55
758.53
897.141
783.824
788.918
952.661
965.983
980.874
991.936
1031.67
1017.8
1037.47
1021.75
1038.67
999.822
1011.22
1036.29
1015.81
1026.34
1018.4
1007.67
1029.56
1032.01
1032.81
1018.84
1038.09
1038.06
1023.95
1026.69
1032.6
1013.47
816.692
1033.78
806.962
1021.18
833.172
1028.53
837.607
810.823
853.291
1037.53
1067.11
857.273
1081.5
1073.3
1067.74
855.014
850.736
1039.97
846.421
1079.13
1061.09
825.828
841.219
1078.98
845.251
844.767
1077.53
1083.35
789
1083.18
857.819
1053.86
795.111
867.622
870.749
770.438
718.01
866.699
801.085
974.379
848.398
883.378
878.23
1077.09
889.84
1072.58
867.978
1017.15
861.631
1052.11
824.731
929.938
1025.03
1003.33
1008.64
1037.35
1045.16
1008.1
1019.6
897.557
886.316
1080.88
1081.02
1081.48
1047.22
1013.08
1046.09
1016.79
825.675
1010.77
780.135
1034.76
1027.56
874.712
880.716
1043.81
741.44
898.078
953.321
918.485
783.423
917.894
995.078
873.335
952.645
800.839
945.576
987.783
977.125
1001.35
860.339
1033.9
926.921
1032.61
1028.78
1024.53
1020.63
1004.59
993.809
806.038
833.291
1028.35
789.105
1026.69
1031.7
786.683
1009.83
1046.05
1040.13
1023.88
1022.82
1038.47
1016.54
1033.29
840.795
834.543
847.954
1027.66
1025.13
1015.23
1035.39
1025.51
1019.83
1038.47
1031.04
1078.52
1047.32
1071.27
852.512
881.43
1064.53
1035.69
1080.42
857.204
1082.28
1025.76
1077.05
1032.12
851.192
766.162
1061.87
1070.68
856.01
831.67
843.745
1082.2
1036.88
768.406
842.841
1081.45
1076.57
883.86
866.995
898.259
810.215
897.729
898.175
840.176
822.185
1010.9
986.237
1053.75
1030.18
1024.7
943.827
1038.8
1020.73
919.987
979.553
1074.47
908.806
1013.46
997.716
1024.2
1023.72
1063.69
895.432
870.584
886.679
1044.88
1065.36
1052.78
804.512
1022.75
924.354
834.704
806.022
1079.6
1009.01
1012.01
1047.03
1014.08
1015.35
886.937
870.59
1056.16
870.993
1031.82
816.335
1079.58
1079.15
1080.63
882.328
951.928
920.915
958.832
866.773
911.541
763.572
974.997
828.994
816.216
999.273
958.783
855.473
978.869
839.61
1036.36
864.366
992.166
1025.27
990.419
1010.87
1046.66
1041.58
1022.72
1000.5
886.229
1021.26
1016.93
813.48
1013.19
880.929
891.869
1013.92
1015.41
1047.24
1046.75
1023.81
1022.91
1029.12
920.876
1005.53
1007.27
1018
1042.28
1043.91
1029.37
1033.81
841.146
1018.23
1045.06
1070
833.757
887.701
889.234
1072.7
1074.77
889.43
1081.27
1081.25
884.121
889.115
1025.23
803.452
872.48
887.599
878.28
877.059
1075.2
879.135
1080.35
883.292
1078.02
1047.98
897.949
796.18
898.325
858.054
762.1
898.245
865.956
968.637
893.792
902.065
912.009
1078.07
1073.15
1044.78
915.487
1012.35
862.563
908.384
989.758
916.231
906.415
1068.59
1000.04
1054.26
925.349
983.59
1047.27
940.949
998.026
1006.89
913.541
1078.04
844.266
1013.62
856.405
994.237
1054.8
1005.7
1053.97
1005.09
995.686
963.114
901.826
973.865
1013.67
1011.99
1078.87
1035.1
907.986
923.629
925.402
881.228
803.792
926.32
941.043
994.359
841.145
824.776
935.594
1015.81
882.712
969.818
1024.84
1005.67
993.635
1045.91
975.867
1031.07
1041.23
996.865
897.473
992.47
996.32
1049.86
1047.69
999.065
1053.65
1019.53
1001.81
1023.92
1021.3
805.723
1013.02
1014.52
1051.5
1034.84
856.094
1025.2
968.091
902.121
1021.88
885.57
902.548
1043.59
1014.4
1032.69
1047.1
867.088
889.398
1075.87
1069.49
879.39
1067.04
909.886
1025.43
1080.02
916.688
1060.18
888.657
1060.05
905.145
1027.95
808.98
1072.63
1078.18
1076.9
1076.03
911.148
890.546
847.432
820.289
922.682
785.163
926.818
917.453
998.224
1021.54
1051.61
1062.99
1058.16
1010.69
844.963
1023.52
956.221
916.994
976.56
1051.25
930.786
941.311
1072.57
934.028
1036.2
1074.62
1012.61
1018.41
889.779
984.452
999.14
1059.13
959.811
986.278
1043.89
894.468
996.869
1004.15
848.782
1009.42
916.937
1049.42
1020.82
854.26
1077.69
931.312
947.648
950.575
1075.9
900.528
856.714
825.334
944.223
993.112
907.642
854.635
948.86
875.152
966.069
888.757
981.71
1044.03
1030.17
900.056
1036.67
994.62
1054.07
986.019
1056.2
1013.47
998.031
1039.21
928.874
1059.99
934.859
1007.11
880.044
1004.31
996.307
998.569
989.791
1011.59
1000.21
1054.58
1012.09
844.407
999.825
920.063
1052.93
969.777
948.374
1009.71
1002.74
1000.32
1049.71
1054.9
1054.61
1077.64
1065.6
916.509
918.182
912.483
1074.79
870.871
1071.14
1077.65
914.522
914.666
903.615
907.685
1070.22
1071.25
935.022
1040.04
1016.71
1077.01
847.566
907.154
869.936
940.327
1074.59
1069.07
1035.74
1017.96
1072.2
1000.55
997.343
882.518
896.133
876.45
898.072
1026.14
923.536
1056.46
1063.84
999.133
956.125
1061.3
956.758
1048.07
991.826
1060.66
917.401
989.359
1056.67
974.877
949.905
981.083
974.421
978.925
892.06
1073.58
1024.31
876.559
1041.63
969.168
1067.49
982.457
1064.36
987.739
991.43
951.478
939.366
937.062
1073.83
984.545
972.322
971.975
861.935
983.275
1009.66
947.646
923.398
1010.87
911.894
1034.79
973.29
963.211
1042.79
1037.09
1047.43
920.747
981.07
979.104
983.006
927.226
1057.9
929.093
1067.08
1067.19
1059.28
1057.83
1069.51
999.561
1027.62
1042.94
965.415
908.297
997.986
1060.55
1008.02
996.888
1011.38
957.895
1051.51
1008.57
985.424
1002.46
1051.8
1054.89
928.352
940.99
932.996
1062.12
1074.07
1012.87
917.128
910.703
917.126
1053.91
939.112
940.735
1074.28
1074.1
1007.47
888.996
931.8
935.726
842.224
946.263
949.041
1051.19
941.763
989.692
1058.25
1041
968.058
986.08
1015.1
991.052
894.298
1007.62
933.63
1021.39
941.995
931.586
1034.9
940.821
963.464
965.542
1055.09
1041.94
1047.74
1064.15
962.562
981.729
952.893
1069.72
1046
1060.26
1051.36
1070.8
956.369
998.032
1039.31
1072.22
978.019
1031.91
1055.45
1070.77
980.858
940.929
945.138
948.018
1004.36
926.866
998.103
929.645
1061.51
988.661
1061.82
982.819
936.808
888.193
1032.56
905.648
968.886
1049.03
1052.54
925.261
967.569
1065.82
993.224
972.703
989.782
974.191
974.824
988.968
976.354
998.513
939.516
1059.56
1061.5
990.459
993.736
996.249
885.247
1054.57
982.056
958.238
1061.02
1073.3
883.931
939.088
1002.61
939.323
903.128
1070.86
1066.79
941.258
1074.65
954.685
1030.22
960.076
969.06
982.928
970.034
862.063
879.465
943.032
958.189
949.684
1060.63
1061.43
1063.08
1068.79
963.432
963.277
970.837
1065.25
968.924
894.375
960.924
1058.53
980.959
961.086
1024.58
1024.42
1067.76
955.845
938.649
917.275
1069.97
1018.01
991.702
921.207
921.206
922.967
1001.79
953.91
943.604
1056.68
958.503
981.243
995.257
1071.08
1056.01
1011.12
1070.39
941.711
941.218
1046.17
932.467
1071.95
988.69
909.894
958.157
1004.93
907.027
1018.54
917.21
925.169
1029.65
948.588
1038.6
936.698
1045.84
961.291
1060.14
945.652
947.671
951.365
1063.58
982.258
962.719
980.568
1053.82
978.046
972.982
1058.16
1065.87
1048.53
996.073
1067.75
973.885
1065.97
971.684
973.944
977.309
1064.25
1066.25
978.728
1017.18
978.896
1060.85
1067.41
1062.59
987.318
950.828
963.657
1009.91
948.002
958.986
1065.17
964.483
972.364
948.072
980.373
950.758
1002.28
962.671
1063.97
961.93
1068.99
1051.79
962.386
1066.44
1042.68
1061.57
962.569
1036.65
960.268
1030.62
978.546
980.593
954.675
1066.24
972.758
985.345
994.649
917.911
962.431
979.759
