922.815
923.846
1004.71
788.388
1096.56
1096.53
1073.07
922.792
922.522
921.864
920.607
918.381
914.646
908.681
899.743
887.254
870.749
848.589
816.089
817.608
850.705
872.887
889.314
901.506
909.898
915.094
917.796
918.53
917.542
914.868
910.613
905.316
899.45
886.974
856.354
941.16
895.182
894.315
735.846
763.554
785.861
844.263
786.955
903.239
966.163
947.569
829.4
809.457
545.255
533.251
533.159
537.329
559.237
918.864
1022.8
1047.58
1055.55
1058.18
1059.08
1059.4
1059.51
1059.55
1059.56
1059.57
1059.57
1059.57
1059.57
1059.57
1059.57
1059.57
1059.57
1059.57
1059.57
1059.57
1059.57
1059.57
1059.57
1059.57
1059.57
1059.57
1059.57
1059.57
1059.57
1059.57
1059.57
1059.57
1059.57
1059.57
1059.57
1059.57
1059.57
1059.57
1059.57
1059.57
1059.57
1059.57
1059.57
1059.57
1059.57
1059.57
1059.57
1059.57
1059.56
1059.55
1059.53
1059.48
1059.38
1059.2
1058.86
1058.23
1057.12
1055.27
1052.33
1047.96
1041.93
1034.24
1024.86
1013.37
1009.61
1010.34
996.299
945.922
950.328
939.583
933.171
929.47
927.058
925.517
924.564
924.037
960.03
1002.93
1032.67
1054.53
1070.75
1082.15
1089.6
1094.17
1096.82
1098.28
1099.07
1099.47
1099.68
1099.78
1099.83
1099.85
1099.86
1099.87
1099.87
1099.87
1099.87
1099.87
1099.87
1099.87
1099.87
1099.87
1099.87
1099.87
1099.87
1099.87
1099.87
1099.87
1099.87
1099.87
1099.87
1099.87
1099.87
1099.87
1099.87
1099.87
1099.87
1099.87
1099.87
1099.87
1099.87
1099.87
1099.87
1099.87
1099.87
1099.87
1099.87
1099.87
1099.87
1099.87
1099.87
1099.87
1099.87
1099.87
1099.87
1099.87
1099.87
1099.87
1099.87
1099.86
1099.86
1099.85
1099.83
1099.81
1099.77
1099.72
1099.66
1099.57
1099.46
1099.32
1099.17
1099
1098.84
1098.7
1098.6
1098.54
1098.52
1098.54
1098.6
1098.69
1098.77
1098.83
1098.84
1098.72
1098.38
1097.63
1096.18
1093.5
1088.88
1081.35
1069.85
1053.52
1031.56
1001.79
958.867
1057.23
901.38
865.709
1099.84
1099.44
1099.82
1094.16
946.23
1067.85
1099.84
1099.84
950.313
1099.82
1067.82
1068.02
1068.01
1098.36
1065.44
1098.51
1099.83
1093.35
1068.02
1099.76
1068.02
1068.02
1099.84
948.444
973.797
1054.43
834.799
824.717
1068.01
1068.02
829.637
1099.84
1099.84
1099.84
1099.84
1099.84
1068.02
1099.84
1068.02
1068.02
1068.02
1099.32
1098.15
1098.73
1068.02
1099.84
1049.18
1053.22
1010.89
954.889
960.474
903.702
919.16
1099.84
1068.02
954.254
875.448
1099.83
1068.02
1099.84
909.922
1099.65
1030.55
959.759
1019.73
1000.84
956.25
957.184
843.052
1002.52
921.811
935.219
1060.35
1081.18
1070.73
1099.83
1068.02
1068.02
1098.35
1068.02
1098.17
1067.97
1098.57
1067.27
1097.46
1099.84
1068.02
1068.02
1099.84
1099.81
1068.02
1068.02
977.838
1099.57
1099.15
1068.02
953.305
1066.69
856.212
1099.75
940.71
1099.84
934.121
1082.15
1098.26
903.627
1099.84
817.157
1099.84
1099.84
1099.84
844.675
1099.84
1067.95
1099.84
1099.84
1099.84
1099.84
1068.01
814.033
964.413
982.621
932.361
1018.32
958.054
877.776
918.158
1099.72
1099.73
984.206
1077.78
1099.73
1077.92
1099.73
1099.69
996.339
1077.93
967.898
866.158
1099.73
1099.72
1077.93
1098.84
1013.25
1054.41
961.431
972.935
996.961
943.287
915.676
1040.79
1032.39
1031.05
1055.67
1069.63
1070.79
944.501
879.006
1063.47
1088.73
1089.6
1067.63
1098.19
1098.48
1067.99
1098.13
1068.02
1098.53
1068.02
1098.25
1099.83
1067.92
1068.02
1068.01
1098.22
1098.6
1068.02
1066.61
1068.02
1096.01
1099.79
1068.02
1098.95
1068.02
1099.46
1099.83
1099.84
1068.02
1068.02
1099.84
1068.02
1068.02
1099.84
1099.84
1068.02
1068.02
1099.84
923.491
1035.69
1099.84
1068.02
950.588
1068.02
1064.26
1099.72
953.352
1099.84
1068.02
866.254
1067.54
1099.04
1099.65
1099.79
1096.8
1099.84
1099.83
890.024
1099.84
828.731
1099.84
1099.84
843.777
1099.84
1099.84
866.289
922.278
1099.84
1099.84
801.735
1067.99
1099.84
1099.84
1068.01
854.856
1099.73
968.015
952.563
941.955
999.008
962.073
901.677
959.816
1031.89
1034.17
998.691
1000.01
1099.34
1099.71
1094.13
999.174
1099.73
1072.88
1088.19
1070.3
1096.79
1097.48
1077.51
1077.91
1099.49
1077.93
1097.55
1099.72
1077.93
1077.93
1099.72
1099.52
1077.92
895.681
1077.92
1099.72
1077.93
1099.72
1077.92
1097.45
1077.93
1099.72
1099.73
1054.75
923.034
1006.53
1068.94
1026.64
1063.98
986.122
1082.2
1099.71
1077.93
1077.92
1077.93
993.845
1042.82
903.34
1099.73
1077.92
1077.88
1099.72
1099.73
1099.73
1019.24
959.14
1030.13
941.99
1032.31
1002.99
975.921
1046.55
989.953
992.503
1092.81
1095.45
1075.08
1076.38
1077.92
1096.81
1077.93
1097.81
1077.92
1097.82
1097.25
1077.93
1077.72
1099.08
1077.93
1077.93
1099.72
1099.64
1099.67
1096.94
1077.93
1077.93
1098.54
1099.72
1099.72
1097.04
1077.93
1077.93
1077.93
1077.83
989.705
1099.72
1075.05
997.078
1023.49
1098.17
1099.63
1009.26
1099.72
1099.73
1099.73
990.31
853.62
1099.72
955.856
1099.73
1099.73
1077.53
977.437
1099.72
886.651
928.828
1099.73
1099.73
1077.91
1099.72
933.769
1099.73
994.373
1009.31
1025.84
983.034
940.809
1002.48
1014.81
1079.02
1026.53
1080.51
960.344
1099.49
1063.86
1099.49
1009.42
1084.32
1084.5
1099.49
1084.75
1087.06
1099.43
1094.96
1093.99
1084.76
1084.78
1084.79
1099.49
1039.64
1018.93
1099.49
1099.48
1099.49
1084.72
1095.23
1084.79
1097.76
1084.8
1099.38
1001.4
1077.93
1099.27
983.754
932.938
1099.49
968.125
1032.88
1069.31
1080.58
1003.86
1056.43
1089.62
1052.34
1071.03
995.926
1091.68
1081.57
1096.87
1077.11
1020.8
1099.71
1077.93
1077.93
1099.42
1099.39
1084.79
1097.69
1097.81
1077.91
1077.93
1099.72
1077.93
1099.72
1099.72
1077.92
1094
1084.77
1084.77
1084.54
1098.19
1077.92
1099.49
1099.72
1077.93
1077.93
1059.12
1099.73
1077.93
1096.87
1077.93
1077.88
1097.15
1077.92
1099.6
1099.49
1098.94
1099.68
1084.67
920.251
1099.73
1099.49
1099.73
1000.65
1099.72
1096.74
1099.72
1099.72
868.244
1077.92
1099.54
1099.73
997.31
1076.86
968.675
1099.73
1099.72
1077.91
1084.73
1099.49
1099.49
969.283
1004.56
1035.59
1019.04
1042.61
1047.46
1028.67
1023.72
1094.09
1096.37
1099.11
1099.05
1099.48
1084.77
1084.77
1098.92
1084.89
1083.15
1099.05
978.015
1098.93
1088.87
1089.2
1089.75
1099.49
1089.56
1084.78
1084.71
1089.72
1099.4
1089.69
1084.71
1099.45
1058.29
1040.51
1024.08
1099.21
1083.88
1094.69
1084.73
1099.49
1099.49
1076.3
1001.83
1099.49
1084.04
1099.49
1084.72
1099.49
1099.49
1099.49
927.961
1071.36
1059.53
1074.86
1050.87
1079.34
988.436
1082.33
1025.53
1021.73
1083.05
1094.3
1024.42
1096.24
1026.93
1098
1015.72
1096.21
1099.45
1084.78
1094.23
1084.75
1084.76
1099.49
1095.44
1084.7
1099.49
1099.47
1084.8
1099.46
1084.77
1084.74
1095.88
1097.16
1084.72
1084.78
1099.34
1099.25
1084.79
1084.77
1094.52
1094.18
1099.49
1084.78
1084.77
1084.66
1084.72
1084.79
1098.26
1084.77
1099.49
1084.75
1035.93
1050.93
1099.47
1099.49
1058.08
1099.49
1099.48
995.373
1070.3
1099.57
1084.75
993.398
1089.65
1082.94
973.008
1099.48
946.687
1099.49
945.201
1099.49
1099.49
1037.38
1011.85
1045.67
1048.69
987.168
1034.07
1048.86
1093.88
1039.96
1020.01
1087.65
1099.03
1099.08
1099.06
1051.87
1098.75
1089.64
1089.7
1091.76
1083.53
994.961
1099.08
1089.25
1089.63
1093.23
1089.68
1089.68
1089.55
1099.05
1099.06
1021.34
1099.02
1089.55
1099.09
1089.82
1098.81
1089.58
1092.49
1089.73
1095.63
1099.02
1078.29
1077.11
1082.35
1098.99
1089.71
1099.09
1099.06
980.298
1059.5
1057.28
1065.31
1022.62
1056.4
1068.52
1089.65
1043.08
1035.58
1089.59
1088.73
1047.15
1095.65
1096.63
1087.8
1086.09
1098.73
1093.79
1089.42
1089.66
1095.88
1034.42
1090.82
1089.25
1089.71
1089.72
1088.96
1089.65
1098.64
1099.05
1099.49
1099.52
1084.78
1098.86
1099.49
1089.68
1084.77
1084.78
1099.47
1084.76
1089.3
1099.12
1084.73
1084.76
1084.75
1096.47
1089.76
1084.74
1089.8
1054.11
1099.05
1099.45
1089.67
1099.49
981.23
1099.06
1099.49
1080.78
1099.3
1045.96
1099.49
1003.59
1099.48
1084.68
1099.05
1098.99
1099.05
1099.06
990.831
1067.58
1045.51
1033.21
1060.18
1008.08
1055.52
1073.8
1089.22
1092.23
1098.7
1098.98
1099.06
1098.35
1050.8
1096.37
1090.05
1058.35
1085.78
1093.29
1025.7
1090.36
1098.33
1021.38
1093.34
1098.28
1099.06
1098.32
1073.51
1080.52
1098.07
1093.18
1093.47
1092.64
1089.71
1089.71
1099.05
1099.06
1089.76
1099.08
1078.27
1099.06
1099.06
1089.55
1099.05
1093.12
1071.83
1071.49
1098.48
1093.61
1056.75
1038.92
1070.85
1089.56
1081.36
1047.09
1092.21
1048.71
1080.29
1044.04
1093.34
1098.36
1092.69
1027.61
1089.55
1089.95
1093.27
1080.68
1093.22
1099.04
1089.68
1089.74
1089.61
1093.14
1089.52
1096.73
1089.75
1099.06
1099.05
1097.9
1098.79
1098.59
1089.66
1089.58
1099.22
1089.64
1099.06
1089.66
1089.68
1089.67
1089.62
1098
1092.1
1093.39
1089.64
1089.62
1089.74
1099.05
1099.08
1062.72
1093.22
1005.12
1099.07
1089.65
1099.08
1098.9
1037.49
1085.86
1011.87
1088.72
1099.05
1098.34
1025.85
1099.06
1099.08
1099.06
1089.49
986.378
1061.89
1071.72
1098.32
1098.4
1098.34
1093.19
1098.34
1098.65
1097.41
1093.01
1093.13
1062.86
1065.08
1094.59
1048.47
1095.7
1098.43
1098.31
1052.45
1093.14
1095.7
1093.33
1092.29
1093.28
1093.35
1098.38
1093.14
1098.32
1093.19
1093.12
1098.32
1098.34
1093.44
1098.33
1098.33
1068.49
1097.71
1068.04
1097.24
1096.64
1095.58
1081.81
1085.67
1095.72
1054.4
1034.76
1098
1098.32
1098.03
1082.1
1058.43
1085.81
1093.92
1089.93
1086.2
1091.16
1061.51
1097.68
1087.4
1089.59
1093.05
1092.89
1093.17
1053.93
1082.38
1084.06
1081.26
1035.98
1098.88
1030.43
1099.03
1098.36
1095.68
1093.18
1098.35
1098.22
1093.24
1093.35
1093.01
1093.51
1097.69
1093.09
1093.16
1097.02
1099.08
1089.65
1089.62
1097.48
1098.35
1092.67
1093.25
1089.7
1093.26
1089.02
1020.11
1099.07
1098.06
1098.34
1069.69
1093.19
1076.11
1099.06
1092.31
1091.48
1098.32
1098.33
1098.36
1093.01
1021.62
1092.81
1049.57
1071.78
1071.64
1098.35
1085
1093.17
1093.12
1098.34
1081.24
1087.45
1093.44
1089.15
1076.4
1093.45
1084.54
1095.84
1084.3
1074.19
1095.07
1068.72
1073.94
1071.29
1098.17
1095.29
1095.45
1098.35
1095.28
1096.28
1048.77
1097.21
1095.78
1098.41
1095.81
1097.2
1055.35
1098.38
1095.68
1097.5
1097.35
1095.59
1095.77
1097.28
1095.41
1087.74
1095.67
1095.84
1097.18
1095.56
1097.23
1095.98
1093.2
1085.46
1093.44
1084.28
1088.83
1064.75
1097.09
1063.8
1088.69
1098.02
1095.59
1042
1069.38
1097.27
1098.41
1093.01
1090.19
1098.32
1098.27
1082.83
1098.33
1093.16
1093.21
1093.16
1093.42
1098.44
1094.17
1096.43
1093.19
1093.18
1098.35
1093.09
1093.12
1098.34
1092.95
1045.49
1098.42
1063.21
1093.15
1098.37
1098.42
1078.17
1098.26
1049.7
1098.34
1095.53
1097.6
1096.94
1081.77
1061.41
1069.17
1096.07
1079.62
1052.57
1097.28
1095.64
1095.6
1097.23
1094.86
1094.28
1067.96
1095.55
1097.31
1073.7
1083.22
1095.69
1094.82
1073.72
1097.25
1095.56
1097.23
1095.73
1095.62
1095.48
1097.24
1097.23
1097.28
1095.47
1095.66
1083.67
1091.26
1081.71
1064.66
1097.2
1061.57
1095.9
1095.54
1097.2
1098.39
1097.2
1097.21
1082.4
1086.51
1098.34
1095.59
1097.52
1088.49
1081.2
1097.52
1092.6
1075.99
1094.91
1076.55
1075.82
1096.11
1083.32
1096.67
1071.85
1096.94
1076.99
1098.29
1060.11
1055.94
1050
1097.29
1097.14
1093.6
1097.27
1097.37
1075.21
1069.47
1097.39
1095.53
1097.31
1098.4
1096.02
1073.88
1095.22
1073.88
1097.35
1087.02
1097.33
1095.71
1084.9
1095.58
1097.43
1095.62
1095.97
1095.56
1095.49
1097.28
1097.27
1095.59
1097.19
1097.25
1095.59
1095.67
1097.46
1097.17
1095.56
1097.2
1095.55
1089.62
1095.54
1087.04
1097.22
1097.09
1092.91
1095.58
1097.25
1097.38
1091.14
1097.23
1078.37
1097.24
1090.05
1093.85
1097.23
1097.28
1095.61
1097.35
1095.5
1095.45
1092.16
1092.31
