767.507
812.338
855.719
605.815
1073.91
1063.53
980.052
766.549
763.614
758.701
751.818
742.978
732.205
719.513
704.959
688.593
670.215
650.766
628.868
629.676
650.344
671.645
681.795
707.531
718.295
729.359
729.48
737.713
738.978
736.868
724.45
750.626
741.799
753.316
734.101
737.904
735.124
745.356
778.853
766.524
788.694
802.192
786.201
747.042
773.804
727.32
737.976
772.223
773.282
747.56
833.698
806.266
898.78
876.581
884.033
890.044
940.014
840.078
865.23
875.773
880.776
886.039
890.553
893.339
893.935
891.925
886.732
878.646
870.642
887.504
799.254
764.047
789.767
791.851
765.413
805.587
911.575
892.271
896.271
893.337
873.606
857.146
1005.34
955.071
943.355
961.823
1024.59
856.085
876.476
908.213
924.392
931.404
933.048
929.257
913.092
836.369
543.769
526.014
523.505
526.424
546.648
887.493
984.827
1006.54
1011.79
1011.33
1008.45
1004.09
998.447
991.495
983.116
973.159
961.451
947.787
931.904
913.429
892.603
868.916
841.098
843.308
820.671
826.761
822.956
821.315
818.376
816.84
815.157
813.945
813.062
812.525
851.114
888.302
920.097
948.962
973.908
995.41
1013.73
1029.12
1041.89
1052.38
1060.87
1067.67
1073.04
1077.23
1080.46
1082.91
1084.75
1086.11
1087.1
1087.81
1088.32
1088.67
1088.92
1089.08
1089.2
1089.27
1089.32
1089.34
1089.35
1089.36
1089.36
1089.36
1089.35
1089.35
1089.34
1089.33
1089.32
1089.3
1089.28
1089.25
1089.22
1089.18
1089.15
1089.12
1089.1
1089.09
1089.09
1089.09
1089.12
1089.15
1089.17
1089.16
1089.13
1089.07
1088.97
1088.82
1088.61
1088.31
1087.92
1087.42
1086.79
1086.01
1085.05
1083.9
1082.53
1080.92
1079.05
1076.9
1074.48
1071.79
1068.83
1065.65
1062.25
1058.68
1054.98
1051.23
1047.49
1043.83
1040.27
1036.84
1033.52
1030.27
1027.01
1023.65
1020.03
1015.97
1011.24
1005.59
998.762
990.444
980.335
968.128
953.52
936.232
916.051
892.778
866.001
836.775
802.666
847.174
783.454
884.131
1088.96
1067.39
1082.57
1028.97
792.167
928.067
1088.93
1088.7
746.84
1081.6
1018.64
831.656
999.453
1021.52
992.675
1003.66
1086.14
966.456
860.545
1075.73
925.35
942.841
1088.13
763.442
857.989
948.781
778.671
840.77
944.243
945.717
763.938
1088.32
1088.95
1088.62
1088.72
1088.99
932.423
1088.66
994.648
977.343
845.425
1060.58
1034.67
1049.28
922.148
1088.74
939.775
891.187
868.631
784.485
851.704
696.258
716.817
1088.71
948.248
766.153
850.446
1085.76
942.984
1088.88
879.251
1070.42
898.077
850.916
869.752
834.921
791.927
797.415
652.313
887.952
716.855
724.69
970.416
934.66
973.812
1084.27
887.581
888.844
1041.74
895.641
1028.08
1022.36
1013.92
1008.38
988.638
1087.38
925.775
951.007
1088.54
1079.91
822.414
971.602
833.986
1067.37
1056.92
996.369
772.551
899.673
787.108
1076.91
778.573
1088.98
775.813
995.327
1052.15
868.559
1086.75
764.736
1088.95
1088.84
1088.79
765.319
1088.66
934.011
1088.64
1088.83
1087.46
1088.98
947.113
796.717
854.488
861.398
734.241
873.474
801.02
676.636
823.011
1085.68
1087.79
811.834
961.265
1087.31
977.655
1087.57
1078.71
805.861
903.731
856.356
841.223
1087.85
1087.64
1026.07
1055.5
893.697
948.607
743.024
763.179
816.712
815.535
702.147
920.399
919.745
864.299
956.295
914.477
973.694
735.264
676.442
982.454
951.903
1013.62
1014.16
996.892
1017.94
1018.06
1031.33
851.534
1045.46
931.8
1024.85
1083.05
1021.65
850.654
945.97
1038.14
1009.25
848.139
1001.26
837.777
978.596
1077.96
992.82
1053.12
987.568
1064.08
1085.29
1088.71
925.912
909.241
1087.81
923.778
949.321
1088.65
1088.74
938.051
952.861
1088.37
829.068
838.707
1086.83
927.91
783.965
910.821
857.171
1073.21
760.637
1088.64
940.563
858.488
917.853
1060.61
1072.74
1080.13
1041.71
1088.97
1084.4
875.147
1088.94
773.199
1088.98
1087.96
788.321
1088.91
1088.75
868.771
776.955
1088.91
1088.63
827.335
939.58
1088.56
1088.99
947.74
845.882
1087.24
856.282
775.05
749.812
864.264
852.978
697.255
851.069
898.725
900.149
824.887
831.078
1066.54
1081.55
1028.6
884.085
1087.86
990.613
947.059
928.241
1024.8
1011.67
1023.59
1030.89
1084.78
979.917
991.297
1083.06
961.751
959.855
1086.24
1069.31
951.601
846.403
979.328
1087.19
967.799
1087.29
1004.66
1039.4
953.357
1087.36
1087.34
948.782
866.51
890.963
909.832
844.182
963.017
778.828
995.176
1080.39
920.752
960.418
946.494
805.317
913.986
830.248
1087.86
980.382
967.505
1087.74
1087.24
1087.4
895.15
744.786
859.995
723.398
919.584
888.45
763.023
924.393
794.189
789.814
961.441
973.391
1001.28
1010.22
1022.21
1028.2
974.737
1043.39
1017.16
1003.29
1015.13
1020.37
1028.28
1059.29
908.196
899.669
1086.67
1074.59
1076.79
1031.77
979.274
1027.62
1051.52
1087.38
1084.97
1018.37
949.153
1008.34
971.781
1031.57
805.552
1086.98
937.381
802.639
907.681
1051.51
1075.95
899.525
1086.38
1087.77
1087.73
868.169
842.594
1087.17
814.955
1087.82
1087.64
954.28
814.852
1084.7
833.191
817.468
1087.8
1087.81
973.153
1087.48
849.884
1087.49
806.569
892.297
897.152
779.661
724.094
887.974
799.849
996.71
837.916
966.914
850.342
1082.91
944.906
1085.76
847.115
1031.41
984.958
1085.35
1006.83
938.959
1073.53
1004.57
1014.04
1042.41
1028.59
977.679
1083.45
923.183
903.115
1085.39
1085.93
1085.86
1036.97
1029.78
1044
1046.51
983.982
1083.96
787.525
1008.47
1062.88
846.185
860.436
1084.97
746.573
920.071
977.935
929.892
784.757
945.322
1013.38
886.604
973.711
796.435
953.089
1008.01
983.238
1017.6
846.053
1081.83
942.084
988.583
1066.23
1071.19
975.542
1007.8
997.881
955.336
948.13
1087.28
959.388
1087.39
1085.68
966.005
1017.55
1027.41
1040.46
1036.35
1047.45
1025.3
1084.54
1084.1
971.358
947.176
921.494
1087.2
931.102
1021.56
991.523
1032.97
1035.54
989.648
1072.09
1083.87
1059.86
1079.13
991.316
872.766
1087.7
1084.62
1087.84
893.848
1086.88
1041.21
1083.36
1087.24
841.948
974.856
1071.82
1087.76
877.171
944.877
814.888
1087.87
1087.14
981.025
997.438
1085.9
1085.83
891.379
889.713
921.953
820.02
924.198
925.401
853.181
833.19
1028.12
988.331
1065.11
1080.78
1079.09
1004.32
1006.83
1058.99
927.598
1001.52
1080.39
896.41
1065.59
999.48
1038.31
1023.94
1085.66
1011.1
967.031
991.154
1051.91
1074.33
1050.53
1008.57
1084.06
949.532
843.666
809.483
1084.09
1025.15
1025.54
1032.36
1085.09
1084.85
960.027
846.783
1085.49
979.023
1084.51
1009.14
1084.56
1085.91
1085.96
879.571
973.674
948.039
983.173
879.272
921.971
767.355
994.992
823.358
812.589
1017.41
964.765
842.821
982.059
831.545
1050.53
846.894
993.46
1075.64
985.31
1021.33
1028.72
1021.3
1081.68
1001.32
981.538
1082.66
1084.61
992.406
1084.84
968.281
1000.37
1033.76
1041.75
1041.34
1045.22
1068.59
1065.69
980.661
1008.48
1007.67
1010.8
1084.07
1036.56
1032.08
1039.99
1042.17
975.988
1051.06
1040.13
1085.73
1002.78
908.463
921.251
1079.83
1085.8
936.844
1085.68
1085.88
897.263
952.762
1085.54
1005.28
845.976
1017.15
972.974
847.704
1081.61
854.164
1085.05
885.716
1085.88
1085.17
922.628
804.751
925.166
869.539
768.347
921.027
859.393
969.492
875.403
879.17
991.329
1082.68
1082.95
1082
939.063
1059.43
1030.52
1000.97
987.245
977.784
885.429
1082.83
1007.2
1051.07
1032.4
1033.93
1037.31
1019.28
1081.32
1078.13
925.373
1083.16
1032.09
1080.49
1021.74
1078.96
1053.95
1020.58
1056.13
1033.74
1081.3
987.033
911.002
994.462
1068.44
1026.83
1083.46
1081.21
891.603
949.618
949.666
891.733
810.183
949.67
967.088
1013.04
840.153
826.157
941.508
1031.74
870.16
974.332
1040.52
1023.56
1013.56
1058.63
975.367
1043.47
1050.24
997.721
876.883
990.176
996.154
1051.99
1052.39
1003.35
1050.37
1055.19
1080.16
1080.5
1085.06
999.754
1062.61
1085.04
1051.12
991.858
969.796
1077.51
995.568
1004.61
1062.49
973.391
1006.77
1032.76
1037.35
1023.36
1044.23
1015.31
928.449
1081.31
1077.46
1022.62
1085.7
902.516
1080.45
1085.95
971.169
1070.28
914.405
1085.59
882.957
1084.39
1009.67
1079.15
1082.72
1081.97
1083.1
909.912
902.176
857.714
827.923
949.357
790.233
949.312
955.299
1017.76
1037.17
1063.15
1072.1
1082.58
1052.48
848.094
1039.49
954.407
901.913
970.187
1059.14
914.293
1000.64
1078.03
926.77
1049.88
1079.28
1073.19
1074.83
897.533
982.018
1054.44
1061.91
962.249
984.038
1030.68
1003.38
1081.57
1080.75
1026.84
1076.8
965.143
1082.27
1080.27
1032.18
1083.26
1026.58
971.841
973.114
1080.56
1045.13
864.478
830.311
969.787
1012.29
913.697
850.924
953.018
865.605
989.444
873.067
980.157
1056.95
1044.02
877.907
1047.41
993.102
1060.54
986.273
1061.26
1071.01
1030.69
1025.66
1005.4
1062.18
1011.39
1039.51
1008.61
1079.26
1081.61
1050.55
1079.46
1056.08
1010.89
1052.26
1081.96
1030.17
1080.88
1001.62
1053.73
1034.76
1026.96
1048.63
1019.98
1023.88
1043.99
1055.58
1057.04
1082.44
1082.76
945.148
1037.38
917.829
1083.03
1027.14
1082.92
1082.48
932.356
984.446
880.69
997.986
1077.46
1077.2
932.501
1081.65
1080.39
1083.21
1032.59
888.039
879.134
966.786
1079.87
1079.06
1077.38
1051.64
1079.36
1076.65
1043
1049.17
1047.78
874.77
890.78
1041.44
905.238
1064.64
1078.86
1061.9
954.656
1064.09
1044.39
1050.92
1019.18
1064.8
1035.74
1071.96
1058.48
1076.63
1030.49
1046.46
1076.72
1075.83
1047.42
1078.66
1075.75
882.778
1054.77
962.116
1073.3
1039.79
1068.96
991.234
1002.9
1048.78
954.096
940.049
1078.67
1074.87
1073.66
993.285
862.814
1004.8
1027.26
947.724
927.519
1028.42
899.076
1049.2
967.48
959.739
1053.53
1049.32
1056.74
903.786
975.269
972.71
978.58
908.315
1068.16
911.026
1075.18
1074.5
1066.39
1061.59
1076.08
1058.38
1050.47
1049.85
1036.02
1040.75
1046.78
1062.57
1052.38
1039.36
1075.18
1032.4
1049.6
1044.38
1073.53
1022.05
1052.83
1056.76
1031.92
994.592
921.836
1082.7
1078.67
1074.24
950.384
1041.69
959.878
1082.46
1013.69
1006.99
1079.1
1079.8
1073.99
1048.92
917.531
1020.11
848.543
971.204
972.417
1078.33
982.266
1050.27
1061.1
1077.84
990.811
1007.08
1032.26
1010.83
898.636
1025.68
931.242
1037.72
937.423
921.95
1048.5
927.6
952.694
955.221
1065.5
1053.99
1058.39
1072.35
1033.49
1034.97
943.604
1074.6
1064.35
1078.72
1064.56
1075.33
959.337
1065.04
1064.17
1076.83
1057.79
1064.18
1064.93
1076.04
1026.8
989.66
1052.48
1054.84
1066.28
1060.13
1065.24
1061.88
1064.85
1002.99
1065.73
999.823
938.901
883.748
1047.25
895.484
964.064
1060.75
1061.91
906.228
958.528
1072.31
1070.12
1041.08
1013.7
1076.82
1076
995.224
1076.46
1052.09
1030.03
1063.26
1065.68
1075.4
1025.35
1035.41
1048.53
1055.52
1074.88
1032.39
1063.31
1079.61
1049.29
947.956
1074.36
960.001
1045.17
1079.21
1078.99
973.011
1079.71
948.975
1076.7
1038.99
1069.54
1044.86
992.077
866.662
881.997
1058.68
948.652
935.923
1068.87
1067.56
1068.36
1074.06
1027.55
1021.65
966.544
1069.41
1063.7
894.569
989.551
1065.64
1023.42
979.202
1071.18
1064.17
1074.5
1052.23
1055.63
1061.43
1075.58
1069.82
1064.75
1060.99
1061.51
922.873
1020.88
945.683
929.172
1066
966.389
1030.74
1030.82
1075.58
1078.56
1068.02
1075.02
978.09
985.682
1078.15
1058.23
1076.98
1009.09
912.067
1071.19
1023.5
904.729
1035.29
912.365
917.838
1044.64
942.057
1051.97
925.099
1057.73
950.879
1069.37
930.609
932.84
939.446
1070.89
1049.53
1016.24
1053.81
1072.99
983.004
972.311
1073.19
1069.81
1072.73
1067.78
1072.03
982.413
1070.14
982.688
1060.99
1002.95
1073.66
1071.23
1000.14
1063.76
1066.3
1066.7
1072.25
1067.89
1053.94
1070.45
1065.93
1062.49
1070.36
1067.82
1070.24
1050.94
1067.46
1070.22
1051.95
1069.93
1060.1
1000.57
1069.1
995.466
1075.06
1062.33
1011.7
1070.39
1072.52
1073.37
1004.35
1072.31
983.623
1071.93
1008.9
1019.4
1069.18
1074.04
1050.84
1065.19
1056.97
1061.45
1007.94
1014.52
