576.15
629.248
514.157
479.201
848.23
834.243
812.864
575.538
573.708
570.667
566.427
561.008
554.433
546.729
537.935
528.086
517.191
505.477
492.522
493.204
507.249
520.511
532.859
544.961
556.076
567.223
576.582
586.763
594.991
603.823
610.971
618.203
624.547
630.491
635.795
640.775
645.236
649.173
652.885
656.153
659.057
661.683
663.999
666.078
667.886
669.558
670.87
672.367
673.053
674.527
675.292
675.99
676.629
677.302
677.845
677.918
678.287
679.492
677.913
680.499
678.995
680.64
679.273
681.575
679.8
681.018
680.745
680.905
681.395
680.621
682.271
681.431
681.651
682.518
681.106
681.893
681.362
682.891
680.704
684.472
682.715
684.607
683.452
686.665
685.057
687.124
685.969
690.232
685.835
690.923
688.895
691.63
690.423
690.727
690.055
690.571
690.037
689.123
687.364
689.248
683.195
685.865
679.137
677.491
670.583
668.909
657.409
653.439
643.318
637.431
622.72
615.458
601.705
591.257
574.373
564.873
547.004
532.118
530.852
545.842
559.888
572.977
584.438
594.851
603.896
611.594
617.929
622.87
626.411
628.538
655.416
680.324
703.955
726.2
747.055
766.462
784.423
800.927
815.989
829.632
841.889
852.806
862.436
870.838
878.08
884.235
889.379
893.591
896.953
899.547
901.452
902.751
903.523
903.848
903.802
903.452
902.857
902.073
901.155
900.152
899.107
898.054
897.023
896.035
895.107
894.252
893.476
892.781
892.165
891.625
891.154
890.744
890.385
890.069
889.785
889.519
889.261
889.015
888.799
888.602
888.394
888.151
887.876
887.579
887.265
886.929
886.568
886.177
885.751
885.285
884.771
884.203
883.571
882.862
882.063
881.158
880.132
878.965
877.639
876.13
874.415
872.465
870.247
867.729
864.877
861.661
858.05
854.008
849.489
844.447
838.836
832.611
825.728
818.143
809.811
800.689
790.738
779.92
768.201
755.551
741.946
727.369
711.809
695.26
677.735
659.231
639.8
619.43
598.215
708.246
662.439
703.585
894.595
851.504
882.852
799.745
635.81
708.496
892.043
888.963
587.81
880.669
689.007
714.056
708.699
816.903
654.397
778.771
883.37
726.347
717.869
877.579
712.216
712.74
885.162
574.169
617.644
725.005
676.907
696.956
710.991
710.589
687.419
901.313
901.41
887.84
902.398
898.706
711.205
887.371
720.122
723.558
720.846
868.886
843.145
860.312
712.018
886.983
601.887
658.214
580.366
587.039
647.89
536.98
545.947
886.46
711.666
608.912
705.459
892.182
721.122
890.735
700.306
874.75
566.851
654.402
565.503
618.244
591.616
594.995
508.222
679.105
551.005
563.993
628.915
694.279
745.911
882.173
714.005
722.394
852.68
717.017
831.337
699.618
799.491
672.029
754.461
884.347
712.659
711.114
885.855
879.767
716.071
718.608
706.697
873.039
866.375
721.978
619.008
708.214
667.656
869.49
643.168
896.611
650.18
765.327
828.386
701.449
895.533
690.226
893.67
890.197
889.728
680.727
888.647
710.264
888.362
902.353
898.119
900.625
709.242
692.742
635.809
606.543
556.484
548.814
597.215
521.536
702.531
891.28
890.289
666.703
737.96
884.703
737.959
885.92
876.499
640.181
744.733
727.64
713.927
897.066
898.077
750.768
864.783
639.541
721.779
567.435
574.317
606.955
692.801
537.548
582.227
702.679
638.708
614.614
676.737
742.67
576.575
522.729
640.861
710.81
783.269
679.955
767.08
808.59
703.81
837.547
716.641
856.71
722.881
824.471
881.466
691.547
722.25
710.231
848.175
789.564
715.388
661.194
716.482
740.89
878.743
722.714
863.525
720.966
871.094
882.803
887.187
711.073
714.226
884.772
713.243
711.718
886.165
886.74
710.582
712.845
885.521
706.183
707.185
883.882
715.097
627.185
716.282
708.497
876.255
599.488
887.595
711.061
704.55
710.383
840.614
861.109
876.713
814.775
895.581
887.981
703.076
892.817
684.244
897.662
900.019
672.451
891.349
889.32
698.682
656.533
902.005
888.1
694.974
709.49
902.079
899.707
711.305
716.95
884.389
627.471
581.252
565.894
593.969
642.625
534.458
651.852
599.901
584.199
612
615.847
847.605
878.706
796.303
731.671
894.374
662.112
707.814
735.68
833.694
804.936
705.904
733.708
877.64
746.949
763.725
878.625
742.137
748.048
880.561
872.11
739.823
724.147
738.941
883.623
739.26
883.221
750.171
852.729
739.293
882.573
881.934
716.912
738.379
659.178
673.799
626.165
633.864
594.895
762.044
877.296
743.136
740.207
740.162
650.017
734.99
706.788
896.281
739.228
737.631
898.017
897.014
885.055
627.702
563.27
636.001
552.942
699.583
671.97
581.56
602.438
593.168
607.645
723.274
737.724
673.85
686.972
738.202
839.264
747.53
856.273
750
786.047
813.188
749.469
713.708
866.98
745.488
744.897
880.944
874.582
875.601
844.275
748.456
750.472
862.268
882.348
879.69
820.703
740.341
742.552
740.032
722.945
658.543
881.301
736.366
630.275
734.168
824.715
865.445
733.405
893.84
889.369
887.753
729.176
719.643
884.083
687.076
892.294
886.454
736.41
674.126
887.959
710.562
697.952
891.271
897.659
738.212
897.776
726.013
885.457
600.734
650.183
614.677
584.343
550.884
676.278
612.211
684.915
660.623
761.772
726.411
880.956
759.225
883.23
696.19
730.037
763.397
878.839
764.267
702.766
869.614
807.053
827.368
757.68
772.701
769.868
873.579
660.619
752.952
889.813
889.671
891.148
777.887
846.461
776.348
857.736
765.761
872.787
591.532
749.102
868.914
715.904
734.782
877.989
566.88
695.118
648.507
691.278
597.753
617.351
779.927
655.305
737.565
618.893
718.119
698.29
751.199
696.904
679.793
878.003
742.7
746.942
870.615
868.696
770.782
795.903
775.332
739.918
740.693
882.769
739.473
882.175
880.147
740.702
832.925
775.195
762.43
738.549
859.434
750.3
874.299
879.188
742.305
739.986
735.572
881.632
746.307
827.53
743.752
728.354
848.765
749.703
873.426
884.224
836.827
872.614
763.211
741.591
887.064
877.335
893.338
732.658
895.725
811.244
883.795
883.485
722.037
739.073
857.127
888.523
730.202
737.037
680.915
895.369
883.769
738.382
763.697
890.858
885.206
749.293
666.463
681.512
611.353
648.079
619.002
631.743
619.41
790.863
769.648
841.167
867.935
871.82
768.337
773.006
863.772
695.56
702.913
871.372
760.502
860.192
818.848
751.653
794.385
880.672
786.448
765.903
767.002
781.813
858.746
796.54
764.665
875.427
680.501
628.691
612.02
884.384
720.319
842.496
777.435
875.118
874.632
760.865
703.363
879.367
762.577
877.039
763.882
886.74
887.21
889.042
744.494
730.587
637.631
670.218
650.682
686.279
582.602
756.739
638.38
625.627
709.563
732.452
670.444
758.183
649.765
818.891
688.317
780.253
870.464
769.526
837.938
776.748
774.531
872.84
798.913
766.759
873.241
875.414
765.539
874.713
765.918
767.378
849.705
855.009
778.13
777.294
867.674
866.529
771.697
767.728
814.49
821.27
873.943
766.269
770.161
745.233
751.967
765.468
860.12
775.815
882.313
763.911
754.447
756.682
871.862
884.227
758.315
890.738
890.184
751.23
759.976
878.798
764.973
709.907
786.865
762.184
721.391
876.878
730.792
888.575
747.073
886.218
878.389
671.892
602.063
634.172
644.609
580.023
689.183
667.38
750.666
707.928
730.269
784.951
879.621
875.716
869.173
775.91
858.08
787.292
789.672
790.758
782.992
747.754
873.876
829.281
799.437
807.447
791.942
797.436
789.346
865.02
863.911
772.301
879.385
787.51
867.637
789.455
861.804
800.676
840.462
801.019
847.967
865.055
687.282
679.331
749.306
861.235
793.342
881.685
868.306
756.659
667.529
692.212
662.377
608.249
702.29
654.413
774.541
641.828
627.317
710.839
741.54
689.324
745.813
805.712
730.06
717.024
830.695
761.977
760.566
775.749
790.016
716.134
798.743
812.774
790.822
786.746
824.464
798.196
862.095
864.366
872.396
877.137
765.291
859.164
874.919
793.853
772.414
765.732
871.217
768.872
786.181
865.241
766.496
768.145
774.938
852.269
795.196
777.877
789.544
757.412
874.544
865.862
787.018
881.465
763.929
867.695
888.184
781.639
850.529
755.806
879.981
742.433
876.62
764.39
867.468
879.497
876.989
877.434
767.179
668.951
637.313
619.082
652.735
596.184
710.52
779.494
734.766
760.501
832.476
849.734
871.034
855.792
640.662
798.297
741.722
725.063
780.905
801.838
766.387
802.533
862.748
780.027
815.324
867.388
862.813
856.016
670.809
808.524
848.596
817.016
738.512
782.067
796.602
789.535
865.284
866.471
789.006
863.765
780.621
869.682
867.525
787.24
879.145
807.1
699.217
721.595
871.241
811.719
645.488
624.666
670.49
767.006
686.674
654.972
725.212
678.713
703.413
698.915
772.477
822.502
770.765
723.512
768.703
806.091
806.849
814.146
810.838
862.158
792.466
795.879
789.324
818.956
788.967
850.793
789.591
864.128
865.43
847.276
861.267
856.996
833.497
800.123
869.918
788.197
864.764
789.646
799.94
791.409
790.016
854.469
840.441
842.218
797.946
801.04
801.467
878.737
872.925
777.438
807.319
770.037
876.603
787.154
874.902
877.5
774.127
784.025
736.492
785.619
862.679
859.822
783.645
868.761
867.621
878.371
786.99
752.343
654.528
795.884
867.714
864.325
857.479
812.963
865.536
859.769
845.09
807.411
807.372
669.942
694.858
776.564
741.201
819.16
862.815
851.148
797.654
822.033
824.98
817.029
837.014
821.982
810.446
852.746
818.612
853.922
809.948
810.77
853.379
853.139
810.523
865.119
856.452
661.684
812.465
796.449
846.652
835.136
834.384
819.371
828.984
825.026
792.888
787.587
864.151
854.655
850.308
739.8
655.731
719.616
783.475
729.773
702.039
748.261
715.742
811.245
772.464
752.788
787.861
779.658
795.198
733.489
795.768
788.668
802.516
754.529
841.632
760.688
856.862
851.663
824.202
814.146
856.22
850.048
813.995
816.264
809.441
811.343
846.147
820.208
812.176
844.238
863.434
790.497
798.828
852.872
852.707
841.76
817.438
801.434
810.017
800.811
775.936
871.987
865.099
855.973
778.534
807.299
779.961
870.308
805.537
804.104
866.757
867.214
856.069
806.849
771.281
806.339
635.779
685.967
711.053
859.298
798.95
811.482
819.308
857.913
716.833
733.649
763.927
757.379
677.409
773.993
719.866
788.854
731.613
730.049
786.896
748.479
776.903
783.917
830.866
795.967
804.426
846.086
823.162
833.515
787.75
851.624
833.418
861.721
834.536
854.116
800.818
852.023
831.796
858.515
839.902
830.419
835.143
854.949
831.434
799.677
824.792
828.762
842.359
824.683
842.578
829.342
822.735
829.1
823.969
826.353
716.545
682.776
801.594
705.635
763.075
822.145
812.229
747.943
790.514
843.252
852.871
809.745
834.317
853.733
853.39
823.001
853.322
811.705
809.852
820.467
823.536
856.469
839.678
843.203
808.708
817.882
852.955
809.656
821.328
866.419
806.762
791.106
856.692
794.11
807.271
864.961
863.733
797.411
867.42
793.056
857.066
824.088
845.585
836.895
728.98
651.96
667.403
830.529
761.321
776.595
833.536
828.277
831.608
849.518
821.638
819.858
802.022
836.369
839.85
681.972
812.69
835.483
831.013
810.5
844.17
829.569
851.902
828.006
824.623
824.821
853.715
843.538
842.837
824.269
826.488
706.8
749.479
752.139
756.309
826.561
804.85
832.348
841.758
854.838
860.531
842.811
853.172
798.39
799.102
858.511
824.626
858.127
746.262
692.627
844.295
762.607
695.721
777.313
708.269
719.59
789.91
742.241
800.599
739.558
810.018
769.514
839.062
763.414
770.18
782.407
838.943
838.19
818.18
839.138
848.629
815.804
807.651
849.767
837.776
847.146
852.592
843.337
815.684
837.425
815.545
840.009
825.102
851.031
840.074
825.014
829.182
844.007
835.871
842.873
836.299
826.925
841.46
839.681
828.776
840.274
839.802
838.27
827.716
844.2
839.752
827.225
839.796
828.034
815.465
837.04
814.265
852.717
818.68
817.005
839.265
845.841
850.497
815.915
844.971
811.16
844.501
827.136
830.206
839.897
851.438
827.468
843.431
827.274
824.346
816.365
828.911
