829.904
851.56
922.909
656.471
1085.77
1033.72
933.015
828.945
826.18
821.57
815.026
806.457
795.745
782.792
767.531
750.032
730.239
707.096
684.129
684.263
707.192
721.169
752.105
732.021
740.827
751.364
749.866
754.642
736.134
784.979
751.597
755.035
745.496
750.292
704.416
719.239
708.011
704.607
687.189
730.065
701.76
704.222
708.656
716.319
658.435
680.582
671.35
660.019
638.612
684.376
687.664
671.889
684.158
699.494
633.727
611.18
625.856
590.778
560.65
637.697
661.508
629.312
647.574
641.203
597.453
384.242
395.205
378.217
386.487
386.211
398.595
383.2
427.341
422.061
431.174
434.555
463.003
465.864
400.218
434.323
443.125
430.642
593.39
956.287
1009.91
1028.9
1034.82
1036.86
1037.58
1037.83
1037.92
1037.95
1037.96
1037.96
1037.96
1037.95
1037.93
1037.91
1037.86
1037.78
1037.64
1037.43
1037.1
1036.59
1035.83
1034.71
1033.11
1030.85
1027.76
1023.61
1018.17
1011.2
1002.48
991.826
979.219
964.844
949.286
935.213
927.774
921.605
889.334
874.7
870.373
861.197
859.705
856.533
854.66
853.209
852.24
851.707
897.167
932.486
966.232
993.973
1017.15
1036.22
1051.53
1063.55
1072.81
1079.8
1084.97
1088.71
1091.36
1093.2
1094.44
1095.27
1095.81
1096.15
1096.36
1096.49
1096.56
1096.61
1096.63
1096.65
1096.66
1096.66
1096.67
1096.67
1096.67
1096.67
1096.67
1096.67
1096.66
1096.66
1096.65
1096.64
1096.63
1096.61
1096.58
1096.55
1096.5
1096.43
1096.34
1096.23
1096.08
1095.88
1095.63
1095.31
1094.94
1094.51
1093.99
1093.37
1092.62
1091.77
1090.79
1089.7
1088.48
1087.13
1085.65
1084.05
1082.33
1080.49
1078.54
1076.49
1074.35
1072.12
1069.83
1067.5
1065.14
1062.79
1060.49
1058.26
1056.13
1054.14
1052.31
1050.71
1049.38
1048.35
1047.61
1047.17
1046.99
1047.05
1047.29
1047.62
1047.92
1048.03
1047.74
1046.76
1044.78
1041.4
1036.19
1028.67
1018.32
1004.61
987.09
965.449
939.266
907.16
873.625
688.957
786.253
705.557
1096.42
1088.51
1095.04
1063.45
792.826
651.839
1096.38
1096.02
818.964
1071.7
1044.73
971.312
1048.84
1045.01
1029.37
1044.55
1080.17
1026.9
1046.77
1064.59
779.93
586.321
1086.89
835.735
907.508
993.833
764.836
728.399
608.235
543.621
732.094
1096.37
1096.43
1095.13
1096.41
1096.43
555.786
1094.3
1049.71
1049.72
1049.61
1053.03
1044.25
1047.6
587.095
1093.19
988.84
963.921
927.619
856.485
898.07
761.043
786.798
1091.58
597.515
823.086
685.304
1095.91
1049.35
1096.32
724.173
1059.77
956.537
897.02
936.044
905.325
863.567
868.708
717.219
932.126
774.302
804.611
1013.16
1003.04
1017.09
1076.12
840.731
1049.69
1045.31
1049.39
1044.27
1047.53
1045.62
1039.24
1039.41
1083.77
669.343
562.793
1089.49
1069.38
1025.92
1049.59
671.252
1057.42
1051.03
1049.72
819.562
684.598
776.535
1092.98
787.67
1096.43
780.861
1036.18
1079.65
730.002
1096.12
724.835
1096.41
1096.27
1096.21
757.059
1095.87
638.371
1095.68
1096.42
1096.25
1096.43
595.543
713.257
901.467
910.096
805.45
941.185
872.074
740.808
782.129
1095.4
1095.68
824.647
689.125
1094.97
683.137
1095.42
1063.54
831.68
1024.96
752.997
772.133
1095.7
1095.68
1058.7
1043.62
940.247
993.756
805.803
833.134
887.837
793.199
765.093
973.502
965.901
937.623
1002.08
985.553
1017.07
818.057
739.768
1022.18
1016.65
1051.46
1042.42
1042.68
1045.41
1048.31
1044.14
1049.53
1046.3
1049.71
1044.59
1073.95
1046.38
1049.66
1049.18
1044.64
1045.42
904.838
1034.97
1041.27
1034.32
1067
1049.72
1049.2
1049.68
1055.17
1078.19
1093.8
574.675
807.005
1085.4
616.969
571.689
1090.6
1092.45
595.983
568.373
1088.26
672.26
684.863
1082.03
737.071
791.797
1048.67
682.666
1062.17
821.837
1094.75
526.952
694.06
674.403
1084.79
1091.15
1094.22
1072.68
1096.42
1095.57
726.226
1096.4
733.542
1096.43
1096.33
770.264
1096.35
1096.13
723.067
775.872
1096.43
1095.44
712.723
630.551
1096.4
1096.43
567.807
770.237
1094.73
904.015
847.304
821.799
917.062
899.553
765.61
897.274
953.363
956.548
895.734
901.664
1087.9
1094.33
1063.2
741.023
1095.7
1029.78
1011.67
736.062
1035.6
1037.89
1051.09
1057.24
1093
1058.51
1036.4
1071.03
957.557
1057.84
1079.86
1053.12
768.065
761.048
682.687
1093.54
684.094
1092.27
1058.68
1037.13
703.092
1090.5
1086.79
994.073
813.576
935.87
980.997
918.12
1008.2
821.255
1036.13
1066.1
1001.74
817.747
741.024
834.6
737.844
777.842
1095.7
686.041
680.028
1095.69
1095.65
1095.16
944.205
813.447
933.494
788.372
965.81
932.773
813.911
976.392
865.463
827.704
1021.61
1028.7
1037.39
1043.29
1057.79
1035.52
1058.6
1038.3
1058.69
1038.5
1037.21
1058.67
1053.51
1045.79
1052.51
1042.21
1081.79
1058.33
1060.94
1035.75
1058.64
1058.71
1041.6
1089.36
1075.64
1036.52
716.574
1058.14
897.956
1055.23
830.069
1083.6
730.359
831.734
737.619
1079.17
1092.3
736.565
1095.52
1095.66
1095.61
747.445
769.298
1094.41
799.752
1095.69
1095.5
702.604
817.704
1095.19
776.292
786.98
1095.69
1095.7
677.771
1095.67
758.053
1095.31
877.886
937.824
948.826
850.519
791.125
932.181
862.65
1036.36
873.53
778.92
825.534
1093.94
786.011
1094.41
854.845
1059.16
768.937
1093.86
771.167
1003.32
1049.3
1024.32
1021.52
1065.65
1066.96
1052.49
1069.54
971.268
793.528
1094.38
1094.41
1094.46
1067.08
1022.6
1067.17
1027.31
821.412
1083.43
859.788
1058.59
1048.13
836.038
817.142
1093.36
816.001
966.428
1020.13
998.267
851.089
993.638
1051.33
959.495
1017.24
830.748
1012.8
1044.57
1033.47
1047.77
865.981
1068.61
979.132
1058.38
1050.58
1046.27
1059.14
1038.39
1037.95
788.464
752.645
1091.39
692.016
1088.14
1077.81
856.715
1021.15
1067.05
1066.21
1061.7
1039.81
1058.7
1074.73
1073.39
932.836
728.612
737.567
1085.27
1056.36
1035.96
1058.37
1056.43
1036.31
1058.66
1055.71
1094.15
1084.24
1093.52
765.447
809.544
1095.56
1092.54
1095.7
737.75
1095.6
1072.32
1094.86
1092.95
766.324
682.597
1090.5
1095.64
743.623
717.254
810.064
1095.7
1093.99
685.905
764.131
1094.44
1094.44
797.897
934.267
968.848
893.897
973.149
976.881
926.909
907.223
1062.87
1027.03
1086.84
1089.7
1058.44
1022.48
1066.53
1035
991.644
1041.07
1092.14
850.168
1028.46
1002.48
1065.62
1067.67
1094.25
839.105
872.232
943.178
1072.49
1091.12
1073.8
788.242
1089.68
996.208
916.536
876.623
1093.23
1055.64
1021.73
1067.07
1081.47
1077.17
781.073
848.389
1094.03
772.99
1091.96
777.106
1094.27
1094.44
1094.43
805.334
1017.4
996.49
1025.85
952.354
990.302
835.336
1036.1
873.963
870.079
1050.88
1019.38
870.038
1026.01
874.703
1078.43
860.619
1027.07
1052.43
1043.95
1021.09
1067.07
1066.9
1064.17
1025.47
923.326
1066.91
1087
809.306
1082.82
889.932
965.557
1023.33
1024.99
1067.09
1067.17
1043.31
1040.44
1063.36
1007.46
1023.2
1022.26
1072.18
1066.58
1066.8
1063.51
1064.78
836.523
1029.92
1067.13
1094.37
766.284
792.983
792.123
1093.11
1094.43
788.639
1094.43
1094.39
795.023
783.354
1090.56
793.655
842.153
840.907
776.251
830.569
1093.62
821.194
1094.34
801.354
1094.44
1093.65
969.994
878.064
975.346
942.755
839.253
967.599
904.505
1011.84
892.093
875.995
834.252
1092.47
1092.66
1091.42
839.233
1021.37
852.272
961.134
1008.56
833.065
862.12
1092.61
1001.48
1073.86
901.773
1053.16
1073.6
1010.72
1063.69
1050.07
841.638
1092.5
873.189
1085.7
907.12
1075.26
1073.84
1008.74
1074.07
1004.34
1072.33
1029.59
979.214
1035.8
1032.5
1063.92
1092.74
1090.42
853.625
996.88
995.841
963.019
881.027
995.441
1012.67
1051.14
898.226
889.455
1000.63
1061.9
900.67
1023.64
1071.8
1056.79
1049.96
1083.31
1012.15
1068.27
1071.54
1026.48
886.981
1006.75
1003.61
1073.43
1073.06
1001.99
1073.84
1032.45
1056.69
1061.4
1089.07
800.477
1024.78
1079.44
1073.63
1065.58
853.905
1055.53
1033.93
837.214
1037.67
906.302
988.066
1067.05
1023.57
1070.37
1067.12
918.966
790.744
1092.33
1092.32
843.451
1094.32
847.246
1088.84
1094.44
833.201
1089.36
792.642
1094.16
866.511
1091.17
782.44
1091.84
1092.33
1092.45
1092.62
845.161
973.439
930.899
900.017
997.238
859.913
994.796
837.623
1053.97
1066.91
1085.31
1089.44
1092.23
1015.68
912.175
1070.97
994.711
921.524
988.106
1078.02
895.83
882.43
1089.96
887.072
1076.8
1090.05
1040.11
1084.44
965.473
979.848
1000.97
1079.26
1010.26
1010.27
1073.11
946.057
1067.03
1081.28
895.403
1047.05
834.272
1091.76
1087.81
857.408
1092.6
898.064
1016.57
1017.14
1090.68
980.001
935.112
898.409
1015.14
1050.63
977.319
902.844
1006.7
903.399
1031.86
896.448
1011.54
1081.98
1070.8
881.427
1070.17
1005.07
1078.6
979.285
1078.91
1036.51
1059.11
1072.12
987.325
1079.29
998.352
1007.98
931.741
1053.35
1070.09
996.376
1070.4
1018.41
999.709
1073.82
1085.26
883.629
1060.32
974.919
1073.97
1045.34
1023.61
1013.23
1002.11
995.735
1073.78
1073.9
1074.09
1092.5
1092.53
838.878
904.864
843.454
1092.65
847.061
1092.67
1092.01
839.983
833.168
870.907
835.44
1091.37
1089.81
885.185
1091
1086.78
1092.62
863.934
857.463
950.259
881.524
1090.2
1090.36
1087.84
1072.37
1090.25
1079.35
989.823
940.09
918.556
927.657
930.404
1070.74
912.019
1082.35
1090.31
1011.19
922.557
1079.4
949.057
1078.77
978.442
1079.65
996.134
1026.88
1079.32
1056.84
1024.79
1054.26
1047.76
1039.03
967.093
1090.07
1085.84
950.034
1080.18
954.699
1086.95
967.199
1083.58
979.656
982.226
952.729
884.3
885.495
1089.27
1069.21
1059.57
1034.95
921.725
1044.23
1062.22
994.083
985.847
1061.36
925.134
1077.35
990.678
994.138
1075.5
1073.5
1076.95
916.986
982.985
985.489
981.397
902.413
1087.74
898.906
1090.62
1089.14
1082.93
1079.09
1089.57
1006.3
1074.86
1078.03
1039.43
988.313
992.741
1079.27
1069.2
987.967
1043.8
1035.36
1073.86
1010.78
1030.45
1000.9
1079.11
1074.02
1005.51
879.211
889.506
1092.41
1089.46
1082.95
838.37
908.563
835.856
1092.03
890.151
885.992
1090.12
1090.24
1081.24
923.343
892.268
893.726
918.128
1016.25
1016.79
1089.44
879.837
1060.48
1079.34
1088.49
1033.06
1046.37
1064.86
1049.51
961.281
1060.97
975.575
1069.55
975.348
950.803
1074.78
944.177
961.398
958.509
1085.61
1077.59
1079.67
1088.44
938.805
961.999
924.639
1087.17
1082.8
1090.13
1083.43
1087.23
920.14
1015.79
1081.72
1088.01
988.916
1080.31
1083.71
1087.48
956.243
877.987
956.008
1036.08
1076.15
970.243
1073.65
1016.02
1079.52
975.733
1079.9
963.541
991.355
930.135
1075.75
928.265
992.753
1083.35
1081.23
906.575
956.543
1086.75
1023.73
1046.73
975.186
1052.56
1058.68
980.196
1043.46
1065.28
1015.27
1079.45
1079.89
1073.39
981.569
986.261
952.626
1079.25
1034.75
1032.42
1079.34
1090.25
930.113
886.218
1079.49
881.933
912.933
1090.32
1090.39
881.361
1090.04
923.591
1087.01
943.645
1057.44
973.318
1034.06
932.51
942.898
1032.48
968.589
928.986
1085.71
1083.26
1083.45
1087.1
933.075
927.451
953.708
1083.63
996.218
949.625
918.719
1083.78
955.749
922.356
1082.6
1078.65
1087.33
1041.79
959.899
990.382
1087.37
1080.89
1070.76
975.085
1001.96
973.677
1056.87
971.423
939.741
1084.58
921.588
958.519
984.259
1087.28
1089.85
1078.67
1087.21
880.726
878.355
1089.01
964.743
1088.06
1048.1
969.056
1045.17
1059.17
953.386
1067.51
954.38
953.213
1073.55
973.816
1077.81
947.777
1080.82
965.198
1087.3
935.219
931.653
926.595
1086.37
978.8
922.821
983.872
1087
959.678
954.096
1087.33
1083.65
1086.42
1019.94
1084.64
949.95
1083.17
944.757
992.688
950.674
1087.47
1084.08
954.499
1076.73
1064.26
1083.78
1084.6
1083.73
1062.64
1034.87
1000.02
1074.28
1027
1004.82
1083.83
1047.9
1059.9
1020.18
1058.41
1014.8
1070.97
919.773
1083.72
919.269
1087.33
1083
920.058
1083.79
1085.67
1087.46
919.176
1084.81
919.115
1083.82
951.988
954.902
1009.85
1087.4
1053.47
1067.71
1066.97
981.975
919.126
953.611
