527.774
567.342
473.568
447.624
775.8
770.839
744.004
527.271
525.761
523.251
519.751
515.278
509.85
503.493
496.234
488.096
479.156
469.346
458.921
459.548
470.929
481.98
492.7
502.866
512.723
521.892
530.97
539.121
547.244
554.502
561.644
568.113
574.258
579.919
585.212
590.061
594.547
598.696
602.454
605.911
609.064
611.921
614.519
616.861
618.986
620.873
622.625
624.081
625.58
626.67
627.803
628.782
629.659
630.412
631.083
631.779
632.357
632.567
633.561
633.276
634.183
634.031
634.829
634.465
635.285
635.173
635.537
635.735
635.825
636.298
636.092
636.571
636.757
636.762
637.398
637.418
637.931
637.784
638.816
638.167
639.157
638.997
639.831
639.444
640.355
640.165
640.982
640.138
641.604
640.384
641.101
640.192
640.239
639.492
638.855
637.561
636.22
634.465
632.635
629.247
627.451
622.698
619.81
614.684
610.427
603.81
598.985
591.26
584.508
575.518
567.979
557.552
548.079
536.617
526.107
512.783
500.828
487.117
486.549
498.963
510.404
520.861
530.438
538.922
546.369
552.723
557.957
562.052
564.988
566.754
588.664
609.148
628.733
647.384
665.055
681.727
697.374
711.99
725.57
738.121
749.654
760.189
769.751
778.374
786.093
792.949
798.989
804.261
808.815
812.702
815.976
818.69
820.897
822.654
824.012
825.02
825.719
826.152
826.361
826.385
826.259
826.015
825.68
825.279
824.832
824.358
823.869
823.379
822.895
822.425
821.972
821.54
821.128
820.737
820.365
820.005
819.652
819.313
819.005
818.718
818.428
818.109
817.762
817.394
817.004
816.588
816.135
815.638
815.09
814.482
813.805
813.049
812.202
811.252
810.185
808.986
807.637
806.123
804.425
802.522
800.394
798.015
795.36
792.399
789.107
785.459
781.434
777.002
772.133
766.791
760.945
754.567
747.627
740.098
731.956
723.175
713.736
703.618
692.806
681.288
669.056
656.106
642.438
628.058
612.975
597.209
580.774
563.704
546.022
657.911
607.694
652.636
824.017
759.088
791.77
710.999
582.174
660.334
822.611
819.877
539.535
808.961
621.44
667.126
644.666
739.043
587.558
702.651
812.571
655.253
667.312
804.909
665.814
664.124
814.895
526.161
557.455
646.386
622.245
644.186
660.69
661.912
633.476
817.448
824.46
818.401
821.397
825.121
662.227
817.748
667.781
665.106
658.157
794.175
765.673
784.291
662.48
817.185
542.209
596.364
526.904
536.787
582.422
495.983
502.904
816.515
663.088
558.192
654.817
803.054
667.148
821.639
648.067
801.316
515.73
587.823
514.689
562.722
540.567
543.359
471.486
608.139
507.501
518.697
566.723
627.242
664.098
810.973
666.23
662.535
775.857
652.073
753.477
634.49
722.161
606.295
680.375
813.853
664.914
663.85
815.762
807.765
666.925
668.366
656.605
799.193
791.222
666.856
566.499
659.319
612.973
777.229
589.332
824.752
595.888
680.777
737.073
649.815
807.596
636.57
823.572
821.17
820.718
626.356
819.486
660.099
819.113
822.754
811.474
824.89
661.683
639.37
572.417
548.303
511.548
501.634
545.193
482.893
644.33
803.946
820.242
609.063
684.407
816.13
685.894
817.411
805.301
584.935
691.605
671.932
656.292
820.674
817.657
692.379
790.602
575.456
643.698
521.277
526.451
553.391
634.359
495.963
530.219
627.67
579.865
555.468
612.144
661.394
529.236
483.958
578.141
641.606
696.408
614.836
691.865
730.92
640.385
759.841
656.303
780.275
664.062
746.554
810.026
629.4
660.561
649.727
771.002
712.744
666.141
598.215
667.513
668.173
806.419
666.239
787.934
667.449
796.821
811.817
817.473
662.579
665.468
814.4
664.197
663.354
816.148
816.866
663.191
663.645
815.347
655.752
657.386
813.247
664.429
574.79
668.44
658.504
803.214
548.836
818.062
661.994
653.776
659.145
748.578
768.628
784.929
724.551
824.418
797.795
651.146
823.098
630.081
824.995
814.742
617.822
822.122
820.287
646.26
602.037
823.761
818.755
641.906
660.929
819.649
825.097
661.285
659.595
815.74
565.557
532.01
519.333
538.183
578.064
493.287
585.708
543.131
530.159
557.559
560.739
755.796
788.235
708.12
676.612
821.336
597.037
639.109
682.548
756.541
727.82
636.037
663.037
809.916
679.883
689.047
808.143
690.842
692.536
810.691
799.588
688.922
667.751
686.485
814.684
687.078
814.096
689.165
776.837
687.677
813.308
812.42
639.65
677.359
591.631
609.7
569.474
572.619
544.862
678.035
806.363
691.603
689.482
688.26
593.379
680.903
648.668
821.102
685.729
685.148
818.989
813.743
816.537
565.731
517.262
577.621
508.739
625.095
602.219
533.271
544.709
542.004
555.654
652.69
665.527
608.401
617.897
668.274
762.343
683.232
780.79
690.558
709.775
735.884
692.993
644.199
793.234
692.445
692.194
811.18
802.772
804.11
767.651
685.669
692.142
787.647
813
809.556
743.342
687.576
672.378
690.454
650.567
601.558
811.629
683.131
575.64
680.013
733.99
773.796
678.995
807.795
819.799
818.844
673.649
662.597
815.348
628.758
820.973
817.877
684.452
616.124
799.437
652.653
639.54
820.642
819.978
685.277
815.935
669.942
816.963
548.25
584.193
554.918
534.7
507.143
605.793
558.985
614.169
601.648
705.058
664.643
793.444
702.209
814.051
634.805
655.938
706.794
811.184
708.394
634.899
799.259
730.67
751.135
684.861
702.707
715.207
804.542
592.857
693.945
807.564
814.222
811.695
711.759
771.434
715.959
784.457
710.461
804.716
540.879
692.774
795.593
654.049
673.494
810.321
520.614
621.385
585.318
624.742
546.587
559.578
693.616
593.946
657.142
566.13
648.385
625.78
677.642
627.545
619.328
807.308
691.061
693.437
797.702
798.053
715.473
719.125
699.754
689.117
688.335
813.592
687.258
812.74
810.155
689.624
756.921
705.533
690.251
664.169
784.376
691.427
805.459
808.891
690.117
688.029
681.691
812.042
692.827
750.225
677.03
657.443
772.488
687.52
801.271
797.892
745.39
781.442
707.498
680.877
818.358
809.533
821.214
677.853
811.045
721.594
794.218
814.441
665.312
686.819
765.256
819.329
675.328
683.538
622.664
821.311
814.941
686.412
707.77
812.769
814.765
689.585
597.652
610.111
557.229
582.543
558.802
574.092
563.887
703.584
694.97
750.367
801.377
802.162
713.844
716.35
791.725
628.878
630.041
785.251
696.394
790.991
743.871
674.099
736.109
812.624
727.716
711.259
712.09
704.226
768.117
722.861
709.214
807.449
609.527
571.886
558.511
805.921
646.826
767.114
710.081
806.523
805.874
704.297
641.706
811.647
706.461
809.148
708.795
801.689
815.072
814.787
684.099
651.338
573.451
601.396
590.108
620.576
533.721
673.612
581.62
570.726
636.933
661.117
610.836
684.393
592.012
729.117
627.339
704.889
800.366
714.62
762.23
707.969
716.048
803.528
722.715
711.727
804.075
807.152
710.289
806.277
711.574
712.569
775.076
781.292
713.063
715.241
796.716
795.231
715.757
713.585
738.05
744.884
805.012
695.122
698.916
672.084
678.732
710.858
787.256
716.108
813.606
708.191
695.818
698.842
782.406
814.468
701.065
809.926
813.451
691.877
703.281
810.31
709.581
648.067
727.981
705.8
659.567
788.313
669.258
804.89
687.013
814.982
810.748
602.168
549.528
571.23
585.071
531.239
616.463
606.804
678.087
643.878
665.44
725.599
798.792
806.444
802.685
713.913
788.305
728.881
731.927
715.815
723.1
682.958
805.844
754.801
728.648
745.916
734.613
736.968
732.539
797.404
795.864
709.533
805.275
729.368
800.645
731.393
795.156
732.344
766.271
736.826
775.966
797.76
616.442
614.784
667.416
792.267
735.604
804.577
801.805
692.267
598.729
619.18
600.2
554.968
627.52
587.824
689.123
584.235
571.666
642.293
664.536
626.563
673.13
716.979
653.985
642.556
740.24
688.524
682.716
697.721
714.149
651.667
723.623
737.652
714.698
709.826
749.692
726.032
789.645
796.577
802.918
808.769
709.963
789.691
806.239
719.074
715.964
710.968
801.349
714.207
727.076
793.579
711.533
712.793
716.289
778.096
736.564
714.276
731.604
699.969
789.594
775.705
728.342
813.132
700.138
801.05
815.035
721.615
759.677
697.369
812.133
677.526
808.649
708.737
780.294
800.568
793.307
806.515
703.699
605.666
579.027
563.935
587.018
545.001
634.343
718.527
656.753
680.301
743.061
760.498
804.155
785.316
582.647
710.798
670.6
658.376
707.494
721.653
698.878
740.444
779.508
713.227
754.822
788.157
794.249
790.886
607.684
735.06
780.807
740.455
667.016
707.442
736.941
731.681
797.749
799.352
730.883
795.546
720.35
803.132
800.774
728.699
806.152
745.478
625.346
643.864
794.898
750.983
586.176
568.911
602.049
682.836
621.452
595.906
655.057
617.011
629.271
635.466
698.343
733.376
690.066
658.803
690.424
730.916
727.359
740.848
732.237
793.395
735.006
736.823
732.17
743.538
732.105
779.144
731.545
796.222
797.985
779.256
794.523
786.881
759.513
730.557
802.49
730.067
797.059
732.01
736.963
734.157
733.208
783.608
767.036
770.061
737.057
733.958
736.374
796.416
805.363
715.803
746.068
706.89
806.555
728.585
806.289
802.305
711.761
724.365
671.594
726.38
774.606
775.404
717.178
802.281
800.731
806.459
728.818
687.727
593.682
731.326
795.155
796.446
792.397
753.089
796.094
793.656
776.448
746.868
746.507
608.133
630.455
693.738
673.828
736.192
796.135
783.719
728.475
750.385
761.219
755.535
766.479
755.364
750.182
786.039
755.053
787.945
750.106
751.041
787.26
786.82
749.821
783.13
791.371
600.091
724.976
724.7
764.185
768.989
755.31
746.267
756.395
761.486
727.412
721.369
789.973
788.932
784.967
659.494
595.716
643.365
697.422
659.709
634.936
669.007
649.662
722.731
699.352
680.817
707.079
698.782
714.618
666.384
722.153
715.095
728.921
686.985
752.178
693.131
768.083
765.272
741.96
736.481
770.732
782.434
753.843
755.307
749.701
750.77
777.837
746.018
752.486
775.212
795.038
733.821
736.871
781.614
786.169
768.739
755.378
735.386
749.923
738.573
708.845
804.806
787.574
790.73
717.325
746.189
719.327
803.631
743.606
742.115
786.1
795.75
790.689
746.245
703.966
744.582
578.151
614.326
635.127
793.842
735.661
751.699
754.917
792.779
640.458
655.082
682.082
674.797
613.729
689.499
651.424
702.898
662.143
661.718
703.584
679.085
705.122
712.073
743.13
712.463
720.889
758.98
759.11
767.185
718.121
771.599
770.648
795.527
771.283
776.675
732.075
784.762
769.486
783.164
774.337
768.443
771.376
784.05
764.495
737.196
761.433
766.217
778.849
761.757
778.927
766.408
752.286
757.276
754.654
755.649
647.812
619.582
714.657
640.337
690.439
734.406
728.869
680.469
718.667
759.704
785.962
750.059
763.588
787.679
787.549
750.083
787.098
752.083
749.906
755.029
755.528
790.61
769.488
773.781
748.115
755.191
786.53
749.845
748.403
796.015
746.2
725.156
791.105
729.15
746.301
796.343
796.487
733.242
794.118
723.605
791.99
760.195
780.938
770.876
650.509
592.06
605.465
767.675
689.95
706.748
748.369
746.945
751.358
768.227
757.446
755.537
730.415
758.562
774.687
618.27
745.978
771.134
763.651
742.7
780.669
767.792
784.164
765.681
761.442
762.215
783.99
780.067
779.036
761.486
763.789
639.667
669.081
681.235
686.661
740.97
736.333
765.747
771.94
778.319
794.745
779.349
774.439
734.626
736.281
793.259
761.582
785.828
665.544
627.079
779.561
679.996
630.46
693.25
641.738
652.049
704.883
671.965
715.043
670.618
724.238
697.858
751.508
693.647
700.346
712.637
754.48
772.321
753.701
773.426
784.032
744.301
736.19
784.68
761.256
782.984
785.502
769.082
745.181
765.15
745.622
774.635
756.133
784.783
771.064
755.376
767.501
779.799
770.841
772.419
770.52
765.311
776.966
774.698
767.186
775.822
774.945
770.515
765.559
779.839
775.257
765.432
775.189
766.483
749.549
770.351
747.955
784.052
732.888
752.269
763.964
782.011
784.871
750.422
781.347
743.989
780.975
758.573
762.433
775.156
784.499
765.48
779.427
765.731
761.685
751.272
760.737
