800.891
833.09
886.83
631.811
1080.22
966.734
918.127
799.875
796.926
792.031
785.156
776.27
765.335
752.329
737.224
720.104
701.134
679.257
657.091
657.209
680.014
694.677
722.112
712.817
724.066
734.62
736.1
743.52
730.753
766.699
743.199
748.4
740.255
745.58
713.948
725.159
715.515
715.115
700.871
729.773
708.887
712.344
712.96
720.428
682.051
698.805
690.012
685.188
670.051
698.871
699.623
691.56
698.749
710.545
672.317
662.7
674.898
657.254
637.582
680.197
687.997
666.77
681.907
683.376
694.543
597.095
629.578
601.771
582.065
565.028
682.678
637.323
647.384
637.786
592.33
385.639
387.944
388.311
379.045
386.428
390.737
391.908
396.789
429.415
423.874
431.994
460.446
464.022
399.149
433.504
438.334
446.036
447.813
861.775
988.049
1017.53
1027.03
1030.1
1031.06
1031.23
1031.05
1030.62
1029.96
1028.98
1027.61
1025.72
1023.16
1019.75
1015.29
1009.57
1002.34
993.387
982.493
969.506
954.381
937.212
918.126
899.892
883.745
861.756
853.304
846.508
845.332
839.307
838.635
836.374
835.179
834.191
833.54
833.184
876.472
911.924
945.569
973.825
998.135
1018.64
1035.57
1049.35
1060.39
1069.09
1075.82
1080.94
1084.78
1087.61
1089.65
1091.1
1092.11
1092.81
1093.27
1093.58
1093.78
1093.91
1093.99
1094.03
1094.06
1094.07
1094.06
1094.05
1094.02
1093.98
1093.92
1093.85
1093.75
1093.62
1093.45
1093.24
1092.99
1092.68
1092.3
1091.85
1091.32
1090.7
1089.97
1089.14
1088.18
1087.08
1085.83
1084.44
1082.95
1081.37
1079.66
1077.78
1075.75
1073.59
1071.35
1069.02
1066.61
1064.14
1061.61
1059.04
1056.43
1053.81
1051.17
1048.54
1045.92
1043.32
1040.75
1038.25
1035.82
1033.5
1031.31
1029.27
1027.42
1025.76
1024.34
1023.18
1022.32
1021.77
1021.51
1021.52
1021.76
1022.17
1022.65
1023.11
1023.37
1023.25
1022.52
1020.89
1018.04
1013.61
1007.2
998.417
986.845
972.08
953.743
931.628
905.644
874.401
841.532
719.97
781.425
723.916
1093.18
1080.7
1090.81
1049.22
783.948
702.835
1092.41
1088.86
789.528
1042.73
1034.42
564.383
1041.38
1020.71
1013.09
1018.81
1053.31
996.672
611.854
1035.09
578.45
540.396
1063.73
802.241
882.978
973.62
765.093
740.629
673.414
689.914
742.608
1093.61
1093.75
1084.17
1093.73
1093.64
694.627
1080.99
818.855
1004.65
1042.54
1024.4
1018.85
1020.28
669.049
1077.47
963.521
930.041
892.116
823.528
876.785
730.994
753.873
1073.27
636.106
798.695
714.578
1092.51
732.473
1091.58
734.978
1030.38
924.763
876.264
897.753
872.514
830.955
836.387
687.203
911.5
744.443
772.029
992.695
970.478
998.023
1048
596.277
1038.81
1018.97
1042.5
1019.62
1038.98
1021.01
1026.37
1011.69
1058.58
534.221
592.955
1068.65
1040.13
564.031
774.691
702.473
1028.22
1022.79
875.312
799.85
723.794
773.024
1087.34
780.99
1093.47
776.396
1018.55
1068.89
740.436
1092.98
737.765
1092.98
1091.04
1090.42
760.555
1087.9
691.843
1086.81
1093.75
1093.29
1093.73
670.063
728.436
879.018
884.011
772.105
903.261
839.935
709.978
785.621
1092.09
1091.81
815.974
738.04
1085.23
736.008
1088.41
1033.19
815.727
743.879
763.313
779.584
1092.8
1092.82
968.329
1015.39
916.045
973.365
775.425
799.319
854.236
793.833
733.882
945.385
945.176
903.944
979.269
952.158
997.849
785.502
709.497
1003.9
985.178
1035.47
1030.93
1016.04
1021.05
1040.38
1019.15
1042.69
1019.47
1030.46
1020.18
1045.36
1037.04
1041.65
1042.06
1018.78
1020.35
586.792
1020.5
580.004
1005.37
1037.58
937.108
1021.4
801.706
1026.22
1050.66
1079.31
683.278
589.153
1061.18
519.18
608.427
1071
1075.45
644.794
564.981
1066.22
704.633
715.445
1055.96
563.316
779.878
664.752
715.892
1032.68
795.007
1082.63
686.585
717.58
722.007
1075.59
1084.52
1089.37
1060.22
1093.35
1091.82
739.708
1092.72
741.845
1093.57
1093.49
768.489
1092.03
1089.69
734.852
772.305
1093.76
1085.58
727.229
689.395
1093.69
1093.7
672.696
778.133
1083.89
880.657
814.024
788.273
887.694
877.783
733.57
876.324
923.32
925.149
862.456
868.665
1079.96
1089.95
1048.86
758.33
1092.6
1011.59
980.181
752.523
1011.38
1014.11
1039.75
1049.53
1078.22
1051.95
1010.06
1041.19
706.045
850.639
1052.14
1023.3
681.835
769.256
736.299
1078.93
723.195
1075.02
1043.44
1011.03
697.484
1070.42
1062.96
973.4
815.137
913.623
947.472
883.732
985.545
795.156
1018.37
1035.82
731.222
677.306
682.082
821.283
758.964
782.69
1092.76
735.915
735.753
1092.83
1092.71
1086.42
918.458
780.073
899.642
757.033
944.901
911.626
785.37
948.698
831.392
804.363
991.443
999.892
1021.2
1028.92
1050.56
1010.9
1051.87
1011.66
1030.21
1013.89
1013.55
949.384
1043.37
1017.09
779.907
758.45
1054.88
1028.08
1030.6
1010.66
1051.19
987.75
1013.87
1067.91
1046.65
1012.81
686.689
1051.27
684.455
1046.08
819.001
1057.61
749.872
813.308
760.292
1068.31
1086.51
758.865
1092.39
1091.46
1090.54
759.036
777.728
1082.36
798.28
1092.3
1089.23
740.21
811.85
1091.63
782.869
789.364
1092.08
1092.82
734.089
1092.78
767.046
1087.48
843.989
914.736
920.884
816.471
758.651
911.362
834.162
1018.21
855.024
789.287
825.796
1090.11
795.284
1089.25
845.862
1047.89
788.519
1083.29
785.744
971.838
1017.39
1001.8
998.649
1058.09
1060.64
876.982
1036.67
947.467
801.052
1091.15
1091.11
1091.3
1056.02
997.815
1026.45
1000.1
768.426
1053.44
825.45
926.72
1019
833.864
818.232
1080.08
783.068
945.213
999.763
965.625
820.483
968.577
1035.22
925.452
997.767
809.999
982.753
1028.41
1005.96
1035.02
852.026
1038.5
719.073
892.042
1021.08
1014.81
895.823
1014.3
1012.58
678.233
682.802
1072.64
711.335
1065.48
1049.4
679.195
997.9
1060.64
1059.16
1051.66
1012.62
1010.97
1042.67
1043.92
693.961
679.952
755.388
1060.31
810.596
1012.05
1051.73
1048.08
1010.73
1049.09
1025.64
1090.56
1074.92
1088.52
788.95
811.79
1089.94
1076.19
1092.47
758.309
1092.58
1059.76
1090.94
1077.04
774.867
733.984
1083.73
1091.04
757.292
744.187
806.665
1092.69
1080.62
736.961
788.856
1091.25
1090.18
803.849
912.65
946.639
859.165
948.264
949.863
892.804
872.592
1048.38
1002.31
1078.69
1066.41
1025.59
823.822
959.468
1005.8
960.201
1023.06
1087.97
847.786
995.792
981.577
1054.55
964.271
1086.93
834.687
768.756
787.181
1065.19
1085.1
1067.81
779.468
1066.99
973.402
881.859
843.967
1089.76
1042.94
997.489
1058.92
1051.74
1045.76
791.135
841.884
1084.66
788.097
1073.98
783.354
1090.86
1090.74
1091.05
808.532
997.596
971.776
1005.56
918.08
957.556
802.964
1018.13
850.299
843.851
1036.55
990.83
853.686
1000.19
853.746
1067.41
849.178
1003.25
1020.13
858.121
997.389
1060.2
981.923
1031.12
1002.73
782.217
1033.89
1061.04
772.048
1053.58
773.446
793.018
998.004
998.491
1051
1035.64
1012.36
1010.04
915.223
810.522
1000.71
999.64
1039.63
1059.89
1060.36
1054.48
1056.57
765.698
1002.02
1015.6
1088.62
787.908
800.617
799.454
1088.48
1089.78
797.175
1091.26
1091.15
801.984
793.187
1070.03
777.564
838.069
835.029
788.062
829.83
1089.45
822.022
1091.04
805.859
1090.5
1081.77
947.078
843.441
949.318
908.24
805.36
945.951
880.846
986.799
878.958
868.184
833.495
1088.85
1086.88
1074.57
838.939
990.704
833.799
849.541
987.321
832.763
857.753
1085.18
979.854
1067.63
878.483
918.244
1018.08
874.074
1024.45
1012.32
841.287
1088.57
831.526
1055.31
839.601
1034.46
1065.66
985.369
1053.31
979.187
1033.45
1009.51
946.385
1017.53
998.859
948.215
1089.13
1069.35
850.721
973.377
973.706
929.135
846.899
973.898
990.182
1034.86
869.266
858.389
970.783
1049.38
882.684
996.519
1059.11
1042.61
1033.94
1073.81
988.403
1058.44
1063.58
1003.31
875.854
985.887
982.889
1067.03
1066.28
980.749
1067.85
1003.89
1017.8
1028.42
1066.02
775.464
993.119
1048.81
1067.49
936.402
765.82
1022.92
839.698
834.093
1007.86
777.812
800.456
1000.94
997.739
979.144
1043.85
841.315
798.529
1088.39
1087.08
835.122
1087.85
845.401
1063.44
1090.92
832.314
1082.37
800.089
1085.88
861.17
1071.34
780.909
1087.34
1088.69
1088.67
1087.89
843.847
939.732
896.216
865.563
973.059
826.235
973.743
835.452
1038.17
1054.67
1076.92
1083.13
1080.81
986.888
880.675
1058.11
970.719
906.429
968.786
1071.09
887.73
871.202
1085.63
880.288
1016.95
1085.97
1004.7
1048.14
932.667
961.503
969.463
1073.69
983.732
988.431
1005.65
845.268
1027.89
1046.47
836.921
1010.07
832.604
1076.84
1060.4
831.919
1088.51
877.928
995.32
996.894
1086.61
904.144
901.284
865.33
992.959
1034.1
946.026
876.416
978.538
882.608
1012.08
881.05
988.87
1072.27
1060.04
872.079
1061.36
984.367
1072.19
960.667
1072.9
1001.96
932.235
992.772
860.085
1073.77
865.758
981.821
842.759
1014.95
1031.2
966.428
1028.23
988.703
977.717
1066.91
1055.44
833.71
1021.2
854.433
1047.22
905.67
884.049
985.311
978.957
972.206
1029.4
1063.7
1057.76
1088.84
1083.99
837.992
878.521
842.649
1087.46
834.639
1086.17
1088.11
839.901
833.025
864.448
833.636
1086.42
1085.25
878.431
1072.13
1057.74
1088.26
830.654
853.933
916.299
873.362
1085.4
1082.03
1060.91
993.154
1083.81
1039.19
962.557
883.581
880.208
900.576
908.485
1058.8
900.129
1075.8
1079.08
976.449
910.768
1072.94
917.706
1035.59
956.155
1067.5
908.367
985.81
1054.83
1007.93
921.792
952.407
1000.07
993.641
897.25
1085.89
1052.62
917.5
1070.24
939.407
1082.01
939.56
1078.43
960.578
961.849
918.395
876.527
878.358
1084.66
1021.1
1006.57
1016.29
892.26
1026.45
1047.54
968.374
956.358
1047.42
908.062
1066.15
970.538
971.661
1067.03
1063.99
1069.33
903.62
964.612
966.754
963.11
892.805
1080.48
890.121
1085.08
1083.85
1076.91
1073.35
1084.7
973.176
1004.98
1027
932.954
906.811
964.211
1073.66
982.059
961.754
1007.61
894.329
1039.17
983.721
987.78
977.502
1042.66
1061.13
911.507
868.807
882.484
1082.56
1085.25
1044.2
836.77
878.877
833.686
1078.93
875.61
873.471
1086.02
1085.06
1040.46
879.775
884.819
876.698
884.668
994.52
996.048
1070.98
870.201
962.736
1059.75
1064.39
1013.61
1028.84
1051.2
1032.65
930.441
1046.02
950.96
1056.44
952.679
931.74
1064.32
928.355
945.189
942.846
1078.07
1068.4
1071.53
1082.58
913.322
936.281
913.076
1082.56
1047.64
1076.89
1054.03
1082.66
908.25
979.491
1039.6
1083.39
952.215
1031.18
1058.94
1081.43
933.376
867.911
918.682
960.918
1021.6
922.885
1016.89
949.271
1072.26
955.649
1071.7
944.464
963.78
905.611
1064.32
908.878
971.562
1074.7
1073.96
895.972
941.141
1081.51
984.298
941.375
953.81
1004.17
1009.07
960.718
996.879
972.068
915.945
1064.02
1070.12
1027.89
958.249
960.998
889.291
1049.04
990.669
926.892
1073.44
1084.52
880.399
878.542
1037.55
874.153
879.356
1083.04
1080.8
872.689
1085.4
911.992
1057.09
915.419
999.645
943.511
1014.99
900.533
912.81
960.984
950.466
916.838
1079.51
1077.64
1078.11
1082.36
910.137
906.684
938.312
1078.58
954.721
921.721
904.292
1062.9
933.777
908.454
1040.35
1023.34
1077.99
963.958
919.472
930.355
1080.47
1034.35
1012.41
923.849
937.946
946.967
1041.32
952.015
925.222
1077.65
908.973
934.366
959.937
1082.67
1074.19
1027.79
1082.66
871.552
868.48
1067.75
920.974
1082.76
1030.9
940.233
987.756
1043.91
927.8
1054.12
931.103
932.136
1061.86
952.879
1067.61
930.446
1071.9
948.131
1080.68
921.773
918.981
914.821
1080.72
946.772
903.771
949.556
1065.73
942.61
938.317
1069.53
1078.6
1060.89
982.095
1079.41
933.616
1077.16
928.767
953.622
932.038
1074.71
1075.96
935.94
1016.28
1005.15
1066.26
1077.85
1069.11
984.334
977.132
956.075
1008.99
970.764
958.427
1073.96
968.48
1000.64
966.235
978.766
963.418
1000.58
904.08
1071.68
904.228
1079.33
1075.16
902.25
1078.65
1055.6
1072.42
902.944
1050.38
905.15
1045.39
932.555
933.777
961.016
1076.5
973.41
1008.75
991.929
926.4
902.201
933.331
