677.411
733.321
508.85
544.522
887.372
866.597
851.696
676.582
674.076
669.905
664.089
656.657
647.649
637.105
625.06
611.635
596.732
580.654
563.3
564.193
581.275
598.953
611.115
628.432
639.458
649.251
659.218
665.113
675.152
673.393
682.663
683.168
687.805
686.771
693.173
690.294
692.812
690.958
693.857
687.726
691.362
688.579
688.94
685.628
691.299
686.624
688.803
687.721
690.269
685.814
686.555
686.643
686.088
684.018
688.532
688.834
687.671
689.528
692.366
687.751
687.759
690.522
686.614
689.989
684.255
696.951
688.429
695.749
691.978
699.08
684.858
694.93
687.211
691.311
684.209
699.784
690.361
694.88
694.595
700.805
683.573
693.656
688.783
688.362
681.185
701.145
689.093
694.394
694.212
701.31
686.104
683.756
688.549
682.113
673.237
689.721
691.158
683.096
688.638
696.448
673.01
667.137
672.61
657.795
656.601
638.15
677.858
646.947
654.09
644.301
647.543
585.389
599.331
571.585
556.163
531.915
564.276
526.942
519.498
543.087
571.449
596.222
620.221
645.799
668.471
688.713
705.015
717.616
726.418
731.613
766.807
798.294
826.726
852.8
876.042
896.719
914.84
930.537
943.96
955.273
964.657
972.298
978.381
983.09
986.598
989.073
990.668
991.52
991.755
991.483
990.798
989.781
988.503
987.03
985.413
983.685
981.871
979.992
978.071
976.128
974.178
972.231
970.295
968.377
966.482
964.612
962.77
960.956
959.169
957.41
955.677
953.966
952.276
950.602
948.944
947.29
945.636
943.998
942.407
940.855
939.305
937.732
936.145
934.564
933.005
931.469
929.959
928.478
927.033
925.63
924.275
922.977
921.743
920.58
919.495
918.496
917.592
916.79
916.098
915.522
915.063
914.719
914.481
914.332
914.256
914.232
914.232
914.211
914.106
913.836
913.313
912.434
911.084
909.135
906.444
902.858
898.216
892.35
885.092
876.276
865.743
853.347
838.96
822.473
803.792
782.945
759.691
734.522
706.746
717.36
718.012
718.661
965.918
969.37
986.112
927.78
710.302
720.73
960.401
950.076
674.462
917.711
678.881
729.347
705.982
907.571
640.298
890.865
922.434
851.99
721.965
915.044
718.698
720.033
928.054
673.79
671.602
850.196
721.182
717.099
723.679
718.774
720.803
986.936
979.187
943.524
984.236
973.539
720.032
940.339
724.862
728.004
705.329
912.796
912.221
912.567
718.887
937.302
608.414
781.599
592.874
691.415
748.948
619.885
635.31
934.162
723.267
692.619
718.082
988.581
715.888
956.859
718.054
913.798
556.469
764.607
562.012
732.954
697.694
702.334
583.254
795.789
638.169
649.194
629.801
821.166
873.443
919.931
724.411
712.193
912.571
710.724
910.841
708.029
901.329
658.614
874.848
925.161
722.825
727.536
931.064
916.726
729.354
713.921
721.187
913.351
912.659
720.958
697.698
717.415
720.991
980.13
714.878
969.708
717.247
894.084
952.411
716.8
988.833
720.974
964.053
955.128
953.422
719.716
948.427
722.014
946.789
982.653
988.583
977.338
723.93
721.489
718.011
645.72
649.591
538.971
705.375
602.332
752.433
980.141
958.616
743.264
750.009
943.531
749.724
948.342
912.397
729.894
752.182
748.145
750.525
971.187
975.967
752.91
907.743
697.518
842.812
658.734
673.064
717.581
751.672
623.034
587.787
824.083
758.244
623.964
802.469
865.868
662.371
603.015
644.952
837.631
912.146
675.11
883.634
904.896
710.386
911.708
701.358
912.577
716.82
909.506
918.783
701.236
714.104
712.485
912.479
896.707
725.26
648.141
718.41
864.349
915.834
726.617
912.587
722.529
913.019
921.151
938.832
720.148
728.232
926.59
723.704
727.082
932.602
935.742
727.358
728.881
929.547
719.852
717.86
923.773
719.161
708.847
720.696
719.599
914.364
683.805
941.911
723.121
718.723
716.34
961.757
975.434
983.635
941.146
967.804
987.715
715.381
962.214
723.643
971.622
987.925
720.81
958.616
951.739
719.108
720.451
980.965
945.158
721.902
720.31
985.684
975.449
725.866
749.812
941.954
696.62
683.485
662.474
619.211
735.559
619.361
758.636
613.518
581.848
724.467
729.699
960.629
977.295
919.621
747.231
965.849
671.432
833.651
749.06
906.913
900.268
710.88
729.963
932.829
749.289
879.271
915.726
754.578
756.339
920.961
909.186
752.73
749.412
753.526
937.266
755.227
934.376
749.666
907.667
756.063
931.126
926.757
831.115
778.029
746.318
798.569
741.287
637.383
690.75
886.309
913.437
754.088
755.566
752.556
733.383
746.06
752.463
969.436
749.733
749.777
974.471
978.482
945.118
669.589
657.98
754.603
641.847
817.047
778.881
676.41
600.34
698.752
702.461
847.918
860.176
686.207
697.418
736.961
907.395
750.513
907.613
747.782
892.196
902.894
754.775
717.309
907.933
755.89
752.588
922.371
910.588
911.446
907.63
749.177
752.344
907.628
929.604
918.253
904.785
753.313
740.548
758.207
720.308
739.436
923.814
748.765
722.093
746.093
943.916
971.301
747.061
979.954
956.841
953.367
748.875
748.368
940.35
751.443
962.219
949.991
751.53
746.13
979.835
750.148
752.189
960.413
972.867
750.889
977.329
748.24
946.719
709.075
723.575
641.893
686.701
641.124
789.288
710.641
700.614
752.916
776.373
778.159
965.531
775.76
946.824
772.921
747.185
777.113
937.267
780.633
826.984
903.691
895.17
899.01
768.102
778.419
787.395
911.719
721.136
775.238
964.482
957.797
962.886
784.651
899.921
785.52
899.147
782.553
917.708
694.237
758.007
908.236
777.21
778.563
934.299
660.879
806.15
656.706
817.196
695.623
619.205
904.186
777.729
853.581
713.072
841.128
714.605
870.576
706.33
765.569
914.552
754.972
758.218
908.653
902.762
787.574
896.757
886.423
756
752.262
932.614
755.974
928.2
919.59
756.374
899.461
780.646
770.797
754.068
907.594
749.04
914.394
916.967
757.841
754.21
748.15
925.279
755.473
906.084
744.601
724.972
907.709
750.135
909.833
965.93
953.127
974.802
778.195
777.732
951.666
931.374
964.035
746.89
979.369
932.833
978.928
935.895
747.852
753.164
966.628
955.093
749.021
750.639
748.104
967.654
938.689
750.251
778.996
961.186
950.111
776.054
764.812
771.898
721.142
692.415
633.029
748.853
732.095
906.453
879.088
946.269
918.413
906.973
785.802
786.439
900.192
817.591
735.377
946.347
803.207
891.917
888.305
780.4
816.714
941.925
804.719
785.217
785.189
803.741
956.83
812.762
781.236
925.187
743.28
741.888
716.02
950.371
737.872
899.847
783.822
918.476
915.786
776.148
775.112
938.786
776.756
929.891
781.167
965.849
953.328
956.486
777.706
836.683
651.316
684.851
771.555
810.598
679.557
873.558
735.374
724.061
727.19
853.256
760.489
872.07
744.848
930.268
769.708
884.759
904.75
786.616
899.65
782.718
785.648
909.32
892.636
784.985
910.518
922.565
782.024
919.031
785.649
785.075
899.716
898.94
785.306
785.31
901.946
901.245
787.085
784.999
896.991
898.243
913.03
773.6
776.102
759.827
764.279
783.691
899.502
785.502
945.186
779.483
774.549
774.706
962.908
948.514
774.939
963.791
959.168
775.744
776.201
929.094
781.792
775.965
805.091
776.867
777.884
964.591
778.135
965.344
777.209
951.734
935.785
748.2
708.497
663.175
763.393
678.519
791.178
768.863
862.281
793.773
801.257
802.499
945.224
934.26
922.471
801.051
890.08
806.194
812.323
882.248
800.435
804.002
931.54
888.968
814.487
828.564
815.498
816.966
812.774
902.944
898.433
801.869
939.645
807.538
914.511
811.263
903.59
815.749
892.54
818.342
887.251
905.761
719.356
801.462
855.916
893.155
816.339
944.672
919.777
803.526
713.74
770.773
783.406
714.181
795.008
668.636
891.197
746.69
732.372
831.667
771.816
783.785
863.533
919.542
761.484
749.324
939.125
869.141
787.611
799.299
889.236
797.13
884.642
887.557
809.436
807.008
888.874
813.697
899.825
900.443
908.172
925.964
781.685
890.914
917.166
811.176
786.962
784.091
905.876
785.952
804.054
900.666
785.612
784.77
785.311
899.114
816.908
785.516
811.753
774.717
946.853
960.406
805.493
943.564
802.731
917.197
954.95
799.465
952.154
774.268
940.345
803.48
928.195
781.386
945.444
942.444
946.918
936.639
802.414
792.144
753.535
728.87
683.183
697.945
815.252
800.057
783.287
806.092
927.018
937.581
926.688
889.063
749.583
901.933
850.547
814.738
869.648
836.996
825.544
823.173
924.248
825.672
844.811
923.035
895.529
901.14
790.268
875.496
877.643
844.622
853.983
879.027
816.872
812.099
904.192
910.73
810.277
897.644
799.149
923.801
916.04
806.212
939.202
828.039
763.263
815.43
926.507
838.1
760.81
732.563
701.832
873.356
806.085
758.68
843.814
777.159
751.97
789.239
874.703
920.543
813.841
799.44
793.789
886.379
839.931
876.239
841.875
894.432
815.847
816.944
812.43
845.158
812.278
888.104
811.848
899.395
905.319
876.361
901.51
889.504
888.002
814.953
916.423
808.74
901.758
812.426
817.806
815.096
813.696
888.784
888.57
883.93
817.039
816.663
818.375
946.513
930.012
800.95
828.733
802.203
935.496
805.89
933.105
936.567
801.257
801.437
802.41
803.194
943.898
923.831
825.377
921.199
915.225
938.01
806.441
803.835
772.923
823.571
919.65
915.769
905.021
842.453
916.931
903.014
875.056
831.398
829.901
777.437
797.137
837.678
820.611
867.294
913.961
880.718
845.971
846.533
849.229
845.883
873.953
848
837.506
884.216
845.665
890.789
838.022
839.879
888.481
886.646
836.176
924.545
902.428
778.131
898.271
861.009
899.115
861.368
873.284
877.015
878.449
849.583
825.345
825.963
913.787
894.429
887.574
834.024
764.495
768.458
888.872
842.516
820.247
795.591
810.009
912.469
866.657
857.15
826.5
820.224
831.992
818.163
873.377
871.848
874.742
823.407
932.804
824.62
941.456
921.629
869.709
843.257
923.128
879.301
843.456
845.515
837.814
838.109
875.541
845.366
841.69
875.068
896.713
814.454
817.193
888.523
884.761
887.5
845.704
817.713
837.367
821.615
825.848
928.412
917.366
900.366
800.584
829.013
799.351
925.216
826.16
824.682
924.318
919.001
899.743
829.792
825.687
827.089
747.687
733.554
790.735
908.641
822.035
840.838
845.822
906.062
781.614
798.579
827.184
851.403
793.797
867.265
829.502
880.603
837.309
827.924
844.788
836.527
857.132
858.728
909.825
850.781
856.756
919.256
846.812
859.812
845.05
900.061
870.182
912.401
871.368
899.842
844.994
882.012
868.18
905.049
867.339
866.438
871.715
898.577
858.761
820.932
849.643
860.771
881.921
850.909
881.669
859.672
847.511
874.664
849.555
867.819
832.486
788.073
890.81
804.203
862.522
904.458
862.423
821.95
860.141
898.363
883.845
838.416
872.905
889.753
890.675
877.466
887.623
841.21
837.559
846.608
849.489
897.473
874.641
875.134
833.49
845.539
885.72
837.878
845.996
917.995
830.123
826.478
899.805
823.96
829.343
916.402
915.16
823.265
919.171
845.748
903.911
847.974
882.223
863.294
809.154
764.957
780.289
862.448
852.511
843.509
894.349
871.284
872.378
899.83
845.079
843.224
861.808
873.716
868.093
793.621
842.823
871.575
859.307
845.641
885.73
865.36
895.163
860.386
849.86
852.785
896.963
884.493
881.421
850.933
855.456
819.667
813.914
848.524
838.997
889.913
845.798
859.02
875.062
900.085
910.601
883.045
900.128
822.704
821.134
907.258
850.332
903.601
826.397
807.775
878.863
842.15
805.101
855.442
814.477
821.894
865.518
843.511
872.897
832.715
878.967
855.314
915.195
840.661
842.154
844.418
896.892
864.845
841.683
866.139
892.484
866.454
862.914
893.903
873.914
890.454
883.054
880.31
861.15
870.481
858.212
867.835
859.761
894.937
875.01
862.379
864.852
881.583
871.435
878.991
871.336
860.985
874.493
868.389
864.259
872.281
869.091
872.847
860.569
881.102
870.928
860.954
870.316
863.083
842.378
871.688
842.622
895.883
884.711
840.932
874.872
888.597
894.614
841.571
887.283
843.492
886.454
859.715
859.656
869.806
895.019
860.778
881.549
861.798
851.609
841.019
859.781
