975.313
975.397
1044.36
866.876
1099.51
1099.5
1094.99
975.373
975.371
975.274
975.05
974.581
973.631
971.7
967.884
960.559
947.107
924.07
890.566
888.449
909.634
904.703
858.54
1009.24
1030.45
966.091
946.55
918.447
814.926
448.452
447.592
443.809
443.717
443.554
443.545
443.571
443.725
443.915
445.792
445.265
472.693
474.513
405.434
440.874
449.965
436.831
607.214
987.166
1043.29
1063.16
1069.35
1071.48
1072.23
1072.49
1072.59
1072.63
1072.64
1072.64
1072.65
1072.65
1072.65
1072.65
1072.64
1072.64
1072.64
1072.64
1072.65
1072.65
1072.65
1072.65
1072.65
1072.65
1072.65
1072.64
1072.64
1072.64
1072.64
1072.64
1072.65
1072.65
1072.65
1072.65
1072.65
1072.65
1072.65
1072.65
1072.65
1072.65
1072.65
1072.65
1072.65
1072.65
1072.65
1072.65
1072.64
1072.64
1072.64
1072.65
1072.65
1072.65
1072.65
1072.65
1072.65
1072.65
1072.64
1072.64
1072.64
1072.63
1072.61
1072.57
1072.47
1072.26
1071.81
1070.89
1069.06
1065.61
1059.61
1050.81
1049.45
1054.46
1052.13
1033.26
995.033
994.065
983.756
979.155
977.029
976.115
975.693
975.486
1004.98
1045.18
1071.82
1086.41
1093.72
1097.17
1098.75
1099.46
1099.77
1099.9
1099.95
1099.98
1099.99
1099.99
1099.99
1099.99
1099.99
1099.99
1099.99
1099.99
1099.99
1099.99
1099.99
1099.99
1099.99
1099.99
1099.99
1099.99
1099.99
1099.99
1099.99
1099.99
1099.99
1099.99
1099.99
1099.99
1099.99
1099.99
1099.99
1099.99
1099.99
1099.99
1099.99
1099.99
1099.99
1099.99
1099.99
1099.99
1099.99
1099.99
1100
1100
1100
1099.99
1099.99
1099.99
1099.99
1099.99
1099.99
1099.99
1099.99
1099.99
1099.99
1099.99
1099.99
1099.99
1099.99
1099.99
1099.99
1099.99
1099.98
1099.98
1099.97
1099.96
1099.95
1099.94
1099.92
1099.91
1099.9
1099.89
1099.89
1099.88
1099.88
1099.88
1099.87
1099.87
1099.87
1099.86
1099.84
1099.79
1099.66
1099.35
1098.65
1097.06
1093.6
1086.28
1071.67
1045.05
1004.83
1079.18
588.591
1070.34
1099.99
1099.98
1099.99
1099.46
597.421
1079.2
1099.99
1099.99
805.301
1099.99
1079.19
1079.2
1079.2
1099.83
1079
1099.81
1099.99
1099.31
1079.2
1099.99
1079.2
1079.2
1099.99
1001.54
1019.27
1086.34
590.641
825.515
1079.2
1079.2
632.884
1099.99
1099.99
1099.99
1099.99
1099.99
1079.2
1099.99
1079.2
1079.2
1079.2
1099.96
1099.85
1099.91
1079.2
1099.99
1075.24
1086.17
1059.47
1003.16
1004.57
931.625
986.345
1099.99
1079.2
756.341
1078.09
1099.99
1079.2
1099.99
927.595
1099.98
1065.02
1004.65
1061.14
1044.24
1003.39
1003.68
910.079
1044.69
913.335
868.104
1078.27
1097.02
1093.7
1099.99
1079.2
1079.2
1099.88
1079.2
1099.83
1079.2
1099.82
1079.16
1099.74
1099.99
1079.2
1079.2
1099.99
1099.99
1079.2
1079.2
1079.05
1099.97
1099.94
1079.2
696.469
1079.2
588.727
1099.99
591.07
1099.99
589.137
1097.18
1099.9
997.14
1099.99
684.587
1099.99
1099.99
1099.99
594.184
1099.99
1079.2
1099.99
1099.99
1099.99
1099.99
1079.2
753.714
1007.53
1033.9
994.719
1055.86
1004.18
945.732
805.554
1099.99
1099.99
805.475
1088.01
1099.99
1088
1099.99
1099.98
845.459
1088.01
1028.48
845.13
1099.99
1099.98
1088.01
1099.91
1054.54
1086.25
967.717
1032.03
1042.61
802.911
973.732
1071.47
1071.54
1071.36
1077.25
1093.54
1093.71
832.313
933.853
1078.76
1098.61
1098.76
1079.18
1099.79
1099.82
1079.2
1099.84
1079.2
1099.89
1079.2
1099.83
1099.99
1079.2
1079.2
1079.2
1099.86
1099.82
1079.2
1079.11
1079.2
1099.61
1099.99
1079.2
1099.93
1079.2
1099.97
1099.99
1099.99
1079.2
1079.2
1099.99
1079.2
1079.2
1099.99
1099.99
1079.2
1079.2
1099.99
1078.79
1079.14
1099.99
1079.2
643.72
1079.2
1079.19
1099.98
782.812
1099.99
1079.2
1076.1
1079.2
1099.95
1099.99
1099.99
1099.77
1099.99
1099.99
1054.29
1099.99
605.983
1099.99
1099.99
589.203
1099.99
1099.99
860.591
588.685
1099.99
1099.99
797.652
1079.2
1099.99
1099.99
1079.2
881.63
1099.99
1011.92
1002.71
999.213
1048.68
1005.53
971.2
1004.42
1072.23
1071.2
1043.14
1043.77
1099.97
1099.98
1099.46
1081.51
1099.99
1087.48
1098.46
1087.99
1099.66
1099.63
1087.99
1088.01
1099.97
1088.01
1099.61
1099.98
1088.01
1088
1099.99
1099.97
1088
982.746
1087.99
1099.99
1088.01
1099.98
1087.99
1099.77
1088.01
1099.99
1099.99
1086.34
974.609
1046.8
1093.35
1069.51
1085.63
914.048
1097.19
1099.98
1088.01
1087.99
1088.01
826.199
1087.86
810.313
1099.99
1087.99
1088.01
1099.99
1099.99
1099.99
1061.42
1021.77
1070.89
981.773
1071.29
1044.38
941.53
1078.7
1040.5
893.682
1099.15
1099.44
1087.77
1087.9
1088.01
1099.68
1088.01
1099.81
1087.99
1099.63
1099.64
1088.01
1088
1099.93
1088.01
1088.01
1099.99
1099.98
1099.98
1099.71
1088
1088.01
1099.89
1099.99
1099.99
1099.64
1088.01
1088.01
1088
1088
813.006
1099.99
1088
863.157
1087.64
1099.89
1099.98
1087.06
1099.99
1099.99
1099.99
1052.7
922.298
1099.99
802.639
1099.99
1099.99
1088.01
803.494
1099.99
821.669
803.695
1099.99
1099.99
1088
1099.99
1005.02
1099.99
1041.97
1049.57
1068.37
1037.59
1003.53
1044.36
996.026
1093.19
962.926
1093.81
949.203
1099.97
1093.48
1099.97
946.798
1093.81
1093.83
1099.97
1093.81
1098.08
1099.96
1099.16
1099.22
1093.83
1093.82
1093.83
1099.97
1076.57
1069.73
1099.97
1099.97
1099.97
1093.78
1099.48
1093.83
1099.8
1093.84
1099.96
1056.02
1088
1099.95
946.084
960.91
1099.97
1019.06
1071.46
1086.85
1096.87
1008.37
1083.2
1098.77
1085.85
1093.78
878.962
1098.75
1093.55
1099.56
1087.96
951.32
1099.98
1088
1088
1099.96
1099.96
1093.84
1099.63
1099.62
1087.99
1088
1099.98
1088.01
1099.99
1099.99
1088
1099.27
1093.82
1093.83
1093.81
1099.85
1088
1099.97
1099.99
1088
1088.01
1087.95
1099.99
1088.01
1099.65
1088.01
1088
1099.74
1087.99
1099.98
1099.97
1099.95
1099.98
1093.83
993.37
1099.99
1099.97
1099.99
1085.52
1099.99
1099.76
1099.98
1099.98
957.538
1088
1099.98
1099.99
1070.74
1088
802.75
1099.99
1099.98
1087.99
1093.82
1099.97
1099.97
1047.97
1045.32
1073.02
1066.73
1079.41
1081.99
1070.24
1068.56
1099.46
1099.16
1099.95
1099.92
1099.97
1093.82
1093.82
1099.91
1097.22
1096.25
1099.92
1040.91
1099.92
1098.2
1096.96
1097.01
1099.97
1097.01
1093.83
1093.77
1097.01
1099.96
1096.97
1093.77
1099.96
1088.48
1081.02
1049.41
1099.94
1093.78
1099.41
1093.79
1099.97
1099.97
1093.76
945.913
1099.97
1093.83
1099.97
1093.78
1099.97
1099.97
1099.97
1014.26
1093.91
1087.79
1092.41
1085.32
1096.5
1018.48
1097.23
977.143
985.41
1093.71
1099.02
956.406
1099.15
969.913
1099.88
948.237
1099.16
1099.96
1093.83
1099.33
1093.8
1093.81
1099.97
1099.16
1093.77
1099.97
1099.96
1093.84
1099.96
1093.82
1093.79
1099.57
1099.74
1093.78
1093.82
1099.95
1099.95
1093.83
1093.82
1099.17
1099.19
1099.97
1093.83
1093.82
1093.82
1093.82
1093.83
1099.85
1093.82
1099.97
1093.82
1078.49
1089.77
1099.97
1099.97
1093.05
1099.97
1099.97
1059.63
1093.66
1099.97
1093.8
945.502
1096.99
1093.83
947.172
1099.97
952.92
1099.97
1033.07
1099.97
1099.97
1074.45
1063.09
1081.75
1084.57
1042.75
1072.06
1034.26
1098.1
1025.43
1023.22
1096.98
1099.92
1099.92
1099.92
1086.7
1099.9
1096.95
1096.98
1098.06
1096.82
1026.93
1099.92
1098.45
1096.94
1098.58
1096.97
1096.97
1096.89
1099.92
1099.92
1076.52
1099.92
1096.89
1099.92
1097.05
1099.89
1096.91
1099.06
1097
1099.52
1099.92
1095.32
1095.69
1097.27
1099.92
1096.99
1099.93
1099.92
1033.88
1089.32
1087.7
1092.16
1067.46
1087.12
1090.86
1098.79
1041.44
1045.54
1097.84
1096.94
1028.64
1099.12
1099.75
1096.86
1096.67
1099.93
1098.08
1096.95
1096.99
1099.16
1024.54
1098.06
1098.13
1096.99
1097
1098.34
1096.95
1099.89
1099.92
1099.97
1099.97
1093.83
1099.91
1099.97
1096.97
1093.82
1093.82
1099.97
1093.81
1097.01
1099.93
1093.79
1093.81
1093.8
1099.65
1097.01
1093.8
1097.04
1092.07
1099.92
1099.96
1096.98
1099.97
1049.94
1099.92
1099.97
1096.65
1099.96
1085.37
1099.97
1025.07
1099.96
1093.75
1099.92
1099.91
1099.92
1099.92
1060.04
1092.94
1083.37
1076.48
1089.44
1050.09
1086.66
1094.78
1098.2
1098.51
1099.91
1099.92
1099.92
1099.85
1071.67
1099.73
1095.86
1063.42
1095.69
1098.57
1064.86
1098.41
1099.83
1072.57
1098.58
1099.82
1099.92
1099.82
1094.04
1096.05
1099.82
1098.52
1098.11
1098.06
1096.98
1096.98
1099.92
1099.92
1097.01
1099.92
1096.36
1099.92
1099.92
1096.9
1099.92
1098.59
1094.34
1094
1099.85
1098.68
1087.91
1071.32
1093.39
1098.79
1095.44
1037.42
1098.06
1031.15
1096.62
1026.3
1098.07
1099.89
1098.51
1023.6
1096.96
1098.08
1098.56
1096.37
1098.54
1099.92
1096.96
1097
1096.93
1098.5
1096.88
1099.66
1097
1099.92
1099.92
1099.8
1099.89
1099.88
1098.57
1096.91
1099.94
1096.95
1099.92
1096.96
1096.97
1096.96
1096.93
1099.81
1099.02
1099.23
1096.95
1096.94
1097
1099.92
1099.92
1090.3
1098.55
1069.24
1099.92
1096.96
1099.92
1099.91
1082.14
1096.91
1023.49
1097
1099.92
1099.83
1076.79
1099.92
1099.92
1099.92
1096.86
1029.14
1090.72
1093.9
1099.83
1099.84
1099.83
1098.52
1099.83
1099.87
1099.74
1098.46
1098.5
1068.91
1066.09
1099.24
1062.5
1099.3
1099.84
1099.84
1087.71
1098.51
1099.33
1098.58
1099
1098.56
1098.58
1099.83
1098.51
1099.83
1098.52
1098.5
1099.82
1099.83
1098.62
1099.83
1099.83
1090.91
1099.8
1091.72
1099.64
1099.61
1099.26
1096.83
1097.82
1099.32
1089.35
1081.88
1099.78
1099.83
1099.78
1097.25
1070.39
1097.7
1099.45
1095.97
1095.92
1098.41
1063.75
1099.84
1095.73
1095.79
1098.52
1098.5
1098.54
1062.94
1095.71
1095.69
1095.87
1062.3
1099.92
1063.36
1099.92
1099.83
1099.29
1098.52
1099.83
1099.83
1098.54
1098.58
1098.46
1098.64
1099.77
1098.49
1098.51
1099.68
1099.93
1096.95
1096.94
1099.75
1099.83
1099.11
1098.55
1096.98
1098.55
1098.28
1069.07
1099.92
1099.78
1099.83
1092.96
1098.53
1095.81
1099.92
1098.55
1098.49
1099.83
1099.83
1099.83
1098.46
1066.37
1098.57
1082.48
1094.28
1094.15
1099.83
1097.36
1098.52
1098.5
1099.83
1097.08
1098.34
1099.15
1098.74
1091.94
1099.39
1091.68
1099.66
1091.41
1082.01
1099.26
1081.7
1090.81
1090.94
1099.82
1099.25
1099.26
1099.83
1099.3
1099.57
1083.99
1099.63
1099.32
1099.84
1099.32
1099.64
1089.25
1099.84
1099.29
1099.69
1099.67
1099.27
1099.31
1099.65
1099.44
1098.1
1099.3
1099.33
1099.63
1099.26
1099.64
1099.37
1098.53
1097.79
1098.62
1097.57
1096.03
1067.27
1099.76
1064.62
1095.76
1099.82
1099.28
1061.79
1091.31
1099.65
1099.84
1098.46
1098.66
1099.83
1099.82
1097.11
1099.83
1098.51
1098.53
1098.51
1098.61
1099.84
1099.28
1099.6
1098.52
1098.52
1099.83
1098.49
1098.5
1099.83
1098.43
1086.42
1099.84
1091.75
1098.51
1099.83
1099.84
1095.5
1099.82
1085.72
1099.83
1099.32
1099.71
1099.64
1097.22
1084.6
1084.82
1099.39
1091.02
1082.06
1099.65
1099.28
1099.27
1099.64
1099.26
1099.21
1092.37
1099.26
1099.66
1084.32
1097.05
1099.29
1099.34
1095.02
1099.64
1099.26
1099.64
1099.3
1099.28
1099.24
1099.64
1099.64
1099.65
1099.24
1099.29
1091.94
1098.9
1091.06
1081.39
1099.65
1091.57
1099.52
1099.48
1099.63
1099.83
1099.63
1099.63
1096.61
1097.82
1099.83
1099.27
1099.7
1098.62
1092.08
1099.7
1099.23
1083.76
1099.49
1083.12
1082.47
1099.59
1091.2
1099.62
1081.79
1099.63
1090.94
1099.83
1081.17
1081.4
1082.87
1099.65
1099.66
1099.13
1099.67
1099.67
1095.35
1093.32
1099.67
1099.25
1099.65
1099.84
1099.38
1095.05
1099.16
1095.06
1099.67
1098.01
1099.66
1099.3
1097.64
1099.27
1099.68
1099.28
1099.36
1099.26
1099.24
1099.65
1099.65
1099.27
1099.63
1099.64
1099.27
1099.29
1099.68
1099.63
1099.26
1099.63
1099.26
1098.35
1099.25
1097.82
1099.64
1099.64
1099.04
1099.26
1099.64
1099.67
1098.67
1099.64
1096.05
1099.64
1098.55
1099.18
1099.64
1099.65
1099.27
1099.66
1099.24
1099.23
1098.89
1098.93
