622.087
673.189
541.905
509.126
920.833
881.287
862.356
621.374
619.246
615.71
610.781
604.48
596.832
587.866
577.633
566.152
553.503
539.737
524.837
525.527
541.675
556.193
571.499
582.921
597.285
607.077
618.843
628.436
638.46
645.382
654.331
661.459
665.827
672.798
675.969
682.682
684.754
689.357
691.024
695.592
695.278
698.616
699.901
701.136
703.49
702.672
704.473
705.477
707.249
706.127
708.639
708.474
708.952
708.936
707.613
709.269
708.272
709.979
707.634
711.103
710.444
709.179
713.377
708.943
712.04
711.696
712.468
711.38
712.844
717.919
715.202
718.853
723.136
719.274
722.052
722.527
726.526
720.831
731.595
729.016
731.953
734.446
732.28
741.834
737.774
742.323
740.377
746.116
741.438
738.281
742.326
739.988
744.169
736.562
749.263
739.208
750.764
742.531
745.103
738.666
744.052
728.262
729.781
723.588
716.77
715.675
696.851
694.687
685.548
672.14
656.231
652.538
640.098
626.214
611.679
600.656
588.077
567.389
557.6
578.817
591.294
607.035
621.108
632.317
643.311
652.193
659.756
665.58
669.804
672.339
702.839
730.917
757.552
782.496
805.843
827.485
847.456
865.752
882.404
897.45
910.944
922.948
933.536
942.786
950.785
957.624
963.394
968.191
972.108
975.235
977.659
979.463
980.723
981.515
981.9
981.931
981.648
981.086
980.279
979.253
978.031
976.63
975.065
973.35
971.498
969.525
967.445
965.278
963.045
960.766
958.468
956.176
953.915
951.71
949.587
947.56
945.647
943.877
942.286
940.875
939.618
938.488
937.485
936.613
935.865
935.225
934.671
934.185
933.746
933.336
932.936
932.53
932.101
931.632
931.109
930.516
929.84
929.065
928.177
927.158
925.989
924.646
923.099
921.315
919.259
916.9
914.202
911.119
907.596
903.57
898.978
893.754
887.833
881.143
873.613
865.172
855.748
845.272
833.678
820.908
806.906
791.63
775.045
757.124
737.873
717.255
695.372
672.122
647.742
742.037
707.416
740.088
971.765
921.485
956.098
864.39
680.925
741.448
965.865
952.346
633.602
929.595
743.813
766.142
762.479
879.757
706.049
843.971
931.411
790.459
773.033
927.559
764.256
757.003
933.136
619.801
658.545
781.099
718.434
733.95
741.157
744.665
728.452
977.895
980.067
944.078
979.934
977.666
748.72
940.723
781.866
777.148
771.636
921.615
902.131
915.422
745.877
938.078
636.267
716.084
613.567
634.764
693.926
576.482
586.973
935.935
749.242
655.133
739.676
966.646
777.309
961.467
737.587
925.658
589.484
701.646
602.582
670.751
640.083
644.008
542.857
729.488
591.065
607.444
669.237
755.997
804.506
930.581
767.044
772.299
909.659
763.515
892.338
751.961
863.824
721.036
819.666
932.216
765.457
754.139
934.324
929.005
770.276
782.162
741.041
924.492
919.836
781.55
664.177
742.24
710.038
941.287
687.903
975.044
696.216
826.162
896.033
737.836
970.555
729.484
969.915
959.191
956.895
722.369
950.143
742.623
948.018
980.318
973.676
979.502
745.231
731.639
679.662
645.268
599.223
572.218
646.585
558.63
748.18
965.9
967.022
716.294
773.225
947.649
774.681
954.472
925.066
689.631
805.434
766.08
756.423
975.313
975.218
809.462
917.146
682.934
777.314
611.168
619.749
657.651
740.259
576.794
612.75
756.062
694.115
654.057
736.725
800.714
619.375
559.751
685.881
773.899
846.119
732.034
832.406
872.245
757.694
897.549
769.976
912.731
780.206
886.431
930.116
743.506
773.715
768.522
906.147
854.422
770.396
714.406
770.986
805.699
928.331
785.014
917.781
780.714
923.154
931.008
939.335
748.412
765.614
932.653
758.621
747.946
935.066
936.945
750.411
755.984
933.687
740.094
742.782
931.808
760.41
674.416
771.045
742.81
926.673
644.548
942.312
745.915
738.806
744.392
909.502
932.053
949.272
881.013
973.48
961.858
737.887
967.943
723.616
976.445
976.097
715.441
963.7
954.605
737.072
700.884
980.35
945.992
733.502
743.854
979.15
978.692
744.314
759.117
945.451
669.771
628.037
610.175
631.475
687.691
573.526
698.624
635.695
625.561
663.509
667.972
917.102
951.525
860.421
768.871
972.912
705.777
770.46
771.329
893.278
868.147
754.592
788.207
939.865
807.602
828.595
926.464
797.797
811.209
928.062
922.17
786.006
764.624
775.228
939.392
774.986
936.199
811.515
908.36
780.022
933.312
930.437
771.597
783.907
705.964
733.346
679.6
676.121
641.477
822.335
925.585
801.094
789.607
785.861
698.492
771.147
751.458
974.743
773.413
773.126
975.583
973.207
949.902
669.625
606.808
690.988
594.22
752.42
721.054
625.959
643.385
641.638
654.258
786.939
802.082
716.538
730.755
793.325
897.837
809.821
911.004
811.978
850.453
875.605
808.86
763.186
918.674
807.603
806.27
928.535
923.812
924.481
901.839
811.706
809.652
915.363
932.155
927.245
882.233
779.977
797.955
794.339
774.762
708.21
929.079
771.505
678.81
771.38
891.854
936.787
771.058
969.001
965.175
961.135
767.745
761.062
943.302
734.169
970.296
956.744
771.283
722.231
962.015
755.124
744.159
968.735
975.599
773.045
974.457
764.766
952.183
650.425
695.409
654.145
631.366
592.557
726.149
661.358
733.759
712.45
800.254
773.924
954.326
797.922
959.236
747.526
785.896
801.266
946.662
801.293
764.67
917.584
868.741
886.25
817.27
833.158
831.323
920.453
706.783
794.838
965.345
967.206
967.654
840.673
901.461
842.822
909.477
807.127
922.827
639.446
807.471
920.005
764.812
780.511
942.113
610.921
747.15
692.303
752.551
645.693
659.369
842.243
712.732
794.739
667.005
781.038
749.824
815.949
744.47
731.392
926.048
799.489
809.142
921.162
916.981
833.014
859.788
840.077
788.275
785.01
934.583
777
931.247
927.641
789.316
890.802
835.655
822.866
795.649
913.321
808.848
921.435
926.861
796.058
782.875
770.592
929.709
809.022
888.106
805.396
782.152
905.344
813.546
923.047
958.167
905.219
944.732
800.76
786.297
958.973
937.68
971.694
770.498
971.409
876.968
957.255
937.765
762.752
775.318
927.601
963.209
768.919
771.828
728.959
973.936
941.194
774.233
801.017
967.749
962.489
791.843
714.539
731.146
662.421
692.337
657.333
686.061
671.766
854.145
833.638
909.861
929.179
919.062
826.898
836.927
913.72
756.427
753.985
943.786
808.172
907.348
876.751
808.661
859.703
953.323
825.855
810.432
819.17
843.128
929.331
861.404
803.153
930.139
729.122
681.954
661.789
960.271
774.967
898.401
838.773
923.524
922.06
799.96
754.072
948.925
800.83
935.548
802.102
961.23
965.036
966.802
788.454
786.588
678.454
716.352
707.4
746.812
628.393
816.154
689.603
676.317
763.213
796.059
722.77
822.297
701.5
885.222
739.517
843.909
918.157
830.5
894.804
837.488
839.265
919.789
861.387
816.841
920.12
926.895
806.706
923.808
813.01
821.984
903.848
907.5
841.662
843.158
916.31
915.556
834.509
824.907
875.299
881.134
920.899
827.292
829.938
803.3
810.676
808.657
911.202
842.183
957.393
801.382
795.434
796.947
943.967
960.971
797.184
966.788
967.408
793.727
798.926
932.58
804.454
759.98
826.222
800.546
769.716
949.641
777.52
963.592
790.326
963.859
944.394
719.896
651.615
676.514
700.383
625.929
740.153
721.517
813.743
762.375
782.786
824.85
954.184
952.022
936.02
819.182
905.893
826.927
838.096
852.209
823.393
798.165
948.907
885.23
865.696
848.778
853.287
865.263
844.161
911.563
909.964
817.005
955.905
827.971
922.264
832.15
911.887
867.509
894.851
868.304
898.812
913.188
736.48
738.839
807.516
908.126
857.426
957.618
931.46
805.395
714.184
742.731
720.199
658.262
754.469
697.997
835.996
694.298
678.672
772.725
797.166
743.856
809.811
870.623
784.187
769.719
898.281
824.93
818.782
836.081
853.156
769.906
859.416
871.646
853.826
848.94
881.393
863.86
912.581
910.461
919.471
929.857
806.02
906.63
922.766
858
835.764
809.381
918.667
828.755
825.624
914.704
815.125
823.032
841.31
905.571
861.489
843.173
833.547
796.844
947.541
937.248
826.402
955.426
810.771
927.07
966.045
822.553
920.221
796.053
951.158
793.634
933.341
802.441
939.268
954.575
950.537
954.265
813.286
727.769
691.939
670.806
697.586
644.238
764.092
821.4
789.709
818.839
900.08
919.289
942.675
904.432
694.251
862.127
803.535
781.376
841.09
866.035
818.569
844.875
934.563
829.694
882.953
940.727
909.266
916.044
729.058
865.251
894.765
883.951
801.483
844.179
864.18
836.261
912.233
917.892
830.632
909.916
821.935
938.243
925.091
826.758
955.916
848.641
750.187
776.136
945.944
856.727
700.703
676.63
717.621
827.278
746.273
708.46
787.796
733.257
754.44
753.572
835.099
889.008
830.481
776.672
827.956
865.894
871.834
869.959
876.54
908.818
855.23
862.962
840.806
886.384
842.166
901.026
834.666
910.16
912.92
893.73
909.812
905.201
888.269
866.764
922.812
829.162
911.033
839.422
867.422
851.224
846.423
903.591
893.728
893.683
865.838
868.172
868.731
952.812
947.023
820.344
848.497
815.449
953.259
826.543
950.679
953.442
817.966
824.023
788.463
825.263
933.815
931.058
832.481
933.805
923.492
955.242
826.965
801.892
711.148
841.267
943.05
939.438
923.124
878.029
941.122
912.88
892.276
849.604
848.525
725.76
751.601
837.206
796.502
885.3
936.672
896.862
849.025
890.867
867.947
886.352
886.817
892.365
857.716
897.817
888.944
900.958
861.585
869.353
899.228
898.362
854.49
937.494
918.395
718.537
877.652
851.896
916.491
880.171
903.156
874.313
882.19
867.823
839.576
835.704
938.507
904.796
898.682
796.521
710.636
772.645
845.635
791.498
762.676
804.981
772.36
876.513
833.307
814.468
850.017
840.61
858.418
789.398
854.318
848.08
860.184
808.263
910.26
813.659
927.263
921.616
891.097
880.445
926.846
895.985
880.411
884.862
864.299
857.38
892.942
888.099
875.809
891.873
909.724
848.954
866.396
902.524
897.73
894.407
887.269
868.566
858.595
843.31
826.398
944.953
938.589
914.16
821.047
848.382
821.561
940.473
847.469
846.269
939.651
942.754
912.489
848.234
822.6
848.062
689.445
734.859
763.919
929.661
842.691
871.826
889.729
925.226
770.004
788.93
823
816.188
735.605
834.755
780.155
851.34
791.987
788.635
848.819
806.263
834.87
841.07
898.197
859.038
868.585
915.289
866.489
878.809
840.895
922.612
903.089
934.617
905.191
926.089
851.235
897.546
900.226
931.708
884.148
897.471
906.52
928.948
877.459
842.466
867.437
877.656
900.953
867.395
899.38
874.953
892.003
881.222
893.822
877.19
777.893
739.193
865.541
762.461
824.427
888.449
877.42
802.476
846.841
912.474
898.07
866.412
884.56
900.123
900.921
877.283
898.799
873.8
859.873
890.881
893.737
907.653
888.884
891.323
851.677
888.048
898.034
862.864
889.697
942.046
848.422
838.547
911.439
840.112
848.353
940.397
938.335
842.187
942.502
845.333
920.913
867.211
894.797
881.718
784.04
707.267
724.024
878.309
820.719
831.418
901.311
895.837
899.791
919.956
865.146
863.568
856.597
905.686
883.793
739.591
859.454
907.352
877.509
858.783
908.355
895.176
926.016
878.286
867.196
868.611
927.826
905.919
897.912
867.153
871.06
766.717
806.748
812.031
813.441
893.416
854.571
877.978
890.404
927.163
932.253
903.29
924.677
842.599
842.321
927.399
867.217
932.184
803.429
751.849
891.159
821.749
754.015
838.213
766.923
778.307
852.302
802.47
864.26
797.835
874.811
828.264
907.383
819.791
825.791
836.404
907.486
882.797
862.142
883.549
920.068
868.735
861.376
922.191
907.601
917.362
897.941
914.635
867.193
908.431
866.259
884.083
873.798
924.698
912.491
874.561
893.285
895.815
908.056
915.289
908.664
883.908
887.335
883.559
891.275
885.428
883.719
910.726
879.543
894.53
884.367
882.435
884.063
888.74
861.151
909.48
860.463
926.878
884.539
861.293
909.634
914.683
923.655
861.077
912.345
858.588
910.326
875.203
877.186
883.941
925.407
880.943
896.833
886.116
867.6
861.06
876.415
