655.97
715.417
558.852
531.142
961.247
913.139
898.735
655.197
652.863
648.979
643.559
636.623
628.204
618.334
607.037
594.409
580.414
565.203
548.847
549.782
566.707
583.929
597.382
615.204
625.076
640.595
649.919
660.358
667.774
678.47
682.939
688.843
697.978
700.453
707.944
707.379
713.938
714.83
719.643
718.318
725.214
724.461
726.653
728.387
727.531
732.313
731.664
731.676
730.317
734.073
730.652
732.019
732.249
733.407
736.839
734.325
736.445
733.735
738.443
731.684
733.297
736.05
728.37
738.145
733.311
735.039
735.633
740.319
739.414
731.654
740.667
736.844
732.299
745.613
745.981
749.53
748.198
764.961
748.336
758.487
758.148
758.434
767.34
751.888
763.72
759.646
766.425
758.213
772.252
783.168
777.322
782.882
777.414
792.209
766.239
784.159
758.575
770.946
764.161
769.678
752.458
777.436
763.841
762.517
759.733
743.276
762.774
742.249
730.548
730.91
729.984
696.327
677.909
662.248
642.711
609.96
577.616
565.039
592.656
597.55
622.24
640.429
653.731
668.761
680.489
691.387
699.922
706.724
711.546
714.452
748.058
779.033
807.766
834.605
859.25
881.858
902.393
920.926
937.52
952.257
965.226
976.527
986.267
994.556
1001.51
1007.26
1011.91
1015.6
1018.44
1020.55
1022.04
1023
1023.52
1023.69
1023.56
1023.19
1022.6
1021.82
1020.86
1019.74
1018.46
1017.01
1015.4
1013.62
1011.66
1009.55
1007.27
1004.86
1002.33
999.72
997.055
994.378
991.729
989.151
986.684
984.356
982.198
980.245
978.542
977.088
975.852
974.798
973.916
973.2
972.632
972.183
971.821
971.516
971.242
970.975
970.695
970.384
970.029
969.618
969.143
968.596
967.971
967.263
966.463
965.563
964.549
963.403
962.099
960.606
958.893
956.926
954.671
952.078
949.087
945.628
941.63
937.017
931.71
925.622
918.665
910.747
901.772
891.646
880.278
867.578
853.467
837.87
820.728
801.997
781.628
759.676
735.998
710.903
684.04
766.877
737.268
765.227
1011.99
975.02
1005.73
919.453
715.933
769.667
1005.63
990.065
662.644
967.544
763.082
810.281
800.986
924.141
709.065
890.244
969.074
836.595
811.29
965.675
793.126
783.09
970.177
653.275
696.221
833.046
750.773
763.673
771.544
768.618
755.487
1021.44
1021
980.513
1022.1
1018.13
764.212
976.858
804.329
815.03
820.575
960.534
944.101
955.365
776.037
974.191
670.017
758.399
647.6
669.742
737.85
604.474
617.153
972.246
778.622
687.195
769.023
1014.07
807.475
1000.69
762.842
963.981
653.222
746.695
621.027
709.411
675.595
679.917
568.13
777.432
622.491
635.112
700.332
800.767
857.763
968.42
797.537
825.101
950.532
822.026
935.509
791.806
909.3
749.578
866.234
969.611
778.541
778.575
970.976
967.001
808.498
799.545
767.838
962.971
959.047
805.017
698.225
767.139
744.949
993.041
723.668
1015.39
726.872
880.398
950.762
765.297
1016.9
758.86
1010.03
998.069
995.399
752.721
987.483
768.172
985.008
1021.97
1019
1020.21
765.386
760.062
721.333
682.265
630.586
625.834
682.754
586.009
779.368
1012.27
1007.11
748.888
799.773
985.084
798.645
993.12
962.758
724.659
830.439
797.746
788.503
1016.18
1017.36
850.585
955.823
723.886
828.798
642.594
653.308
695.034
771.31
606.067
664.174
806.095
734.621
683.941
780.375
853.529
652.028
587.193
708.711
819.479
900.931
758.041
878.903
917.2
796.92
940.111
819.505
953.115
812.975
930.214
968.015
785.404
821.62
803.917
947.551
900.346
798.008
728.609
810.082
852.156
966.38
801.319
957.333
803.67
961.83
968.769
975.428
768.254
795.422
969.879
784.371
785.375
971.536
973.134
772.176
779.137
970.533
769.114
765.26
969.349
792.712
705.015
817.28
766.349
964.878
675.636
978.563
767.438
768.915
764.18
963.723
984.755
999.994
936.035
1013.77
1010.38
767.133
1007.91
757.486
1016.84
1020.48
746.806
1003.22
992.718
761.233
734.126
1021.59
982.677
761.093
766.74
1021.95
1019.25
767.358
790.07
982.489
710.037
662.342
642.678
665.688
730.673
602.165
743.24
671.606
641.64
701.467
706.363
970.493
1001.16
915.144
798.879
1013.27
753.527
815.732
801.623
935.568
912.81
806.167
831.895
976.832
839.621
874.784
963.949
828.392
836.487
964.975
960.131
814.453
794.056
800.926
975.484
805.577
971.989
846.785
948.491
802.895
969.046
966.557
822.335
816.727
750.449
776.687
718.697
713.376
675.541
876.157
963.221
832.525
820.184
804.503
735.069
800.209
782.418
1015.38
801.056
799.938
1017.19
1016.74
987.748
707.836
639.107
731.193
624.926
801.98
767.828
660.84
666.47
677.423
691.03
832.766
848.229
773.295
785.729
836.917
939.538
841.228
950.698
848.182
896.075
919.702
849.717
815.81
957.108
834.538
832.738
965.253
961.613
962.225
942.979
842.163
851.615
954.331
967.967
964.492
925.734
805.629
839.718
823.781
819.614
741.782
965.592
801.678
714.612
798.513
946.339
988.483
797.763
1014.35
1005.14
1000.73
797.184
791.74
979.973
768.466
1010.53
995.752
802.555
757.426
1009.46
784.159
775.952
1008.9
1016.79
800.319
1017.24
797.057
990.439
687.088
738.19
691.691
666.123
623.25
773.643
696.57
773.957
749.74
828.979
809.094
1001.77
829.329
999.083
783.975
827.923
828.941
984.928
830.314
809.429
954.85
912.357
928.08
861.979
878.297
868.003
956.848
749.477
824.833
1008.83
1007.95
1009.71
879.843
941.181
875.798
947.739
834.689
957.721
674.527
848.881
958.242
801.258
815.211
979.519
643.077
795.979
733.291
797.012
679.529
691.339
896.675
754.737
846.821
703.651
826.35
789.092
862.207
795.49
769.431
963.617
830.871
843.108
959.244
954.305
870.031
904.966
886.044
816.448
810.462
970.301
804.749
967.197
964.732
825.706
932.049
879.969
867.317
838.221
952.63
852.825
957.403
964.239
825.761
804.76
802.019
966.02
835.763
931
837.236
825.828
945.958
842.378
960.918
1004.54
959.247
995.427
829.91
818.753
998.299
974.224
1011.98
797.664
1015.81
931.696
1005.79
973.673
793.173
802.848
980.205
1003.02
797.276
801.714
762.928
1014.41
977.538
801.014
829.978
1009.27
1002.51
823.516
760.334
777.638
699.818
732.978
695.404
725.789
710.09
908.287
879.096
962.977
965.509
956.094
859.862
874.52
951.397
800.466
797.8
991.16
842.753
944.027
917.94
855.713
894.598
992.615
857.42
841.795
848.528
889.874
980.892
904.847
830.242
965.544
773.834
721.007
698.719
1002.2
816.3
938.58
880.898
958.891
957.814
828.628
790.159
987.579
829.086
971.702
829.683
1006.58
1005.22
1007.29
820.63
837.638
717.473
756.813
748.907
790.758
662.162
869.276
725.373
711.406
803.349
841.691
759.605
867.972
738.241
939.273
777.676
889.026
955.36
864.808
935.491
880.7
874.221
956.555
905.56
846.45
956.712
962.005
832.382
958.978
842.903
850.432
943.153
946.059
878.989
876.643
953.696
953.017
871.857
857.271
918.327
923.561
957.084
871.677
875.846
847.821
855.494
836.23
949.228
874.919
997.105
829.847
826.31
827.543
993.558
1000.92
829.137
1009.49
1008.5
823.797
828.938
968.105
830.409
795.646
856.943
829.103
805.387
998.165
812.276
1007.97
822.26
1003.96
982.24
764.693
687.946
715.424
741.223
659.698
787.973
760.881
858.711
800.45
820.087
857.028
997.558
991.74
973.764
852.487
942.701
856.282
866.661
895.7
855.318
833.656
988.411
925.317
907.162
880.912
887.428
901.078
875.943
946.566
945.886
850.359
996.418
856.757
957.171
861.285
945.886
907.359
934.173
906.101
936.475
947.582
779.235
782.069
859.638
944.742
892.324
999.081
968.271
839.89
756.533
789.446
762.33
694.921
802.844
737.974
889.783
733.255
716.6
817.325
843.711
783.039
855.555
924.844
829.995
814.645
951.955
869.684
866.153
883.257
897.837
808.128
902.357
913.421
899.214
895.038
922.022
906.277
950.413
945.926
956.385
965.165
830.731
943.372
958.315
902.307
873.295
838.983
955.796
862.228
857.426
952.259
844.32
854.289
874.053
944.482
896.649
877.283
862.353
828.515
993.858
987.862
856.686
994.956
845.033
962.947
1006.36
854.032
972.624
827.26
990.158
829.583
969.139
829.702
987.699
996.952
995.827
994.177
847.185
770.6
731.962
708.775
738.019
679.597
813.804
853.637
837.519
867.893
952.744
970.588
981.537
941.424
733.047
915.624
847.636
821.73
883.733
914.087
856.142
877.91
980.716
865.696
919.485
983.961
945.696
951.585
771.399
905.669
930.722
928.273
846.522
888.171
899.777
864.901
947.017
952.313
859.892
946.045
853.301
976.405
960.555
855.961
996.171
881.015
796.399
825.852
987.455
886.792
740.986
714.372
759.24
880.141
789.421
747.836
832.724
772.481
799.902
792.048
879.519
942.138
879.704
814.521
875.239
908.258
919.159
909.855
922.948
945.357
889.767
898.304
870.977
929.662
873.035
938.484
863.571
945.858
947.506
929.742
943.803
942.092
927.723
907.256
957.618
858.116
946.271
868.778
904.756
884.918
879.317
940.71
932.463
931.527
902.266
907.234
906.956
997.121
986.368
853.093
880.462
849.02
993.068
856.493
990.305
994.315
851.518
856.311
824.838
857.273
983.273
978.252
868.023
971.098
958.619
995.299
855.89
836.885
752.423
875.138
983.233
978.752
960.223
913.845
980.649
947.046
928.447
879.901
879.675
765.826
792.285
887.57
835.846
934.256
975.739
932.689
886.168
931.569
901.673
923.289
923.786
930.992
887.941
932.944
926.494
934.48
893.106
903.105
933.086
932.722
884.539
982.624
954.468
759.904
930.036
891.437
963.369
915.293
948.47
913.736
920.735
901.309
874.11
870.908
979.298
938.274
931.765
847.357
750.134
819.393
898.957
835.675
806.401
853.556
812.958
929.937
876.447
858.356
898.973
889.763
906.988
829.228
895.852
890.182
901.165
846.746
962.31
851.686
977.688
970.812
939.296
925.852
975.067
931.894
916.595
921.609
896.9
887.513
929.025
930.398
911.17
928.165
946.025
882.136
903.365
939.798
932.596
932.83
924.352
907.338
889.157
876.5
862.993
984.087
980.975
949.22
853.406
880.075
853.206
979.011
880.198
879.122
983.799
982.656
947.122
879.032
859.67
880.619
728.671
778.854
812.027
967.965
876.182
906.194
927.594
962.767
817.558
837.572
873.07
867.864
777.781
887.017
823.343
903.903
835.091
830.354
899.198
847.3
875.992
881.654
949.711
909.268
918.537
965.384
900.517
913.965
878.946
967.436
940.693
973.492
943.063
969.052
887.897
933.264
937.471
973.229
918.882
934.298
944.567
968.676
912.788
875.785
900.622
909.355
935.561
899.665
933.494
906.425
932.117
919.191
933.403
914.456
821.958
779.657
918.129
803.107
867.988
940.469
926.956
841.323
886.907
960.348
933.444
899.606
921.678
933.792
934.319
916.36
932.905
908.668
890.911
929.114
932.834
941.349
925.651
927.754
881.821
925.348
932.651
894.903
931.156
981.732
878.933
873.459
945.732
874.211
879.741
979.811
977.544
875.946
982.913
882.914
957.52
901.102
927.573
916.809
833.357
747.578
765.142
909.948
862.871
870.446
950.922
943.162
946.139
965.806
899.252
897.72
895.645
949.972
918.025
781.251
894.562
945.521
912.988
894.523
944.672
931.557
965.036
910.209
900.085
900.035
967.235
941.685
931.586
899.084
902.416
809.798
856.24
854.592
854.001
943.704
890.926
913.203
926.994
969.517
970.875
938.467
968.528
876.242
875.746
965.344
899.803
972.356
853.693
794.599
923.823
872.717
795.979
889.607
808.965
820.26
903.837
845.357
915.705
839.243
926.006
869.934
958.262
859.832
865.309
874.936
956.281
917.81
896.347
918.441
958.372
906.97
899.975
960.723
950.908
955.359
933.51
956.215
904.651
949.096
903.297
918.589
910.027
963.509
951.646
911.179
929.191
928.838
946.323
954.941
947.043
917.508
919.878
917.498
926.644
918.043
917.376
949.518
911.797
927.334
917.168
915.542
917.135
923.52
895.89
948.022
895.372
966.058
935.354
895.583
952.039
952.317
962.347
895.645
949.578
893.954
947.121
911.203
912.823
917.312
964.316
913.6
930.144
920.282
899.243
895.469
912.225
