863.708
872.931
963.43
689.629
1090.22
1090.19
1073.58
863.008
861.017
857.573
852.385
845.126
835.449
823.111
808.011
790.167
769.269
744.645
720.759
720.413
741.282
756.876
788.806
752.997
749.894
755.389
780.728
766.632
769.459
807.296
843.104
732.16
738.824
758.424
741.192
705.913
703.405
506.386
468.45
511.945
494.076
501.856
966.686
1013.76
1027.87
1059.46
1129.76
950.505
971.4
1007.56
1027.2
1036.72
1041.08
1043.04
1043.92
1044.31
1044.49
1044.57
1044.61
1044.62
1044.63
1044.63
1044.63
1044.64
1044.64
1044.64
1044.64
1044.64
1044.64
1044.64
1044.64
1044.64
1044.64
1044.64
1044.64
1044.64
1044.64
1044.64
1044.64
1044.64
1044.64
1044.64
1044.64
1044.64
1044.64
1044.64
1044.64
1044.64
1044.64
1044.64
1044.64
1044.64
1044.64
1044.64
1044.64
1044.63
1044.63
1044.62
1044.61
1044.59
1044.56
1044.49
1044.38
1044.19
1043.88
1043.37
1042.59
1041.4
1039.64
1037.15
1033.71
1029.11
1023.17
1015.76
1006.92
996.757
985.588
975.19
971.496
970.872
961.575
942.425
911.281
891.76
887.095
881.746
878.1
875.594
874.018
873.17
921.505
956.258
989.554
1016.31
1037.64
1054.51
1067.47
1077.14
1084.15
1089.1
1092.51
1094.79
1096.26
1097.2
1097.77
1098.11
1098.31
1098.42
1098.48
1098.52
1098.54
1098.55
1098.55
1098.55
1098.55
1098.56
1098.56
1098.56
1098.56
1098.56
1098.56
1098.56
1098.56
1098.56
1098.56
1098.56
1098.56
1098.56
1098.56
1098.56
1098.56
1098.56
1098.56
1098.56
1098.56
1098.55
1098.55
1098.55
1098.55
1098.56
1098.56
1098.56
1098.56
1098.56
1098.56
1098.56
1098.56
1098.56
1098.55
1098.55
1098.55
1098.54
1098.53
1098.51
1098.48
1098.43
1098.36
1098.26
1098.11
1097.91
1097.64
1097.3
1096.87
1096.34
1095.71
1095
1094.21
1093.38
1092.51
1091.63
1090.75
1089.9
1089.07
1088.23
1087.36
1086.36
1085.11
1083.41
1081
1077.53
1072.57
1065.58
1055.96
1043.06
1026.28
1005.09
978.568
945.655
911.513
1056.48
845.561
1022.29
1098.4
1094.65
1097.95
1077.09
767.47
1056.79
1098.4
1098.4
859.739
1098.31
1054.69
1056.81
1056.54
1087.06
1045.51
1082.01
1098.39
1064.25
1056.81
1098.07
1056.81
1056.81
1098.4
879.697
941.331
1016.26
813.88
853.018
1056.81
1056.81
757.85
1098.38
1098.4
1098.39
1098.39
1098.4
1056.81
1098.39
1056.81
1056.81
1056.78
1096.57
1090.85
1094.55
1056.81
1098.4
1017.42
1003.89
976.773
898.056
923.485
799.583
831.15
1098.4
1056.81
832.943
1049.2
1098.26
1056.81
1098.4
904.828
1097.7
994.656
921.461
983.595
944.107
903.724
907.649
757.482
956.013
815.147
844.512
1034.53
1041.85
1037.66
1098.37
1056.81
1056.8
1092.78
1056.73
1088.92
1056.02
1085.04
1051.65
1076.13
1098.39
1056.81
1056.81
1098.4
1098.26
1056.81
1056.81
1055.25
1097.41
1096
1056.81
814.247
1056.74
856.051
1097.04
792.402
1098.4
812.115
1054.53
1089
957.834
1098.32
786.824
1098.4
1098.4
1098.4
794.782
1098.4
1056.8
1098.4
1098.39
1098.36
1098.4
1056.81
801.32
929.654
949.972
850.192
983.743
910.217
782.386
872.924
1097.82
1097.9
855.735
1065.39
1097.9
1065.4
1097.9
1097.8
861.43
1065.41
954.56
897.29
1097.9
1097.89
1065.41
1095.64
972.386
1016.46
844.554
878.377
930.108
865.301
806.247
1006.57
989.328
977.23
1026.76
1025.09
1037.86
860.589
779.055
1040.73
1054.69
1067.46
1053.46
1079.59
1086.1
1056.35
1089.88
1056.76
1093.7
1056.8
1087.99
1098.35
1055.5
1056.79
1056.66
1091.83
1083.74
1056.81
1049.07
1056.81
1071.19
1098.19
1056.81
1095.33
1056.81
1097.04
1098.38
1098.4
1056.81
1056.81
1098.39
1056.81
1056.81
1098.4
1098.4
1056.81
1056.81
1098.4
1053.35
1056.1
1098.39
1056.81
784.688
1056.81
1056.66
1097.91
843.363
1098.39
1056.81
1040.3
1056.78
1092.38
1096.12
1097.61
1084.07
1098.4
1098.15
991.527
1098.4
765.021
1098.4
1098.38
834.553
1098.4
1098.4
877.949
823.318
1098.4
1098.39
839.52
1056.8
1098.39
1098.4
1056.81
898.145
1097.9
934.536
890.223
866.38
962.836
926.045
808.746
922.055
993.72
996.298
936.609
941.298
1094.21
1097.46
1076.96
1038.57
1097.9
1048.23
1050.76
1065.11
1087.17
1082.18
1061.87
1064.92
1097.01
1065.36
1075.2
1097.88
1065.41
1065.4
1097.89
1097.3
1065.4
911.525
1065.39
1097.9
1065.41
1097.9
1065.39
1092.11
1065.41
1097.88
1097.9
1017.21
971.666
963.108
1021.47
961.173
1032.92
859.944
1054.65
1097.84
1065.41
1065.39
1065.41
858.296
1063.99
878.958
1097.9
1065.39
1065.4
1097.89
1097.89
1097.9
979.531
858.2
973.967
828.337
989.539
957.595
853.857
1010.12
910.005
862.978
1060.15
1066.94
1053.39
1057.21
1065.13
1088.47
1065.38
1093.17
1065.39
1079.46
1083.39
1065.4
1063.18
1096.21
1065.41
1065.41
1097.9
1097.64
1097.73
1089.75
1065.39
1065.4
1094.94
1097.88
1097.89
1084.62
1065.41
1065.25
1065.4
1064.03
857.216
1097.9
1065.27
864.509
1062.36
1088.67
1096.56
1058.91
1097.86
1097.9
1097.9
986.113
899.97
1097.89
860.565
1097.9
1097.9
1065.38
855.867
1097.76
890.401
869.446
1097.9
1097.9
1065.4
1097.89
927.384
1097.9
921.45
967.157
987.448
895.631
834.356
956.402
895.789
1054.79
898.139
1073.24
940.835
1096.88
1070.94
1097.02
890.761
1069.73
1073.49
1097.01
1073.48
1043.84
1096.88
1076.81
1082.39
1073.01
1073.46
1073.52
1097
1000.94
1008.66
1096.99
1096.98
1097.03
1073.43
1089.48
1073.51
1093.89
1073.53
1096.62
905.449
1065.4
1096.67
914.797
964.463
1097.01
858.658
990.672
1041.45
1038.05
888.085
1022.45
1067.47
1000.36
1038.37
865.394
1052.93
1060.49
1071.78
1059.95
891.798
1097.86
1065.41
1065.4
1097.02
1096.79
1073.52
1080.91
1077.64
1065.39
1065.4
1097.87
1065.41
1097.89
1097.89
1065.4
1084.31
1073.47
1073.22
1071.12
1094.12
1065.39
1097.01
1097.89
1065.4
1065.41
1064.75
1097.9
1065.41
1085.88
1065.32
1064.58
1090.98
1065.39
1097.49
1096.94
1091.99
1097.12
1073.5
974.902
1097.9
1097.01
1097.9
1051.87
1097.88
1083.84
1097.65
1097.9
901.986
1065.4
1095.65
1097.9
1017.01
1065.34
858.088
1097.9
1097.89
1065.39
1073.5
1097.01
1097.02
983.632
960.045
995.006
939.015
1004.93
1010.91
968.616
951.476
1076.8
1069.89
1093.43
1095.66
1097
1073.5
1073.49
1095.81
1033.53
1059.4
1095.54
1014.77
1095.49
1075.25
1075.91
1080
1097.01
1079.98
1073.51
1073.42
1079.45
1095.71
1079.86
1073.42
1096.86
1023.04
961.8
918.798
1096.12
1067.66
1087.92
1073.44
1097
1097.01
1072.92
895.173
1097.01
1073.46
1097
1073.43
1096.97
1097.01
1097
976.046
1039.01
1025.46
1047.19
994.468
1031.41
876.116
1054.88
901.683
900.249
1064.67
1059.48
894.902
1067.45
900.689
1088.12
889.944
1071.83
1096.94
1073.51
1086.16
1073.46
1073.48
1097.01
1075.13
1073.41
1097.01
1096.93
1073.53
1096.91
1073.49
1073.45
1090.78
1092.91
1073.43
1073.5
1096.65
1096.46
1073.51
1073.5
1078.59
1080.48
1097
1073.34
1073.4
1072.04
1072.63
1073.52
1094.7
1073.5
1097.02
1073.49
1026.07
1055.26
1096.58
1097.02
1068.37
1097.02
1096.98
993.903
1072.24
1097.32
1073.46
903.676
1079.95
1073.39
927.512
1096.77
953.812
1096.98
978.359
1097.01
1097.01
997.712
923.675
1008.74
986.176
884.115
992.628
937.782
1055.91
927.176
943.388
1079.73
1095.58
1095.72
1095.67
1044.76
1095.13
1079.85
1079.93
1064.32
1078.8
984.019
1095.74
1080.86
1079.82
1085.04
1079.9
1079.9
1079.72
1095.66
1095.7
1031.1
1095.57
1079.72
1095.75
1080.08
1094.98
1079.76
1086.79
1079.97
1091.13
1095.55
1050.85
1021.61
1054.97
1095.61
1079.95
1095.76
1095.67
1007.2
1024.83
1021.46
1006.04
926.602
1020.01
1037.47
1067.49
935.923
929.388
1042.28
1073.68
931.514
1064.15
1083.48
1070.41
1065.76
1091.3
1058.25
1077.37
1079.02
1073.52
928.895
1066.68
1072.27
1079.77
1079.66
1078.25
1079.84
1095.33
1095.66
1097.02
1097.13
1073.51
1095.34
1097.01
1079.81
1073.5
1073.5
1096.98
1073.48
1079.95
1096.18
1073.45
1073.48
1073.47
1091.83
1080.01
1073.46
1080.06
1063.55
1095.6
1096.26
1079.92
1097.02
1019.7
1095.67
1097.01
1077.71
1094.82
1042.39
1097.01
969.78
1096.98
1073.38
1095.45
1095.46
1095.63
1095.68
1023.44
1015.18
975.412
945.694
1025.96
903.966
1018.54
1068.31
1069.51
1078.3
1092.25
1094.44
1095.68
1094.46
955.655
1082.87
1040.5
965.061
1049.21
1084.44
1013.16
1083.89
1093.77
1040.75
1085.05
1093.72
1095.73
1093.81
1008.84
1065.54
1093.59
1084.76
1052.92
1062.27
1079.93
1079.94
1095.66
1095.66
1080.01
1095.74
1075.92
1095.67
1095.68
1079.72
1095.65
1085.05
1040.25
1039.38
1094.18
1085.44
979.798
943.083
1039.82
1067.27
1020.17
938.268
1048.57
935.014
1052.87
928.16
1060.3
1090.27
1080.63
934.202
1078.34
1069.37
1084.64
1070.04
1084.71
1095.69
1079.89
1079.98
1079.8
1084.73
1079.69
1092.38
1079.99
1095.68
1095.64
1093.32
1094.95
1094.85
1083.21
1079.75
1096.13
1079.84
1095.67
1079.88
1079.89
1079.89
1079.81
1093.95
1087.06
1088.69
1079.85
1079.81
1079.98
1095.63
1095.73
1053.49
1084.94
1026.95
1095.7
1079.88
1095.75
1095.22
1036.84
1079.38
955.575
1079.87
1095.29
1093.74
1046.1
1095.68
1095.73
1095.67
1079.64
996.583
994.288
1065.5
1093.8
1093.99
1093.86
1084.83
1093.86
1094.59
1092.54
1084.57
1084.74
968.437
968.957
1081.72
971.614
1088.21
1094.06
1093.96
1058.41
1084.75
1088.95
1085.04
1087.46
1084.97
1085.07
1093.96
1084.76
1093.81
1084.83
1084.73
1093.8
1093.85
1085.2
1093.79
1093.83
993.971
1088.82
1052.61
1091.43
1091.1
1088.51
1074.19
1081.17
1088.88
1058
1050.98
1093.07
1093.81
1093.14
1054.63
963.882
1062.35
1076.39
1038.13
1028.53
1074.66
964.978
1087.29
1046.64
1042.44
1083.19
1082.13
1083.91
966.952
1056.35
1052.48
1061
989.185
1093.58
1001.11
1094.99
1093.55
1088.41
1084.72
1093.69
1093.82
1084.91
1085.07
1084.57
1085.3
1092.98
1084.68
1084.78
1092.01
1095.76
1079.86
1079.82
1093.28
1093.89
1087.88
1084.92
1079.92
1084.93
1083
1033.43
1095.71
1093.23
1093.85
1061.64
1084.86
1072.92
1095.68
1084.8
1084.44
1093.79
1093.84
1093.91
1084.57
1023.95
1084.95
963.142
1040.52
1039.76
1093.88
1077.55
1084.81
1084.72
1093.85
1053.73
1064.21
1077.8
1066.56
1004.62
1075.48
1019.74
1081.76
1021.17
996.549
1084.17
999.802
1033.47
1039.28
1091.88
1085.75
1086.86
1093.28
1088.7
1090.64
1043.96
1091.45
1088.9
1094.02
1088.94
1091.44
1062.58
1094.04
1088.73
1092.06
1091.85
1088.59
1088.88
1091.62
1089.43
1081.77
1088.76
1089
1091.43
1088.54
1091.52
1089.24
1084.85
1081.84
1085.18
1081.27
1034.39
969.594
1086.01
966.676
1044.44
1090.67
1087.66
978.712
1046
1091.41
1094.04
1084.57
1085.8
1093.81
1093.69
1076.89
1093.83
1084.78
1084.85
1084.79
1085.17
1094.09
1089.08
1091.32
1084.82
1084.81
1093.87
1084.69
1084.71
1093.85
1084.48
1055.36
1094.04
1061.04
1084.79
1093.92
1094.05
1070.13
1093.68
1051.99
1093.87
1088.84
1092.25
1091.46
1054.26
976.65
986.226
1089.4
1026.1
1026.21
1091.05
1088.48
1088.5
1091.46
1088.38
1087.9
1059.01
1088.49
1091.7
992.302
1077.24
1088.75
1088.67
1072.81
1091.56
1088.54
1091.53
1088.81
1088.65
1088.4
1091.53
1091.52
1091.61
1088.39
1088.7
1016.97
1072.11
1023.7
1003.45
1090.51
1066.76
1090.12
1090.37
1091.47
1093.96
1091.45
1091.45
1074.21
1079.99
1093.86
1088.59
1092.09
1065.57
1012.13
1092.1
1074.05
995.731
1080.09
996.903
996.712
1084.17
1022.26
1086.82
997.405
1088.54
1029.29
1092.74
1009.08
1017
1035.37
1091.3
1091.67
1087.27
1091.78
1091.8
1072.71
1065.16
1091.84
1088.47
1091.67
1094.06
1089.27
1073.71
1088
1074.23
1091.8
1082.4
1091.72
1088.79
1081.42
1088.57
1091.91
1088.64
1089.23
1088.54
1088.42
1091.62
1091.6
1088.58
1091.45
1091.57
1088.58
1088.71
1091.97
1091.4
1088.53
1091.46
1088.51
1082.29
1088.5
1079.96
1091.51
1089.71
1086.45
1088.56
1091.57
1091.8
1084
1091.52
1074.59
1091.53
1084.4
1087.61
1091.53
1091.62
1088.62
1091.76
1088.43
1088.35
1085.4
1086.18
