749.309
801.011
810.712
593.335
982.43
912.541
893.854
748.317
745.405
740.583
733.86
725.25
714.77
702.462
688.35
672.465
655.137
635.66
615.294
615.464
636.919
652.244
674.732
677.018
689.896
700.818
706.016
715.24
710.761
732.594
721.583
727.806
723.352
728.513
712.866
719.926
713.674
715.183
706.295
720.672
708.782
711.887
710.045
715.107
696.158
705.77
699.414
699.008
691.025
704.035
703.116
701.04
703.747
710.09
694.676
692.372
697.545
691.194
682.533
699.958
702.033
694.465
704.325
700.019
712.81
672.392
693.836
678.278
679.9
664.121
710.566
683.107
696.852
693.792
705.646
647.789
671.048
662.55
647.844
633.726
696.082
663.509
664.644
677.801
683.202
594.621
620.985
610.137
582.427
554.223
631.31
654.719
621.894
635.613
619.75
457.828
373.537
392.779
376.22
384.377
384.005
395.855
380.75
423.289
417.934
427.122
431.115
481.37
395.575
416.23
424.727
430.066
429.42
776.112
866.409
869.223
851.363
825.942
798.012
796.507
799.013
798.945
801.24
799.925
801.172
800.9
801.056
801.008
800.996
800.997
841.124
876.124
909.021
937.669
963.159
985.322
1004.37
1020.55
1034.13
1045.38
1054.58
1062
1067.89
1072.49
1076.01
1078.63
1080.52
1081.81
1082.59
1082.98
1083.02
1082.78
1082.29
1081.6
1080.73
1079.7
1078.51
1077.16
1075.66
1074.02
1072.25
1070.35
1068.33
1066.21
1064
1061.7
1059.34
1056.92
1054.45
1051.95
1049.41
1046.85
1044.27
1041.67
1039.06
1036.43
1033.77
1031.12
1028.52
1025.98
1023.43
1020.84
1018.23
1015.62
1013.05
1010.51
1008
1005.54
1003.13
1000.76
998.457
996.213
994.036
991.932
989.906
987.968
986.127
984.397
982.794
981.336
980.04
978.922
977.992
977.26
976.735
976.429
976.347
976.473
976.768
977.176
977.622
978.017
978.245
978.162
977.599
976.357
974.21
970.911
966.192
959.771
951.363
940.684
927.469
911.484
892.502
870.351
845.237
816.109
785.14
734.529
763.482
732.263
1063.51
1061.61
1078.04
1020.32
759.591
727.971
1056.38
1041.08
741.364
987.279
584.284
663.969
588.477
976.184
750.768
969.1
995.689
939.077
678.604
981.872
711.197
716.803
1005.1
747.05
839.543
937.334
754.525
742.334
719.185
732.067
743.793
1081.64
1076.71
1030.58
1080.2
1071.8
733.966
1025.37
631.62
571.375
549.033
975.64
975.053
974.161
731.548
1020.37
879.591
868.808
835.431
767.523
840.254
683.133
701.849
1015.19
714.331
755.883
730.514
1081.06
678.753
1051.37
737.32
978.878
858.609
840.795
833.616
814.287
774.774
780.109
641.139
875.582
697.054
720.171
800.489
909.964
962.927
991.338
683.907
521.257
974.277
579.402
975.964
554.098
974.458
682.845
958.057
1000.29
713.857
699.706
1010.08
985.375
665.702
666.93
723.147
977.615
974.942
622.793
762.062
736.974
758.07
1072.01
759.413
1067.87
758.675
985.124
1045.08
740.434
1081.77
741.057
1061.2
1048.82
1046.26
753.418
1038.48
723.828
1035.86
1079.2
1082.05
1075.22
716.77
735.614
840.102
837.749
718.751
832.821
783.594
662.207
779.712
1079.09
1055.19
791.66
761.356
1031.49
765.359
1039.37
979.483
782.561
727.256
766.705
776.707
1070.98
1075.7
673.158
968.612
872.407
936.704
725.739
744.548
796.487
783.931
684.88
878.519
908.503
843.587
839.896
890.975
962.407
733.397
662.243
761.6
925.91
1004.16
619.249
964.428
975.66
562.89
975.533
567.587
974.112
545.166
976.228
989.271
560.576
518.795
587.568
974.611
972.354
674.77
725.412
682.332
949.701
983.569
597.863
974.442
644.861
976.531
993.48
1022.89
734.536
687.511
1002.67
712.444
703.323
1012.62
1017.8
712.708
700.37
1007.57
725.218
731.972
997.961
718.562
752.833
679.34
730.749
980.303
749.78
1027.95
727.107
730.11
738.879
1054.23
1067.46
1075.48
1033.86
1065.74
1079.86
741.449
1058.82
741.816
1069.9
1081.99
756.253
1053.89
1043.67
737.37
756.529
1078.04
1033.23
733.715
726.988
1081.02
1073.58
716.999
775.616
1028.88
839.782
758.326
733.847
837.011
840.263
683.362
840.466
867.184
863.667
804.466
810.521
1060.39
1076.13
1019.68
765.307
1064.84
894.798
921.241
762.924
969.308
969.873
806.138
727.188
1015.48
682.629
959.157
985.39
730.581
719.084
994.139
972.897
753.315
769.217
760.204
1021.09
754.344
1016.28
672.27
967.508
752.26
1010.93
1003.68
936.127
807.543
874.324
886.473
824.021
903.147
750.637
984.63
981.383
725.984
746.867
756.305
790.464
767.933
777.999
1069.06
765.574
762.585
1074.29
1077.96
1034.1
871.517
726.722
839.402
706.741
907.847
874.658
738.115
886.922
774.592
762.519
934.265
944.733
886.174
869.566
716.15
968.727
674.852
967.439
673.928
966.814
970.282
682.061
774.938
969.406
728.004
728.397
996.461
975.966
977.675
968.197
671.825
670.126
967.996
1008.4
989.654
970.215
754.336
705.349
737.115
753.132
791.185
998.834
762.61
777.444
768.24
1044.17
1070.48
766.385
1079.07
1052.61
1047.35
763.848
775.788
1026.22
785.231
1060.19
1042.03
758.819
791.406
1078.68
779.281
781.91
1057.73
1072.72
762.51
1076.95
768.546
1036.73
786.612
873.59
869.751
760.527
707.172
875.061
783.866
947.26
817.019
796.102
814.775
1074.1
795.705
1040.82
821.83
916.934
797.544
1023.44
795.982
913.448
966.811
960.577
959.098
854.391
797.056
775.633
980.199
903.663
799.978
1070.8
1060.1
1067.38
771.942
957.159
756.183
956.751
794.883
990.412
769.119
694.464
970.399
818.796
809.528
1018.09
730.049
907.516
899.165
905.355
768.469
899.706
1003.63
864.359
961.758
771.117
926.267
948.701
952.934
839.926
821.05
983.36
726.737
707.366
971.568
965.11
772.943
968.793
963.691
748.969
755.383
1013.4
752.764
1006.07
991.873
742.491
958.382
788.911
838.132
900.618
967.604
672.987
984.53
987.497
733.036
753.753
764.667
1001.24
726.548
969.844
692.925
737.716
967.792
670.39
974.369
1073.96
1053.17
1073.77
797.49
805.354
1044.69
1012.93
1062.56
765.963
1078.67
1033.12
1077.72
1018.79
773.896
758.883
1066.09
1049.99
762.992
759.597
790.01
1067.01
1023.48
764.388
797.352
1065.08
1046.69
801.33
874.7
906.745
800.583
901.497
894.064
832.773
813.34
1018.74
954.779
1058.19
993.428
972.431
782.01
766.581
959.646
902.543
971.567
1066.38
836.494
949.868
945.362
977.162
825.845
1031.94
829.915
792.158
783.097
941.225
1067.64
890.8
794.222
1002.59
930.489
822.761
789.372
1057.87
932.297
957.369
777.148
991.201
986.79
795.857
821.096
1026.2
797.083
1010.36
795.21
1073.33
1052.32
1057.69
803.227
960.776
914.97
940.783
857.243
897.707
749.792
983.867
805.253
795.81
943.59
936.517
819.046
950.475
812.229
1042.68
821.83
957.702
968.666
778.46
957.694
782.463
763.732
976.291
960.364
785.042
978.243
998.061
794.748
992.223
790.164
782.329
956.806
956.082
766.578
757.729
963.537
962.098
770.749
782.46
960.331
959.804
982.321
822.154
808.04
884.997
869.979
794.485
957.694
757.37
1037.86
797.039
799.933
798.381
1072.53
1043.83
796.552
1069.27
1062.52
800.346
795.463
1008.38
793.919
820.443
829.752
796.261
816.925
1073.67
812.391
1072.25
801.894
1049.54
1020.75
905.501
785.826
898.641
847.797
750.49
907.318
836.388
938.687
849.252
846.735
829.25
1058.36
1027.04
1001.28
830.153
946.676
829.65
829.993
947.468
827.421
842.178
1020.52
943.792
871.144
861.439
827.991
825.313
826.356
967.35
960.259
832.126
1042.43
829.965
986.236
832.477
968.898
854.517
947.398
834.992
940.565
971.934
959.403
887.13
982.491
951.877
826.824
1051.87
995.993
838.276
927.631
932.849
868.947
790.303
934.59
930.158
1002.78
818.424
805.229
915.205
981.683
845.906
944.505
1031.97
982.666
979.309
1051.33
942.706
970.089
952.346
959.495
849.235
947.402
946.21
914.739
928.066
944.689
880.257
958.632
963.421
974.407
1003.45
794.582
948.167
989.044
901.756
768.64
793.926
970.585
780.71
829.867
960.805
787.466
782.335
760.251
956.076
824.788
761.412
832.07
797.417
1065.3
1070.58
829.621
1034.91
835.025
991.163
1055.08
826.365
1063.57
799.413
1029.05
843.811
1007.49
794.329
1066.88
1053.58
1063.67
1033.32
834.102
879.057
836.332
807.57
923.076
771.047
935.605
827.587
995.53
1008.21
1054.73
1063.05
1010.09
944.539
826.382
1030.16
924.543
873.788
931.901
994.692
868.197
856.125
1051.66
863.716
875.934
1040.27
955.662
966.458
874.17
929.12
929.638
957.06
933.091
946.907
824.241
830.486
969.331
979.994
832.097
958.998
825.974
1004.01
989.054
829.225
1040.01
861.119
953.907
958.96
1035.56
870.369
842.657
809.517
943.273
1001.27
889.234
828.552
925.356
841.919
968.796
847.994
945.391
1048.5
1009.19
848.233
961.718
946.938
986.263
928.569
976.561
953.912
827.459
824.096
828.037
947.254
826.571
942.059
831.278
961.774
971.146
927.685
965.554
945.523
941.737
862.054
988.922
831.053
965.476
829.083
831.279
827.898
826.887
943.766
941.964
935.809
826.673
848.128
839.054
1061.49
1017.12
829.366
861.279
833.263
1030.22
829.515
1024.03
1041.98
830.984
828.315
845.17
829.656
1066.62
1054.33
862.334
998.718
987.528
1036.75
829.121
840.039
856.77
857.661
1019.28
1001.36
974.094
871.913
1007.47
968.361
925.46
862.674
861.78
851.392
865.883
1022.87
873.159
1026.23
994.936
934.205
888.401
922.367
889.894
878.921
922.758
900.284
868.259
939.383
884.718
949.17
867.659
868.517
945.667
942.947
868.264
1048.61
968.897
860.016
1044.21
911.1
1036.14
907.022
1001.46
928.439
928.918
890.202
860.424
862.228
1017.71
954.894
944.335
980.147
840.237
983.857
1017.15
919.385
901.871
1003.5
872.305
1040.44
931.718
928.16
1004.7
1007.54
1000.25
873.934
930.673
931.497
930.072
870.275
1059.56
869.228
1065.43
1057.47
1021.53
966.46
1056.39
932.101
873.555
877.47
866.371
869.771
926.353
937.728
870.689
925.232
957.519
827.381
828.345
943.015
940.183
940.503
880.008
843.34
867.538
854.369
865.168
1013.66
1030.83
964.914
828.462
861.288
826.417
1006.96
859.371
857.782
1044.98
1015.5
963.683
861.288
866.539
860.213
827.312
950.077
956.641
982.444
855.367
869.649
888.137
976.455
973.841
990.716
1015.3
998.685
874.841
1014.43
903.861
1027.1
908.645
893.205
1027.01
895.469
913.445
912.623
1053.39
1028.78
1029.16
1057.51
886.931
904.873
889.906
1026.3
920.922
990.966
924.343
1015.6
886.333
936.118
916.419
1012.4
915.205
912.668
926.658
989.962
903.311
853.704
890.084
903.288
936.063
891.131
935.497
902.473
916.404
923.704
914.471
914.61
911.963
859.618
1036.89
869.745
930.528
1049.6
1028.35
871.458
912.009
1040.35
938.829
866.725
921.295
947.586
949.03
928.398
944.39
870.014
867.35
893.296
908.325
959.642
923.884
925.065
865.039
881.807
941.587
866.984
929.807
1011.43
861.344
862.229
963.576
858.364
861.392
1004.41
998.508
857.144
1020.6
889.294
971.739
888.346
936.178
909.673
977.372
844.534
858.911
906.098
914.545
891.837
1045.25
1015.53
1008.66
1031.53
884.755
882.425
910.484
993.932
916.122
870.504
882.128
928.543
903.929
885.923
943.07
910.299
974.593
902.442
890.163
892.968
983.903
940.678
934.986
890.883
896.561
896.786
1004.56
913.618
894.865
1045.29
886.77
903.746
924.701
1011.83
986.755
938.067
1020.97
856.327
854.11
979.212
890.577
1000.71
995.312
887.165
931.154
1010.4
879.624
1022.41
886.153
890.439
1031.37
911.747
1037.58
894.822
1041.61
914.42
1056.12
893.645
892.63
890.873
1043.47
911.803
880.514
913.569
959.012
913.914
910.575
963.05
986.461
954.206
937.659
981.683
906.509
958.919
902.492
915.837
904.079
968.941
951.636
907.488
909.098
935.153
930.862
962.975
933.675
902.853
924.674
916.446
907.952
921.485
917.341
943.627
902.536
934.43
919.614
902.909
918.854
906.02
881.573
937.732
881.868
978.819
1044.1
879.625
980.359
949.944
966.169
880.538
946.842
883.044
944.773
904.085
904.262
918.248
971.566
902.727
935.116
904.035
891.566
879.799
904.291
