695.458
760.852
613.688
557.576
1003.13
945.21
936.677
694.588
692.008
687.725
681.754
674.113
664.821
653.915
641.446
627.397
612.006
595.042
576.826
577.452
597.11
613.53
633.256
641.605
661.51
667.573
682.055
692.1
704.299
707.591
720.691
728.08
726.783
736.187
734.811
747.092
744.401
750.457
748.797
757.226
748.809
754.569
754.361
754.339
758.867
751.588
754.803
757.721
762.045
756.28
764.577
763.3
763.382
760.983
753.893
758.672
754.936
759.271
749.545
763.369
759.009
753.031
768.08
746.293
755.167
753.148
751.428
741.758
748.283
769.926
754.547
769.273
786.052
761.425
765.52
769.037
776.212
749.721
795.572
784.305
791.752
797.318
786.557
828.729
810.94
819.59
812.467
834.529
801.158
772.931
788.792
783.208
791.583
766.56
826.276
797.349
857.761
836.677
842.819
837.211
868.39
799.497
814.283
807.466
800.183
807.518
724.88
740.912
738.362
673.848
622.698
669.773
675.596
650.205
645.044
694.647
733.219
682.347
559.176
612.385
656.286
684.491
709.499
724.703
738.904
747.453
753.563
757.196
759.374
760.498
797.414
830.791
862.004
890.134
915.725
938.593
958.913
976.808
992.427
1005.94
1017.51
1027.31
1035.52
1042.28
1047.77
1052.14
1055.53
1058.1
1059.98
1061.28
1062.12
1062.59
1062.75
1062.67
1062.41
1061.99
1061.45
1060.78
1060.01
1059.13
1058.13
1057
1055.7
1054.21
1052.51
1050.58
1048.41
1046.01
1043.4
1040.62
1037.71
1034.75
1031.79
1028.91
1026.17
1023.62
1021.31
1019.28
1017.59
1016.22
1015.13
1014.26
1013.59
1013.09
1012.73
1012.46
1012.24
1012.03
1011.8
1011.52
1011.17
1010.76
1010.27
1009.7
1009.06
1008.37
1007.62
1006.82
1005.99
1005.11
1004.18
1003.19
1002.12
1000.92
999.579
998.049
996.297
994.272
991.911
989.143
985.89
982.073
977.605
972.387
966.316
959.277
951.151
941.811
931.126
918.967
905.207
889.726
872.415
853.186
831.978
808.674
783.502
755.951
726.949
800.948
773.67
797.609
1052.68
1026.36
1051.06
975.972
747.788
793.308
1046.83
1030.02
706.142
1007.4
854.432
816.456
858.035
970.821
818.368
940.311
1009.46
888.346
824.14
1005.17
823.038
811.301
1010.46
693.112
758.01
889.283
779.418
791.206
787.247
791.878
789.868
1061.25
1060
1019.44
1061.27
1057.64
803.946
1015.7
865.12
850.25
830.662
1000.49
987.543
996.423
785.602
1013.27
673.486
807.281
682.534
711.266
792.518
639.239
653.102
1011.73
786.749
726.082
792.42
1056.94
844.952
1041.76
798.143
1003.46
590.033
796.708
634.516
754.302
717.704
722.448
599.243
829.843
655.467
676.819
742.148
851.848
914.942
1008.58
831.53
825.963
992.658
828.447
980.488
845.819
957.739
826.919
917.519
1010.05
836.381
800.848
1010.91
1006.71
821.817
866.48
797.685
1002.54
999.302
867.551
733.99
800.301
771.52
1041.27
753.087
1055.48
764.461
937.819
1005.03
794.696
1058.77
789.325
1050.96
1038.95
1036.01
782.485
1027.11
794.238
1024.34
1060.99
1060.03
1059.32
797
790.854
781.932
737.918
668.068
573.634
725.558
618.298
816.671
1055.1
1048.06
791.206
829.668
1024.73
829.226
1033.94
1002.4
764.067
879.873
824.815
820.722
1055.6
1057.05
873.94
995.591
786.341
887.005
680.251
692.478
738.479
811.132
639.875
626.875
861.025
782.004
710.875
830.615
912.66
688.212
619.351
778.655
871.059
958.113
840.374
929.65
964.763
852.748
984.297
830.547
994.674
845.879
976.028
1008.02
841.727
829.377
855.463
990.306
949.631
833.084
825.769
824.344
903.792
1005.96
873.076
997.954
864.726
1001.56
1009.06
1014.36
797.12
827.569
1010.27
819.434
781.015
1011.25
1012.4
794.138
810.083
1010.66
793.612
803.218
1009.79
819.943
745.84
820.169
801.094
1004.34
717.041
1017.41
796.234
792.384
803.836
1016.58
1034.53
1046.73
991.554
1054.18
1054.42
793.195
1049.02
781.049
1056.63
1060.83
777.332
1044.4
1033.01
798.409
767.32
1060.56
1021.77
792.164
795.223
1061.38
1058.53
794.538
822.314
1021.73
771.867
703.111
681.412
715.481
788.486
636.737
795.129
710.744
664.171
745.56
750.948
1023.37
1047.76
973.421
829.104
1053.14
783.945
866.99
827.975
979.525
960.109
839.529
886.066
1015.97
900.812
925.229
1003.98
865.154
885.638
1004.99
999.403
840.961
826.055
824.554
1013.86
819.621
1010.25
889.763
989.847
828.823
1007.49
1005.75
883.331
851.687
813.342
826.598
764.559
749.79
713.225
935.479
1003.01
872.505
846.034
842.636
772.232
830.243
819.251
1054.88
825.622
829.274
1056.7
1057.22
1027.81
766.465
676.689
778.256
660.794
858.869
824.954
695.929
694.668
719.076
726.046
884.196
899.548
796.228
809.884
891.219
982.759
900.74
991.559
885.287
945.075
966.128
873.648
854.498
996.648
884.497
882.356
1005.13
1001
1001.73
985.518
898.737
875.459
994.397
1006.63
1004.63
971.304
830.344
894.718
856.057
869.532
783.296
1005.27
827.865
752.8
832.899
1002.24
1038.15
833.506
1056.23
1046.3
1042.06
827.988
823.758
1018.85
804.426
1050.93
1036.84
826.063
794.358
1053.4
822.262
813.831
1049.59
1056.21
828.055
1057.25
823.751
1030.9
729.731
802.224
741.217
706.608
659.364
827.964
739.154
809.524
791.6
863.962
843.885
1047.33
860.577
1040.38
823.42
876.775
863.189
1025.61
858.087
860.15
994.14
958.352
971.645
919.575
928.234
905.115
996.251
813.307
859.976
1050.29
1047.98
1050.13
921.89
982.202
915.703
987.178
860.095
994.749
715.945
874.121
997.625
836.987
848.591
1019.2
681.231
855.691
768.575
847.768
721.582
724.724
955.687
803.285
908.685
739.61
877.248
825.593
913.182
823.987
808.641
1003.54
868.504
879.394
998.539
993.468
907.252
953.132
935.817
844.096
840.817
1008.59
822.968
1006.12
1004.84
846.586
974.886
927.472
923.372
891.902
993.062
877.411
996.354
1004.35
861.398
836.791
827.49
1005.47
885.54
975.742
900.352
878.903
987.874
896.324
1000.22
1048.82
1013.69
1043.53
861.318
853.527
1039.56
1012.83
1052.1
832.227
1056.9
988.903
1051.01
1011.95
825.035
822.071
1031.48
1044.31
829.713
827.308
799.823
1054.06
1016.11
824.823
860.294
1049.47
1043.33
857.363
820.608
842.767
743.794
791.263
735.694
772.339
755.1
968.974
928.374
1018.09
1003.93
995.709
897.164
911.611
990.374
850.44
844.191
1038.63
879.354
982.82
960.942
913.378
934.565
1034.12
890.071
864.149
880.788
948.815
1032.68
953.737
856.928
1002.84
837.232
766.301
740.381
1043.19
860.074
980.135
923.982
996.914
996.476
863.722
829.153
1028.65
863.639
1009.84
857.526
1049.74
1045.57
1047.35
854.933
902.241
758.066
793.905
796.914
840.972
701.535
931.238
769.428
755.556
842.548
892.485
801.286
917.91
781.126
997.436
815.768
937.547
994.781
903.004
977.65
926.092
912.708
996.188
952.412
875.971
996.262
999.224
859.653
996.61
867.778
886.161
983.705
985.804
919.285
916.594
992.751
991.997
908.87
893.894
963.479
967.899
996.286
926.154
927.546
904.215
913.547
861.551
988.446
914.48
1038.57
859.496
859.81
860.332
1042.07
1041.99
859.58
1050.34
1048.59
859.277
862.224
1005.75
857.695
833.741
889.638
863.912
840.717
1045.14
846.438
1050.19
856.147
1044.53
1022.45
830.492
730.711
765.47
788.504
699.454
850.734
804.168
907.94
843.256
860.257
890.467
1040.16
1032.98
1014.22
886.324
981.281
887.579
895.692
941.914
889.421
872.53
1030.04
966.963
951.672
915.789
926.213
940.839
910.394
984.178
984.685
885.111
1037.06
885.77
993.612
888.047
981.278
949.465
974.863
947.306
975.426
983.989
825.34
831.529
924.193
983.652
932.135
1040.03
1007.41
877.59
814.009
855.525
810.949
737.652
868.78
777.184
951.317
775.869
759.011
867.491
898.311
826.196
906.013
984.356
881.179
862.783
1008.63
918.267
925.843
943.493
945.538
849.7
947.734
957.178
953.513
951.935
964.322
952.795
989.478
984.221
996.039
1002.57
858.951
982.05
996.663
953.939
910.476
862.479
995.332
900.038
890.422
991.211
871.781
889.965
913.527
984.604
936.412
917.892
889.047
859.576
1039.86
1037.98
888.954
1036.49
881.03
1000.7
1046.53
888.611
1026.09
859.835
1031.51
869.03
1006.87
856.865
1036.74
1038.75
1040.51
1035.02
882.75
819.968
778.345
752.852
786.868
720.521
877.696
887.868
894.283
928.037
1010.28
1024.75
1023.17
979.92
778.052
977.43
895.979
865.163
929.14
972.96
895.537
913.363
1028.41
903.497
961.024
1027.71
984.743
989.111
819.917
947.986
968.881
978.166
896.265
935.213
939.301
892.573
984.24
988.278
887.178
985.007
888.071
1017.38
997.715
886.461
1036.79
916.191
859.223
892.19
1029.2
916.259
787.572
758.505
806.5
944.142
838.469
790.756
882.797
815.91
855.366
835.282
927.362
1001.18
941.002
855.284
935.842
952.809
976.044
951.516
977.609
984.36
929.273
937.935
902.618
977.355
906.128
977.242
890.34
984.435
984.334
967.794
979.425
980.61
968.644
950.362
994.08
886.282
984.25
899.014
945.749
922.739
914.807
979.238
972.547
970.696
942.352
949.002
948.362
1040.67
1028.11
887.147
914.85
884.206
1034.09
888.169
1031.75
1035.23
885.529
889.916
864.853
890.498
1033.96
1027.58
905.357
1010.93
995.324
1035.99
885.656
875.148
800.119
910.969
1024.29
1020.3
1000.32
954.5
1021.83
982.352
966.364
910.143
912.197
811.618
837.532
950.257
877.98
992.155
1017.62
971.024
925.067
974.695
938.141
964.824
962.149
971.885
917.586
970.846
967.397
969.537
924.789
939.516
968.978
969.553
914.052
1028.79
992.9
807.332
991.065
932.993
1014.25
952.695
998.326
954.814
960.762
937.472
910.424
907.886
1020.87
972.709
965.757
913.453
795.73
874.991
961.989
884.53
855.662
911.974
857.034
990.386
922.662
906.068
960.458
951.54
967.464
872.075
939.644
934.775
944.207
887.391
1018.19
891.694
1030.07
1023.6
995.336
978.122
1026.1
970.162
957.818
963.246
930.686
916.952
966.994
976.223
951.049
966.081
985.068
918.968
943.928
978.412
970.185
972.582
965.686
948.793
919.263
911.889
901.227
1025.84
1023.99
985.917
887.633
913.946
887.853
1020.39
915.687
914.628
1028.63
1023.66
983.099
910.763
898.471
915.998
774.046
835.073
878.079
1009.63
911.641
943.897
968.376
1003.53
879.74
899.527
935.579
933.352
825.747
951.603
871.156
967.391
882.414
875.885
961.723
891.457
919.67
924.579
1007.81
971.271
979.573
1019.93
937.198
951.259
918.934
1014.75
982.646
1015.43
985.08
1013.59
926.257
971.614
979.159
1015.76
956.307
975.521
986.49
1009.86
949.969
911.144
936.374
940.853
971.954
933.751
968.915
938.179
974.329
958.619
975.029
953.189
871.141
825.284
980.419
847.851
914.983
1000.11
986.59
882.716
929.139
1013.11
971.595
934.646
960.199
969.244
969.055
957.023
969.283
947.563
921.702
969.885
973.984
976.038
963.828
965.711
911.556
966.438
969.889
927.568
975.452
1022.79
909.865
910.132
981.169
910.253
912.999
1021.17
1019.28
911.604
1024.08
922.352
996.836
937.718
960.872
954.315
898.957
793.818
811.914
941.519
908.138
911.665
1007.35
997.206
998.096
1014.84
935.885
934.239
936.581
997.893
954.913
828.238
931.302
987.239
950.199
931.856
984.224
972.127
1006.35
941.97
935.34
932.174
1008.35
980.259
966.17
932.457
934.227
857.921
918.383
900.609
897.399
1001.93
928.924
950.422
965.038
1013.22
1012.75
975.949
1014.32
911.766
911.104
1006.63
934.498
1013.71
918.786
842.786
957.372
937.292
842.907
953.569
855.594
866.392
967.041
892.073
978.004
884.122
987.203
914.416
1014.62
902.447
907.202
915.522
1010.9
955.359
932.736
955.966
1000.39
946.838
940.34
1002.74
997.118
997.224
971.803
999.602
943.693
991.578
941.898
955.797
947.734
1005.23
992.705
949.261
968.933
962.316
987.789
996.28
988.262
952.544
953.462
953.987
965.38
951.961
953.425
990.488
944.085
960.543
951.575
949.498
952.12
961.066
932.348
989.059
931.948
1007.23
995.187
931.89
996.771
993.852
1004.26
931.996
990.608
930.926
987.484
948.702
950.088
952.86
1005.83
946.626
964.075
956.556
931.954
931.772
949.582
