603.01
668.064
542.278
496.705
898.617
832.262
827.891
602.341
600.341
597.016
592.382
586.456
579.263
570.831
561.204
550.409
538.505
525.558
511.545
512.269
527.25
541.411
554.819
567.425
579.202
590.193
600.297
609.756
618.099
626.293
632.913
639.385
645.158
650.287
654.759
658.697
662.687
665.491
668.163
670.483
673.196
673.508
675.97
676.396
678.171
677.407
679.618
679.015
679.783
679.542
679.913
679.228
679.688
679.31
678.865
678.576
678.003
678.383
675.799
678.733
675.731
678.172
674.511
677.1
675.705
675.786
678.105
678.626
679.504
678.745
684.079
679.596
684.106
684.033
690.417
690.19
691.951
693.737
695.657
696.592
697.605
703.966
701.499
715.186
710.481
717.145
715.969
722.848
719.566
716.93
723.862
717.988
732.922
722.513
734.891
728.423
736.275
728.201
722.37
725.491
720.532
722.766
711.178
721.652
711.293
708.518
701.032
696.203
682.413
686.423
667.964
660.867
643.84
638.091
609.746
599.281
579.816
562.776
562.893
578.176
594.332
608.528
620.88
632.212
641.718
649.851
656.424
661.535
665.166
667.34
697.282
724.958
751.12
775.605
798.446
819.57
838.997
856.727
872.791
887.228
900.092
911.446
921.361
929.916
937.194
943.285
948.276
952.258
955.319
957.544
959.012
959.801
959.981
959.621
958.781
957.51
955.85
953.838
951.512
948.91
946.062
943.001
939.756
936.358
932.839
929.232
925.57
921.888
918.22
914.602
911.069
907.652
904.384
901.292
898.403
895.732
893.296
891.121
889.241
887.654
886.335
885.254
884.41
883.801
883.419
883.24
883.238
883.386
883.655
884.015
884.437
884.891
885.348
885.777
886.152
886.445
886.632
886.69
886.595
886.327
885.862
885.175
884.239
883.023
881.497
879.633
877.402
874.764
871.67
868.065
863.892
859.093
853.607
847.371
840.32
832.387
823.509
813.622
802.669
790.594
777.353
762.906
747.226
730.291
712.107
692.655
672.004
650.114
627.131
708.138
683.141
709.779
934.81
910.087
941.824
855.506
659.674
705.092
924.041
902.897
613.009
884.734
732.322
736.275
760.946
846.064
691.384
812.396
883.014
761.803
747.052
885.275
733.217
719.174
881.81
600.851
657.714
774.364
694.423
707.109
707.422
707.817
701.21
958.256
954.284
891.822
958.057
947.345
706.83
887.781
763.139
758.191
767.974
882.841
866.707
878.24
710.419
884.9
640.098
691.553
617.503
614.923
689.515
559.911
569.978
882.967
714.928
634.051
709.902
950.761
753.595
916.705
708.286
884.915
602.615
696.225
600.389
648.825
619.925
623.617
528.434
723.68
574.494
588.253
665.584
729.229
797.264
883.927
737.195
756.852
873.387
763.163
857.757
744.878
831.116
717.51
789.424
882.229
725.173
717.176
881.986
885.028
742.452
759.389
708.738
884.452
881.629
756.751
643.51
706.827
687.534
928.501
666.514
941.443
672.614
818.399
885.936
709.571
953.806
704.389
931.297
913.094
909.567
697.441
899.811
706.591
896.923
957.215
956.018
952.271
705.623
704.961
676.964
645.917
581.493
582.298
626.041
543.325
721.383
949.27
930.182
691.118
735.502
898.445
733.364
908.578
880.49
666.693
773.921
737.22
729.9
949.584
953.392
787.825
878.632
682.257
771.027
592.581
600.852
636.505
713.518
560.456
621.165
749.785
670.821
647.655
711.026
793.92
601.085
544.454
678.911
746.147
837.807
724.768
801.469
839.029
747.857
862.544
764.435
876.014
760.591
852.285
884.358
739.251
763.294
760.348
870.303
822.259
741.799
699.273
743.858
776.216
885.216
763.118
880.103
759.076
883.77
883.469
886.22
708.224
736.722
881.959
723.284
715.21
882.363
883.817
708.394
715.861
881.81
708.999
708.517
882.591
729.067
651.533
746.323
707.594
885.182
624.021
889.655
706.173
709.5
708.169
898.765
919.973
935.755
871.534
938.203
946.796
709.483
927.697
699.742
944.501
957.477
690.824
920.366
906.158
709.328
678.126
955.945
894.256
706.71
704.828
958.427
949.945
706.913
730.988
895.376
668.232
608.596
591.796
632.086
684.078
557.312
693.597
639.393
621.462
642.013
646.211
906.012
937.441
851.945
737.751
942.659
711.627
742.908
736.459
858.513
835.164
753.979
780.547
891.078
789.49
797.877
879.222
760.172
784.672
877.687
880.948
748.643
735.555
733.727
887.411
736.711
883.565
796.765
871.891
738.058
880.468
878.058
765.999
754.547
703.026
707.845
657.164
681.444
621.375
815.013
880.114
767.196
751.617
741.739
675.935
737.391
724.332
947.569
734.056
734.591
952.531
953.634
901.686
669.451
588.684
667.878
576.904
746.579
716.309
607.444
641.301
621.443
634.227
758.487
772.808
725.077
737.564
780.813
862.654
790.248
874.074
795.855
818.516
842.146
786.032
762.313
879.552
778.508
775.807
877.53
880.975
880.785
866.237
794.089
792.446
877.416
879.356
878.335
848.323
740.948
784.866
756.177
769.523
683.771
877.525
736.197
656.883
737.616
882.119
924.249
737.375
951.442
926.688
919.47
737.299
733.076
892.477
708.861
936.784
912.169
734.448
697.832
946.27
727.271
717.991
933.559
951.247
734.708
953.787
735.623
905.073
629.708
693.544
655.391
611.78
575.256
720.757
640.019
730.569
688.458
762.044
746.266
938.811
762.727
922.6
721.518
780.017
761.046
901.12
759.92
737.456
873.476
835.671
851.879
808.572
822.591
798.476
870.606
705.661
762.69
945.871
941.594
945.891
821.884
865.38
819.998
871.418
764.092
870.723
619.388
783.617
880.229
738.185
752.244
894.294
592.546
741.974
697
725.985
625.015
660.424
834.357
688.398
788.643
646.035
752.929
744.784
785.922
744.838
706.731
879.684
764.062
783.993
880.686
873.753
801.415
827.309
808.724
750.473
744.537
881.806
737.205
878.604
877.967
754.615
856.012
823.826
814.236
788.778
875.902
792.535
870.423
878.765
757.833
739.759
736.877
877.694
781.226
853.763
787.653
775.726
869.313
797.968
881.037
941.734
894.817
931.434
760.027
757.042
915.813
888.043
939.827
737.791
952.871
867.874
942.357
885.39
734.329
735.797
915.799
923.108
737.648
735.715
703.733
945.25
889.732
733.609
759.817
944.795
929.139
761.263
710.622
727.829
641.003
692.216
660.558
663.243
649.794
846.305
802.654
899.262
880.992
872.295
791.951
809.216
873.686
729.693
752.961
928.571
777.881
863.888
842.912
803.956
825.218
911.941
784.433
770.032
778.551
833.603
917.192
846.741
760.59
878.657
727.637
659.436
640.663
938.527
769.792
862.754
822.074
871.425
870.59
762.366
727.715
904.679
761.16
885.181
759.681
943.84
934.913
939.736
758.662
781.39
680.083
714.789
683.38
720.582
609.106
809.525
666.455
653.823
757.53
767.134
697.9
791.941
677.94
876.046
714.571
812.345
873.15
796.921
859.592
823.3
812.831
871.381
828.786
775.253
870.96
874.714
762.764
871.588
771.467
781.337
867.337
870.032
821.537
820.494
873.937
874.004
804.18
788.7
841.781
847.183
870.431
817.82
820.555
796.288
802.802
765.119
872.517
818.317
919.137
759.578
763.245
763.479
930.191
925.976
763.107
946.164
943.178
762.467
762.46
880.537
760.571
733.277
784.101
761.518
742.334
935.009
749.603
945.195
760.11
932.139
897.661
717.689
630.839
677.193
676.777
606.671
735.835
697.015
783.878
735.16
754.494
785.77
934.88
918.932
891
786.276
864.174
782.827
792.817
820.128
785.785
768.68
912.569
850.557
849.061
805.322
814.482
836.433
802.235
860.85
861.5
784.871
930.442
782.942
871.543
787.153
860.722
849.157
859.138
844.941
861.369
861.729
736.012
713.075
801.785
863.753
821.44
935.019
884.219
775.209
713.694
740.129
695.471
637.135
750.768
697.629
828.78
671.447
656.572
745.099
793.525
718.091
780.138
862.122
781.67
768.066
888.405
794.444
812.955
827.771
821.054
742.484
826.871
838.228
841.696
838.022
847.129
848.099
873.24
860.732
871.861
877.734
761.441
864.058
870.93
844.466
806.745
768.019
872.767
794.372
784.993
873.932
772.714
785.014
816.174
868.627
828.416
821.609
788.362
763.209
931.369
924.301
783.628
915.584
779.936
878.056
937.477
785.472
908.865
763.463
908.303
764.548
882.365
760.033
924.979
933.856
933.376
924.361
782.056
702.596
668.832
648.953
698.016
623.949
759.372
786.489
786.803
813.971
890.112
907.658
901.696
864.282
671.033
854.375
774.259
753.538
809.641
855.801
788.143
805.535
918.697
797.97
847.449
921.715
863.131
868.625
703.864
832.064
852.131
869.202
772.291
812.586
833.952
790.86
861.156
866.508
785.851
862.172
785.401
894.479
875.365
782.386
929.021
805.875
748.182
771.963
924.103
809.448
677.119
654.402
717.675
820.929
720.127
684.797
759.35
708.026
753.043
726.956
804.037
879.799
824.581
748.844
820.833
832.905
860.503
836.345
864.067
863.544
817.811
831.317
797.538
870.538
799.569
862.927
789.701
861.028
861.581
851.998
858.597
864.29
853.157
849.306
871.407
784.338
860.767
795.113
842.696
811.403
805.534
864.154
857.804
857.087
838.394
848.734
846.864
934.616
909.099
786.7
804.415
783.784
921.786
783.208
915.959
929.546
785.435
785.776
759.627
785.433
920.427
916.187
800.387
887.625
873.157
926.866
782.174
772.014
686.95
806.687
917.745
906.715
878.762
839.861
911.528
862.513
852.181
803.055
802.953
700.777
725.285
831.192
767.658
874.429
900.714
852.382
816.214
871.741
823.938
853.784
850.047
868.232
810.913
850.193
860.727
850.391
816.135
826.65
849.103
849.015
807.276
920.604
871.892
693.96
869.198
819.468
902.038
838.53
888.128
840.263
847.19
823.072
806.071
803.129
915.615
854.291
848.356
791.805
686.474
770.573
838.6
762.882
735.631
801.134
745.005
868.035
802.336
784.584
842.014
833.669
849.315
761.008
821.985
816.179
827.415
778.677
899.475
783.628
914.755
908.663
879.222
866.855
912.944
852.421
843.545
850.814
820.072
810.296
852.057
871.185
836.449
852.491
862.759
808.453
840.317
863.765
849.471
858.217
856.192
847.976
812.304
804.912
795.158
905.476
918.564
865.928
786.719
803.732
785.818
898.057
806.319
806.001
921.71
916.086
863.555
802.298
791.798
806.072
666.547
734
760.82
889.168
806.405
830.184
862.892
882.061
767.38
785.566
817.9
810.819
710.082
828.639
752.197
844.442
763.378
760.203
841.909
776.807
803.724
809.491
888.05
851.2
859.769
903.272
824.182
838.063
808.939
906.05
866.711
897.095
870.331
907.391
818.023
852.199
862.415
910.738
838.952
858.322
873.221
903.899
838.304
804.92
822.03
829.4
854.417
820.347
852.045
826.283
871.711
845.997
872.251
841.879
750.018
713.518
857.866
735.554
793.976
879.171
867.588
773.259
814.83
899.032
851.137
822.954
848.27
849.721
850.344
842.897
849.018
833.282
814.039
865.403
870.889
857.162
851.482
852.61
804.748
858.428
849.192
817.94
871.703
913.932
802.199
805.472
861.865
806.132
803.183
909.265
903.984
807.063
918.137
812.946
875.426
824.042
844.991
839.144
780.358
683.378
699.216
829.683
790.471
800.273
889.839
882.951
885.856
904.457
823.748
823.074
823.747
889.553
837.179
713.923
823.835
875.611
839.017
824.138
864.723
854.764
896.788
830.392
821.193
820.53
901.44
861.221
849.893
819.722
822.687
739.492
802.544
782.296
783.543
882.944
820.883
838.058
852.348
907.657
893.209
857.624
907.044
806.917
805.463
885.52
820.667
908.249
799.048
725.435
841.302
816.577
727.546
832.21
739.731
750.48
845.466
773.279
856.579
768.864
866.249
797.551
896.308
789.474
795.053
804.853
895.035
839.305
822.51
839.185
883.038
834.726
828.063
886.711
890.352
878.849
851.777
894.812
832.962
887.684
831.869
838.148
837.797
892.415
887.799
838.945
851.674
846.686
877.819
891.833
879.879
838.368
837.772
836.334
848.531
836.11
835.928
884.719
832.087
845.046
835.337
836.15
835.365
844.973
824.308
882.105
824.241
899.089
875.042
822.454
891.237
874.764
889.765
823.628
871.105
823.503
867.843
838.615
839.335
835.655
894.673
834.026
848.203
841.406
819.816
822.943
839.204
