879.64
903.332
998.4
676.441
1092.42
1085.54
957.817
878.669
875.523
869.939
861.602
850.159
835.226
816.269
792.886
766.317
741.912
721.892
660.097
714.077
725.142
718.739
798.383
777.405
648.828
682.875
678.4
645.426
632.322
628.75
622.802
621.34
618.894
615.936
610.544
597.35
546.736
378.322
364.057
403.658
381.346
380.092
379.084
379.272
379.464
381.08
380.261
384.426
380.182
385.323
381.97
396.78
386.908
383.968
414.52
417.836
422.214
428.46
454.789
447.578
455.094
456.554
458.246
459.675
461.174
466.717
477.45
908.12
1117.81
935.673
964.318
1008.03
1030.98
1041.78
1046.55
1048.6
1049.46
1049.82
1049.96
1050.02
1050.05
1050.06
1050.06
1050.06
1050.06
1050.06
1050.06
1050.06
1050.06
1050.06
1050.06
1050.06
1050.06
1050.06
1050.06
1050.06
1050.06
1050.06
1050.06
1050.05
1050.04
1050.03
1050
1049.94
1049.84
1049.66
1049.38
1048.91
1048.17
1047.06
1045.45
1043.18
1040.08
1036
1030.8
1024.5
1017.06
1007.3
1006.18
1013.67
1017.32
1017.94
1015.04
1007.74
992.444
961.936
931.513
916.824
909.059
904.729
942.467
983.912
1013.33
1036.92
1055.36
1069.1
1079.03
1086.03
1090.85
1094.06
1096.13
1097.42
1098.19
1098.64
1098.9
1099.04
1099.12
1099.16
1099.18
1099.19
1099.2
1099.2
1099.2
1099.2
1099.2
1099.2
1099.2
1099.21
1099.2
1099.2
1099.2
1099.2
1099.2
1099.2
1099.2
1099.2
1099.2
1099.2
1099.2
1099.2
1099.2
1099.2
1099.19
1099.19
1099.18
1099.17
1099.15
1099.13
1099.1
1099.06
1099
1098.92
1098.79
1098.63
1098.4
1098.12
1097.75
1097.31
1096.78
1096.18
1095.49
1094.74
1093.93
1093.07
1092.16
1091.21
1090.24
1089.26
1088.29
1087.35
1086.47
1085.66
1084.93
1084.29
1083.72
1083.25
1082.9
1082.66
1082.5
1082.41
1082.35
1082.32
1082.29
1082.26
1082.19
1082.01
1081.64
1080.92
1079.62
1077.41
1073.85
1068.42
1060.48
1049.27
1033.96
1013.84
988.757
958.474
917.183
592.875
668.616
528.462
1099.09
1097.32
1098.93
1086.07
683.507
579.001
1099.09
1099.08
701.436
1090.88
1058.72
1059.44
1059.37
1079.84
1054.64
1078.63
1094.76
1066.44
1059.44
1087.56
1059.4
1058.01
1097.4
867.21
1017.55
1037.4
587.054
492.702
594.702
613.952
502.035
1099.08
1099.09
1099.02
1099.08
1099.09
761.541
1098.95
1059.44
1059.44
1059.43
1082.74
1079.98
1080.87
938.281
1098.84
1039.39
1012.11
1026.21
895.938
954.763
694.542
792.997
1098.6
1020.47
697.044
548.846
1099.04
1059.44
1099.09
495.84
1085.41
1025.06
943.434
1022.55
956.429
905.057
911.377
674.713
984.615
678.773
684.761
1049.05
1047.47
1055.72
1092.94
1059.43
1059.43
1080.23
1059.42
1079.88
1059.2
1079.64
1057.47
1075.24
1096.27
1059.19
1051.51
1098.15
1089.79
1059.44
1059.44
600.914
1084.43
1082.03
1059.44
695.453
598.686
655.622
1098.53
680.161
1099.09
677.381
1069.33
1094
499.554
1099.07
493.649
1099.09
1099.09
1099.08
547.348
1099.07
586.681
1099.06
1099.09
1099.08
1099.09
597.446
491.584
986.169
1024.35
821.214
1014.99
915.36
743.187
679.897
1098.7
1098.72
729.107
772.704
1098.7
793.21
1098.72
1086.82
742.793
1069.58
627.378
628.484
1098.72
1098.72
1069.57
1075.78
1031.3
1039.06
781.574
852.562
934.7
710.811
767.308
1032.8
1013.88
986.95
1044.8
1032.21
1056.85
707.34
692.589
1052.27
1058.59
1079.14
1058.23
1077.39
1079.79
1059.31
1079.91
1059.43
1080.49
1059.43
1079.86
1091.94
1059.02
1059.43
1059.4
1080.08
1079.3
1059.44
1056.32
1059.44
1071.77
1088.68
1059.44
1081.4
1059.44
1083.53
1093.89
1098.91
854.382
1059.42
1096.88
1058.84
1041.46
1098.41
1098.74
983.446
1056.04
1097.82
584.021
591.518
1095.56
1059.34
688.286
1059.44
604.084
1086.47
694.616
1098.99
675.877
534.833
576.446
1096.05
1098.09
1098.79
1090.83
1099.09
1099
518.936
1099.09
516.811
1099.09
1099.08
623.456
1099.09
1099.08
494.415
674.07
1099.09
1099.04
491.514
591.888
1099.08
1099.09
602.146
622.091
1098.69
1004.77
883.549
846.518
1026.95
967.794
767.286
947.281
1036.84
1032.88
944.912
952.148
1097.01
1098.56
1086.18
635.817
1098.72
1061.84
1052.69
707.505
1072.29
1072.28
1068.28
1069.44
1098.01
1069.56
1070.39
1091.16
1069.56
1069.57
1095.5
1080.67
1066.66
621.696
816.925
1098.61
879.885
1098.49
1069.56
1072.97
974.446
1098.3
1097.68
1041.98
721.665
1013.15
1026.84
962.677
1053.76
782.467
1070.03
1088.33
1069.57
1069.03
1055.11
736.452
679.345
659.617
1098.72
797.334
782.166
1098.72
1098.72
1098.71
1036.32
822.056
982.156
776.729
1016.27
993.916
783.604
1040.99
903.063
777.054
1060.22
1065.27
1064.4
1066.22
1069.5
1072.36
1069.57
1073.42
1069.56
1071.98
1072.28
1069.57
1068.81
1076.79
1069.58
1069.58
1096.24
1083.71
1085.27
1072.49
1069.57
1069.57
1074.87
1098.15
1093.59
1072.27
1013.96
1069.53
1069.48
1069.13
732.131
1096.84
724.69
752.755
666.708
1093.81
1098.18
654.845
1098.71
1098.72
1098.72
630.56
619.853
1098.67
719.018
1098.72
1098.72
760.648
726.426
1098.68
641.383
697.99
1098.72
1098.72
788.633
1098.72
624.319
1098.71
921.037
1023.19
1038.06
880.233
794.157
987.861
813.722
1068.41
783.945
838.614
746.289
1098
782.179
1098.05
770.526
1075.59
893.915
1098.04
927.506
1042.12
1079.29
1058.71
1058.62
1076.86
1076.99
1077.01
1092.88
1043.99
727.037
1098.03
1098.03
1098.06
1076.93
1060.01
1077.01
1062.64
1022.29
1096.84
871.759
1069.57
1077.95
760.419
728.156
1098.02
808.16
1020.74
1058.33
1041.83
816.891
1047.95
1079.51
1006.94
1058.7
765.78
1049.1
1071.28
1068.47
1067.46
775.634
1089.79
1069.57
1069.57
1079.26
1076.85
1077.01
1072.21
1071.45
1068.31
1062.97
1098.39
927.461
1097.95
1094.61
1069.34
1058.72
1076.99
1076.93
1076.15
1074.08
1069.56
1094.96
1092.43
1069.54
1039.78
692.709
1097.32
1069.57
1072.26
1069.55
1069.32
1072.7
1069.56
1082.16
1098.02
1095.78
1098.43
906.78
718.032
1098.72
1097.98
1098.72
643.282
1098.71
1090.76
1098.64
1098.56
620.086
841.568
1097.75
1098.72
631.412
742.958
723.435
1098.72
1098.63
803.102
915.894
1098.04
1098.05
719.844
1002.94
1033.25
927.431
1046.88
1045.44
974.127
947.384
1086.32
1058.58
1096.42
1096.92
1086.22
1076.98
1076.99
1067.94
1026.08
1073.31
1096.95
806.047
1067.4
1038.05
1081.44
1083.05
1098.05
975.943
1066.91
1076.49
1082.88
1097.53
1082.96
945.24
1097.66
1055.45
946.117
853.23
1097.35
1074.68
1059.48
1076.94
1096.67
1095.7
818.347
767.867
1098.04
877.581
1097.94
931.527
1098.03
1098.05
1098.04
717.104
1060.87
1052.99
1064.48
998.153
1031.82
815.303
1071.08
798.902
807.104
1073.3
1053.62
779.009
1057.86
790.675
1093.45
772.911
1058.86
1081.75
1077
1058.91
1076.96
1076.97
1089.98
1058.82
1075.91
1091.55
1097.42
999.189
1096.87
1072.12
1076.76
1060.43
1061.22
1076.93
1076.99
1074.44
1072.13
1077.01
1076.96
1058.63
1058.62
1094.03
1076.96
1076.97
1076.51
1076.72
1042.47
1064.38
1076.99
1098.05
922.432
732.125
746.46
1097.9
1098.05
767.666
1098.05
1098.02
722.833
798.974
1098
958.476
764.598
985.557
858.606
754.329
1097.97
736.905
1098.03
717.945
1098.05
1098.03
1039.28
902.189
1047.4
985.446
838.472
1026.75
843.401
1038.89
831.114
823.675
930.67
1096.92
1097.03
1096.98
815.876
1059.54
1003.47
1076.69
1038.49
891.479
816.421
1097.05
1038.65
1082.9
1022.26
1082.95
1082.96
1082.45
1092.89
1086.7
809.36
1096.91
1016.24
1096.65
1044.66
1094.94
1082.83
1046.5
1083.02
1041.87
1094.76
1068.83
1016.75
1072.11
1071.53
1083
1097.06
1096.95
808.678
1056.57
1053.05
1003.47
884.979
1049.71
1059.36
1080.02
851.507
853.712
1032.28
1080.45
836.181
1056.37
1090.62
1078.9
1076.57
1095.28
1039.13
1082.03
1082.71
1058.92
828.842
1038.17
1037.97
1082.96
1082.94
1038.56
1082.92
1066.11
1090.36
1088.22
1097.75
976.96
1063.39
1096.26
1082.94
1076.99
1057.48
1084.09
1076.97
963.404
1069.96
1074.7
1076.9
1076.97
1060.33
1083.06
1076.96
1054.92
755.896
1096.97
1097.77
993.021
1098.05
804.774
1096.87
1098.04
872.591
1097.12
738.568
1098.04
819.331
1097.87
936.453
1096.93
1096.82
1096.97
1096.99
805.676
1017.45
968.399
918.458
1055.81
848.448
1045.81
836.265
1080.43
1084.88
1095.49
1096.52
1097
1053.05
898.82
1090.25
1013.29
888.743
1011
1087.56
880.618
952.708
1095.47
878.052
1087.77
1095.4
1078.75
1095.35
996.358
1010.63
1050.22
1087.55
1038.14
1038.87
1082.99
1071.58
1093.76
1096.08
1034.18
1084.46
857.025
1096.99
1096.8
1006.6
1096.98
1012.81
1065.09
1062.74
1095.79
1070.5
960.524
893.744
1063.02
1080.37
1004.51
847.396
1036.13
839.389
1071.52
833.032
1039.1
1094.48
1085.92
826.144
1082.42
1038.01
1087.61
1011.7
1087.58
1075.39
1082.95
1083.03
1081.28
1087.5
1082.01
1045.29
1064.17
1088.69
1094.4
1043.64
1094.19
1056.13
1037.29
1082.83
1096.79
1024.22
1091.79
1079.69
1082.95
1082.93
1082.73
1050.4
1039.97
1033.71
1082.91
1082.88
1083.04
1096.97
1097.04
821.595
1029.35
807.567
1097.02
998.736
1097.05
1096.63
811.58
910.949
821.251
948.088
1096.87
1095.48
877.995
1096.98
1096.75
1096.99
1010.19
812.087
984.778
888.645
1095.47
1095.62
1095.5
1087.57
1095.51
1095.31
1032.79
1053.36
1043.91
899.751
895.697
1088.06
884.515
1090.99
1095.68
1063.04
937.082
1087.51
1041.85
1087.77
1015.57
1087.7
1078.07
1079.71
1087.51
1091.42
1085.56
1087.38
1089.53
1086.76
1064.97
1095.48
1095.43
970.911
1093.28
976.332
1093.53
1026.68
1090.95
1013.59
1018.17
1048.78
885.441
881.515
1094.86
1093.51
1091.63
1072.73
900.238
1076.62
1086.24
1013.53
1009.64
1083.08
890.252
1092.84
1011.81
1012.84
1086.99
1086.53
1087.3
886.666
1009.88
1010.37
1010.4
880.83
1096.13
880.649
1096.76
1095.45
1091.02
1087.54
1095.48
1056.99
1087.65
1087.79
1086.82
1074.42
1037.79
1087.44
1087.52
1029.12
1081.84
1082.86
1082.89
1047.93
1082.42
1038.75
1087.66
1082.98
1081.42
935.579
878.596
1097.03
1094.99
1095.29
828.179
1035.13
844.975
1096.99
986.579
970.009
1095.47
1095.5
1095.18
1046.44
879.162
1000.63
930.635
1064.87
1064.23
1095.53
904.429
1087.5
1087.47
1095.5
1072.72
1078.6
1086.05
1080.27
977.42
1085.72
982.337
1089.43
981.241
939.191
1089.19
936.548
975.17
974.963
1094.73
1089.86
1090.34
1095.36
1021.79
1016.79
934.022
1093.5
1091.25
1095.65
1091.3
1093.48
935.529
1068.3
1091.1
1094
1060.16
1090.98
1091.24
1093.63
1001.69
921.542
1054.23
1086.41
1093.26
1066.01
1093.16
1080.76
1087.59
1011.22
1087.91
997.481
1012.56
897.671
1091.81
892.599
1012.41
1094.17
1090.72
881.649
975.773
1093.56
1076.61
1087.1
1011.45
1090.6
1091.67
1014.83
1088.33
1087.51
1083.92
1087.54
1087.89
1094.27
1019.39
1026.01
1058.73
1087.56
1084.83
1086.4
1087.47
1095.51
1049.26
885.821
1095.07
885.056
1039.84
1095.57
1095.67
893.458
1095.36
935.751
1095.49
1032.51
1090.95
1036.81
1073.02
938.732
942.947
1085.27
977.856
932.826
1093.47
1091
1090.96
1093.52
1009.02
995.251
977.635
1090.91
1069.62
944.436
943.901
1091.13
997.591
944.172
1093.55
1090.93
1093.55
1087.84
1058.8
1073.2
1093.55
1093.49
1092.94
1068.27
1076.67
982.434
1082.98
978.725
934.545
1093.22
939.439
1008.42
1022.93
1093.5
1095.6
1093.38
1093.49
898.518
911.229
1095.51
1062.74
1094.03
1079.74
980.925
1088.46
1084.67
944.568
1088.07
943.32
941.181
1090.25
979.939
1091.56
937.754
1092.34
976.679
1095.12
932.665
932.216
933.346
1093.55
1045.78
981.876
1053.48
1093.78
990.052
980.35
1093.82
1090.89
1093.67
1072.78
1091.6
978.536
1090.45
972.231
1065.33
983.382
1093.71
1091.16
986.957
1090.95
1092.14
1091.03
1091.55
1090.93
1090.5
1086.1
1073.2
1090.94
1084.27
1076.35
1090.97
1089.03
1091.37
1082.55
1090.28
1080.91
1090.84
952.492
1090.9
947.925
1093.53
1092.86
970.625
1090.96
1093.58
1093.78
956.477
1093.54
941.731
1093.54
986.453
993.845
1078.93
1093.62
1089.82
1092.63
1090.68
1070.66
962.354
990.129
