818.827
871.334
969.214
605.421
1085.77
1019.36
882.56
817.314
812.9
805.61
795.482
782.601
767.038
748.915
728.782
708.131
686.515
653.94
648.575
618.515
637.513
664.648
639.029
650.473
711.822
686.082
689.957
700.885
700.17
695.927
693.428
688.223
683.338
677.788
672.052
662.574
643.921
679.598
642.852
591.624
586.436
564.686
373.024
369.013
363.761
363.007
363.138
363.253
365.546
366.011
368.092
368.577
372.092
374.548
373.234
375.059
375.781
376.989
374.761
377.012
377.446
379.242
380.747
382.587
386.171
383.277
396.004
383.963
386.96
414.279
462.785
377.723
800.323
906.261
962.32
995.634
1015.12
1025.99
1031.84
1034.9
1036.46
1037.24
1037.62
1037.81
1037.9
1037.94
1037.96
1037.97
1037.97
1037.97
1037.97
1037.97
1037.97
1037.97
1037.96
1037.96
1037.95
1037.93
1037.9
1037.84
1037.76
1037.62
1037.41
1037.09
1036.61
1035.91
1034.93
1033.57
1031.73
1029.3
1026.19
1022.27
1017.48
1011.76
1005.11
997.532
988.815
980.005
978.771
984.377
987.985
988.29
985.033
976.936
963.502
930.255
898.281
885.175
876.863
872.651
917.883
952.687
984.77
1010.14
1030.65
1047.09
1060.01
1069.98
1077.56
1083.23
1087.38
1090.37
1092.48
1093.94
1094.92
1095.57
1095.99
1096.26
1096.43
1096.53
1096.59
1096.62
1096.64
1096.65
1096.66
1096.67
1096.67
1096.67
1096.67
1096.67
1096.67
1096.67
1096.67
1096.66
1096.65
1096.64
1096.62
1096.59
1096.54
1096.46
1096.34
1096.16
1095.92
1095.6
1095.19
1094.67
1094.03
1093.3
1092.49
1091.61
1090.67
1089.63
1088.5
1087.27
1085.93
1084.45
1082.79
1080.93
1078.85
1076.54
1074.01
1071.28
1068.39
1065.39
1062.33
1059.28
1056.3
1053.45
1050.79
1048.34
1046.15
1044.23
1042.57
1041.16
1040
1039.09
1038.43
1038.01
1037.79
1037.7
1037.71
1037.76
1037.79
1037.74
1037.5
1036.94
1035.91
1034.18
1031.48
1027.47
1021.76
1013.9
1003.4
989.745
972.46
951.239
925.641
894.262
861.581
485.771
696.497
466.926
1096.42
1090.19
1095.34
1069.99
717.848
514.223
1096.38
1095.57
736.184
1059.38
1046.59
1049.57
1049.15
1034.34
1037.57
1031.04
1071.62
1011.17
1049.72
1050.1
1046.69
1008.79
1080.85
804.661
989.506
1010.63
643.616
473.034
523.946
537.132
585.248
1096.38
1096.43
1093.34
1096.41
1096.43
589.198
1091.52
1049.73
1049.72
1049.65
1038.84
1034.08
1035.29
627.176
1089.44
1015.75
948.915
999.22
835.296
930.628
719.152
741.806
1087
764.055
729.545
473.791
1096.02
1049.73
1096.28
469.899
1044.79
998.873
918.926
995.557
891.792
846.274
854.317
682.144
953.411
748.722
750.921
1028.57
987.262
1031.02
1065.72
1049
1049.7
1034.28
1049.51
1034.24
1048.33
1033.67
1043.29
1024.51
1076.7
1037.99
926.191
1084.2
1056.19
1049.65
1049.73
466.016
1042.52
1037.41
1049.73
723.479
494.682
687.355
1093.72
713.542
1096.43
708.419
1047.32
1083.11
471.769
1096.19
543.602
1096.41
1096.19
1096.05
627.469
1095.19
516.077
1094.7
1096.42
1096.29
1096.43
528.611
511.82
960.166
996.674
763.759
989.913
859.449
683.221
704.629
1095.47
1095.69
752.264
612.031
1094.46
627.055
1095.37
1050.29
762.634
1058.56
561.156
639.571
1095.7
1095.69
1058.72
1027.48
1002.22
1012.35
731.437
788.362
864.999
727.597
702.132
1007.87
985.314
923.276
1022.64
970.065
1032.2
730.745
699.559
1033.52
1000.79
1060.11
1045.19
1028.42
1034.16
1048.82
1034.14
1049.6
1034.66
1049.72
1034.34
1062.58
1047.61
1049.69
1049.37
1034.11
1032.7
1049.38
1040.79
1049.7
1018.91
1053.08
1049.73
1036.22
1049.73
1040.54
1068.75
1090.52
617.565
1048.23
1078.89
1027.46
836.525
1085.64
1088.27
664.808
977.128
1082.61
465.517
479.364
1074.28
1043.69
721.538
1049.72
486.007
1047.33
738.503
1092.47
549.393
470.641
511.615
1087.22
1092.28
1094.69
1077.49
1096.43
1095.76
466.104
1096.4
613.886
1096.43
1096.35
672.457
1096.34
1095.85
469.836
702.751
1096.43
1094.09
481.046
519.741
1096.4
1096.43
532.649
613.047
1093.89
976.442
821.453
785.204
999.674
943.85
717.791
922.931
1008.73
1004.77
877.091
886.177
1089.61
1094.64
1070.03
574.613
1095.7
1041.51
993.004
606.293
1023.4
1024.17
1053.92
1057.76
1092.47
1058.58
1019.28
1060.91
1057.31
1058.71
1072.43
1036.77
996.692
564.755
646.283
1091.14
667.685
1088.53
1058.69
1023.32
726.432
1085.43
1080.45
1015.39
707.014
983.024
962.988
893.666
1029.86
752.842
1048.04
1053.91
1058.39
1038.82
904.67
760.067
600.067
687.195
1095.7
633.181
616.396
1095.69
1095.66
1094.87
1007.56
765.105
917.009
720.258
987.749
962.899
742.313
1014.17
831.977
757.138
1003
1010.37
1045.83
1049.26
1058.11
1023.16
1058.64
1023.85
1058.69
1023.1
1024.16
1058.71
1055.41
1029.29
1058.68
1058.65
1074.7
1043.19
1046.69
1023.04
1058.67
1058.71
1025.95
1083.75
1067.17
1023.97
779.054
1058.34
1053.18
1056.48
756.582
1076.76
610.247
762.626
593.598
1082.74
1093.05
584.575
1095.56
1095.68
1095.64
563.328
589.51
1093.15
735.129
1095.7
1095.5
609.344
747.219
1095.3
665.133
717.19
1095.7
1095.7
621.455
1095.68
561.462
1095.17
850.022
993.806
1009.66
811.116
739.323
956.709
796.212
1048.51
802.205
696.704
753.349
1094.06
677.731
1094.45
788.622
1062.04
715.369
1093.94
738.499
980.13
1034.48
1007.33
1005.52
1066.17
1067.03
1067.05
1060.59
1016.32
656.305
1094.39
1094.41
1094.47
1067.09
1005.07
1067.19
1007.5
833.138
1075.48
811.795
1058.71
1031.45
770.544
724.788
1093.15
759.663
992.323
1036.18
979.812
787.224
1022.49
1060.46
942.16
1034.14
759.952
989.521
1053.24
1015.65
1051.91
796.932
1057.49
1058.03
1058.71
1033.95
1030.18
1067.13
1023.86
1021.66
1022.79
956.436
1086.94
689.247
1082.12
1069.94
1048.07
1004.98
1067.09
1066.54
1063.63
1024.74
1058.7
1065.9
1064.16
1055.91
840.052
602.779
1078.67
1058.7
1023.69
1058.48
1057.24
1023.11
1058.68
1039.86
1094.22
1086.74
1094.01
720.837
689.578
1095.58
1091.54
1095.7
578.981
1095.62
1077.31
1095.05
1089.9
573.924
655.657
1091.64
1095.67
569.713
611.087
741.474
1095.7
1092.2
639.548
726.424
1094.44
1094.46
658.636
972.128
1005.19
857.931
1019.47
1018.66
906.996
877.321
1070.08
1006.2
1088.6
1089.45
1047.23
1065.94
1067.16
1015.46
962.522
1053.54
1092.26
765.672
1011.3
981.038
1068.52
1073.99
1094.35
806.216
954.65
1050.56
1073.01
1091.89
1073.87
762.006
1086.03
1029.35
878.151
817.306
1093.23
1059.87
1004.75
1067.09
1073.02
1068.36
690.402
783.169
1094.15
709.185
1090.34
745.187
1094.31
1094.45
1094.44
674.997
1036.41
1027.63
1042.64
931.291
967.54
775.073
1049.14
803.858
801.728
1056.98
996.339
799.938
1004.25
803.577
1082.13
793.155
1007.28
1038.9
1066.88
1004.55
1067.09
1067.15
1054.54
1007.68
1038.05
1057.73
1080.86
804.727
1074.64
991.057
1058.1
1005.17
1005.52
1067.09
1067.17
1026.06
1022.2
1067.16
1064.72
1006.79
1006.18
1063.32
1066.78
1066.92
1064.78
1065.6
870.369
1010.02
1067.17
1094.43
732.168
658.035
663.213
1093.42
1094.46
671.781
1094.44
1094.39
656.168
683.897
1086.6
772.016
777.076
811.931
702.953
763.013
1093.82
740.62
1094.36
664.629
1094.45
1093.63
1011.4
835.774
1020.34
916.755
787.356
998.523
837.259
983.926
829.825
815.335
784.522
1092.48
1092.69
1091.87
736.923
1000.88
828.95
997.04
985.272
767.28
796.399
1092.7
979.347
1073.89
878.86
1072.96
1074
1060.83
1051.89
1039.16
737.76
1092.5
853.275
1081.67
899.376
1065.63
1073.84
987.314
1074.08
978.669
1060.91
1046.98
950.794
1050.18
1017.04
1073.8
1092.74
1090.58
776.776
1030.68
1026.82
935.665
829.825
1023.37
1035.64
1060.95
833.216
826.917
971.249
1066.17
835.131
1001.12
1077.01
1062.99
1058.81
1085.89
985.312
1070.21
1072.37
1007.74
825.901
984.347
982.158
1073.63
1073.39
980.373
1073.88
1012.62
1045.48
1051.1
1084.16
785.229
1005.91
1070.74
1073.75
1067.15
912.821
1043.23
1066.54
799.552
1018.66
1018.66
1062.39
1067.14
1004.63
1074.07
1067.13
919.783
666.701
1092.4
1092.82
817.302
1094.4
755.115
1087.93
1094.45
758.678
1090.54
660.086
1094.28
803.61
1088.75
752.667
1092.04
1092.33
1092.49
1092.63
747.017
951.411
899.027
854.944
1030.23
804.231
1019.35
744.638
1062.89
1071.15
1087.13
1090.23
1092.51
992.578
855.588
1076.41
959.721
866.301
958.264
1078.54
840.049
837.629
1090.03
820.586
1079.65
1090.06
1027.43
1085.26
930.519
951.552
980.447
1079.33
981.557
985.902
1074.03
970.432
1055.13
1073.82
881.817
1035.9
751.977
1092.19
1085.97
834.8
1092.6
873.057
1040.85
1038.34
1090.68
967.479
894.714
844.258
1039.17
1061.23
941.442
836.207
977.486
836.608
1049.56
832.589
985.946
1084.64
1073.65
820.849
1071.44
983.295
1078.92
950.675
1079.11
1022.58
1073.47
1074.07
1038.49
1079.33
1051.66
982.838
943.716
1042.39
1058.33
973.414
1058.63
996.497
976.353
1073.83
1079.67
866.215
1048.81
1020.16
1074
1071.96
1066.69
989.232
978.044
968.438
1073.95
1073.9
1074.1
1092.53
1092.67
739.099
883.171
741.459
1092.67
822.716
1092.72
1092.02
735.998
775.707
809.487
792.131
1091.69
1089.93
814.336
1091.38
1083.76
1092.63
842.327
787.062
916.703
805.879
1090.2
1090.43
1089.17
1079.06
1090.27
1073.81
962.496
920.325
897.807
868.092
871.043
1074.91
858.969
1082.87
1090.5
995.025
871.427
1079.4
929.938
1079.72
945.076
1079.66
995.173
1013.94
1079.43
1042.08
1042.85
1073.94
1032.3
1024.54
951.132
1090.11
1087.12
908.096
1082.91
918.355
1087.07
941.792
1083.65
950.74
952.574
934.604
807.613
811.934
1089.27
1059.41
1046.48
1050.74
863.256
1056.88
1069.87
958.271
949.486
1067.56
868.28
1081.18
959.68
960.344
1076.76
1075.4
1077.77
863.083
954.56
956.541
953.28
849.178
1088.95
844.769
1091.13
1089.46
1083.26
1079.21
1089.77
988.136
1079.38
1079.73
1063.2
980.827
967.473
1079.3
1078.59
959.018
1032.07
1070.08
1073.93
986.13
1017.17
975.922
1079.6
1074.03
1011.67
827.494
827.31
1092.61
1089.46
1082.86
741.62
887.552
747.341
1092.39
857.57
847.713
1090.14
1090.24
1079.8
902.551
833.66
865.487
870.682
1040.8
1039.89
1090.11
813.326
1076.48
1079.39
1089.63
1050.68
1058.95
1070.98
1060.95
918.148
1069.09
932.181
1075.24
932.861
901.755
1077.59
898.209
925.022
922.554
1086.84
1079.48
1080.92
1088.95
914.704
933.098
877.489
1087.21
1084.13
1090.43
1084.23
1087.24
866.016
1001.18
1083.84
1088.01
973.071
1083.5
1084.18
1087.48
921.218
820.116
938.139
1029.31
1079.75
950.92
1076.04
999.039
1079.53
943.14
1079.9
925.874
955.066
870.239
1079.72
869.926
960.373
1085.2
1082.04
853.628
920.67
1086.95
1010.76
1069.6
940.883
1037.24
1044.51
950.922
1028.38
1077.82
1028.09
1079.47
1079.9
1065.27
949.105
955.991
934.328
1079.49
1020.92
1054.43
1079.35
1090.26
909.578
811.345
1076.28
804.588
892.173
1090.35
1090.51
808.432
1090.04
874.648
1088.41
922.49
1046.45
951.234
1050.99
883.148
892.065
1021.39
930.335
884.312
1086.23
1083.46
1083.57
1087.17
904.997
894.69
916.655
1083.67
981.023
897.926
862.511
1084.04
918.615
866.295
1085.84
1083.12
1087.37
1039.64
941.798
970.447
1087.38
1084.62
1071.25
955.111
983.105
929.8
1065.7
931.663
894.795
1085.39
866.563
926.368
952.855
1087.29
1090.31
1082.63
1087.23
810.829
815.538
1089.92
946.1
1088.06
1060.25
925.226
1029.4
1067.72
901.575
1073.46
903.04
902.805
1077.65
932.583
1080.6
900.29
1082.69
928.122
1088.09
890.775
887.32
880.949
1086.7
959.473
885.145
966.623
1087.63
922.888
916.383
1087.72
1083.68
1087.42
1006.4
1084.64
908.212
1083.17
900.105
977.481
907.294
1087.6
1084.09
912.596
1082.6
1059
1083.91
1084.61
1083.79
1072.55
1017.4
984.36
1081.63
1008.65
988.434
1083.84
1050.06
1051.56
1001.68
1066.81
996.765
1079.83
868.277
1083.75
865.214
1087.35
1084.24
877.85
1083.8
1087.16
1087.69
870.13
1086.87
861.842
1086.48
909.641
915.856
992.622
1087.48
1059.27
1065.57
1076.88
961.729
873.157
912.796
