975.273
976.775
1046.34
841.552
1099.51
1099.5
1088.58
975.316
975.252
974.997
974.4
973.066
970.151
963.851
950.632
924.077
874.596
795.262
714.152
889.223
917.708
932.969
940.168
942.552
940.526
928.653
893.518
605.593
457.752
469.881
466.472
466.627
466.503
466.49
466.479
466.478
466.481
466.485
466.49
466.496
466.509
466.544
466.636
466.928
467.583
470.728
474.183
529.171
429.688
454.436
466.896
471.844
473.824
474.738
474.867
479.005
464.971
639.042
993.504
1045.67
1064
1069.67
1071.61
1072.28
1072.51
1072.6
1072.63
1072.64
1072.64
1072.65
1072.65
1072.65
1072.65
1072.64
1072.64
1072.64
1072.64
1072.64
1072.65
1072.65
1072.65
1072.65
1072.65
1072.65
1072.65
1072.65
1072.65
1072.65
1072.65
1072.65
1072.65
1072.65
1072.65
1072.65
1072.64
1072.64
1072.64
1072.65
1072.65
1072.65
1072.65
1072.65
1072.65
1072.65
1072.65
1072.64
1072.64
1072.64
1072.62
1072.59
1072.53
1072.37
1072.04
1071.31
1069.78
1066.74
1061.17
1052.69
1052.26
1060.3
1065.37
1067.23
1065.89
1060.16
1046.66
1022.31
998.021
985.275
979.728
977.422
1006.41
1046.44
1072.78
1087.05
1094.1
1097.39
1098.87
1099.51
1099.79
1099.91
1099.96
1099.98
1099.99
1099.99
1099.99
1099.99
1099.99
1099.99
1099.99
1099.99
1099.99
1099.99
1099.99
1099.99
1099.99
1099.99
1099.99
1099.99
1099.99
1099.99
1099.99
1099.99
1099.99
1099.99
1099.99
1099.99
1099.99
1099.99
1099.99
1099.99
1099.99
1099.99
1099.99
1099.99
1099.99
1099.99
1099.99
1099.99
1099.99
1099.99
1099.99
1099.99
1099.99
1099.99
1099.99
1099.99
1099.99
1099.99
1099.99
1099.99
1099.99
1099.99
1099.98
1099.98
1099.98
1099.97
1099.96
1099.95
1099.94
1099.93
1099.92
1099.91
1099.91
1099.9
1099.89
1099.88
1099.88
1099.88
1099.88
1099.88
1099.88
1099.88
1099.88
1099.88
1099.88
1099.87
1099.87
1099.86
1099.84
1099.78
1099.65
1099.34
1098.62
1097.03
1093.56
1086.24
1071.63
1045
1004.78
852.234
606.816
791.589
1099.99
1099.98
1099.99
1099.52
608.188
1056.39
1099.99
1099.99
775.623
1099.97
1079.19
1079.2
1079.2
1099.83
1079.07
1099.81
1099.98
1099.29
1079.2
1099.94
1079.2
1079.2
1099.99
997.715
1067.36
1087.14
606.833
610.892
1078.2
1079.15
606.923
1099.99
1099.99
1099.99
1099.99
1099.99
1079.19
1099.99
1079.2
1079.2
1079.2
1099.87
1099.83
1099.84
1079.2
1099.99
1076.17
1086.11
1071.62
1002.44
1013.51
776.112
947.366
1099.99
1079.2
681.028
838
1099.99
1079.2
1099.99
639.11
1099.91
1067.17
1006.65
1066.58
1044.17
1003.09
1003.55
732.532
1046.41
784.567
787.522
1078.54
1096.98
1094.17
1099.98
1079.2
1079.2
1099.83
1079.2
1099.83
1079.2
1099.83
1079.17
1099.73
1099.99
1079.2
1079.2
1099.99
1099.96
1079.2
1079.2
846.958
1099.89
1099.86
1079.2
631.508
938.149
606.806
1099.99
607.157
1099.99
606.942
1097.42
1099.91
674.593
1099.99
607.048
1099.99
1099.99
1099.99
606.851
1099.99
1071.15
1099.99
1099.99
1099.99
1099.99
1078.84
607.388
1040.15
1072.4
976.103
1058.53
1004.12
810.802
813.434
1099.99
1099.99
813.822
1072.36
1099.99
1087.18
1099.99
1099.93
828.013
1088.01
843.667
813.539
1099.99
1099.98
1088.01
1099.72
1078.87
1087.56
872.419
1013.49
1041.86
813.254
840.985
1072.97
1072.8
1071.29
1077.76
1093.49
1094.39
785.651
759.502
1078.9
1098.58
1098.88
1079.19
1099.79
1099.83
1079.2
1099.83
1079.2
1099.83
1079.2
1099.83
1099.97
1079.2
1079.2
1079.2
1099.83
1099.82
1079.2
1079.14
1079.2
1099.6
1099.95
1079.2
1099.85
1079.2
1099.88
1099.98
1099.99
1079.2
1079.2
1099.99
1079.2
1079.2
1099.99
1099.99
1079.2
1079.2
1099.99
844.194
849.21
1099.99
1079.2
610.315
1079.2
877.67
1099.92
733.85
1099.99
1079.18
823.49
1003.44
1099.96
1099.99
1099.99
1099.79
1099.99
1099.99
743.313
1099.99
606.874
1099.99
1099.99
606.814
1099.99
1099.99
617.634
606.851
1099.99
1099.99
608.299
1076.41
1099.99
1099.99
1079.07
813.742
1099.99
1056.48
1001.04
990.664
1073.53
1024.13
894.38
1008.5
1080.48
1075.36
1042.82
1043.63
1099.97
1099.98
1099.53
949.29
1099.99
1087.65
1098.4
1004.76
1099.64
1099.64
1087.99
1088.01
1099.97
1088.01
1099.6
1099.96
1088.01
1088
1099.98
1099.84
1088
818.617
1087.95
1099.99
1088
1099.98
1087.99
1099.64
1088.01
1099.99
1099.98
1088.46
952.08
1065.03
1093.25
1068.79
1086.38
877.818
1097.53
1099.94
1088.01
1087.99
1088.01
818.611
997.126
813.449
1099.99
1087.69
1082.16
1099.99
1099.99
1099.99
1082.07
983.219
1070.75
861.339
1073.53
1051.01
877.241
1081.34
1036.63
871.808
1099.11
1099.42
1087.85
1087.94
1088.01
1099.64
1088.01
1099.65
1087.99
1099.64
1099.64
1088.01
1088
1099.74
1088.01
1088.01
1099.98
1099.89
1099.92
1099.64
1088
1088.01
1099.7
1099.98
1099.97
1099.64
1088.01
1088.01
1088
1088
814.759
1099.98
1016.43
842.761
993.826
1099.91
1099.98
987.288
1099.99
1099.99
1099.99
874.802
814.267
1099.99
813.191
1099.99
1099.99
1056
813.479
1099.99
813.455
813.359
1099.99
1099.99
1085.8
1099.99
826.612
1099.99
1040.25
1072.9
1082.58
1028.99
927.784
1047.67
972.612
1093.41
958.445
1062.77
952.007
1099.97
1054.56
1099.97
951.734
1093.81
1080.56
1099.97
1093.22
1097.96
1099.85
1099.17
1099.18
1093.83
1093.82
1093.83
1099.95
1087.9
973.449
1099.97
1099.97
1099.97
1093.78
1099.19
1093.83
1099.32
1093.84
1099.96
1038.89
1088
1099.77
951.23
951.948
1099.97
950.668
1075.45
1087.22
1096.79
969.948
1084.67
1098.93
1085.73
1094.81
859.557
1098.67
1093.65
1099.55
1087.98
952.83
1099.95
1088
1088
1099.8
1099.81
1093.84
1099.64
1099.63
1087.99
1088
1099.98
1088.01
1099.98
1099.97
1088
1099.18
1093.82
1093.83
1093.81
1099.68
1088
1099.96
1099.97
1088
1088.01
999.528
1099.98
1088.01
1099.64
1088.01
1088
1099.64
1087.99
1099.87
1099.97
1099.95
1099.98
1086.41
952.341
1099.99
1099.97
1099.99
973.717
1099.99
1099.8
1099.98
1099.98
815.542
1087.98
1099.98
1099.99
912.724
1034.74
813.24
1099.99
1099.98
1087.87
1090.27
1099.97
1099.97
957.062
1057.23
1081.96
1063.05
1089.3
1086.64
1069.94
1066.92
1099.56
1099.17
1099.95
1099.92
1099.91
1093.82
1093.82
1099.55
1096.94
1096.53
1099.92
1027.79
1099.64
1098.11
1096.97
1097.01
1099.97
1091.66
1093.83
1093.77
1097.01
1099.96
1096.97
1093.74
1099.96
1093.48
1077.77
1028.61
1099.94
1093.79
1099.19
1093.79
1099.96
1099.96
1059.75
951.241
1099.97
1073.75
1099.97
1093.55
1099.97
1099.97
1099.97
953.079
1095.35
1090.15
1092.92
1085.04
1096.32
963.36
1097.71
968.394
971.877
1093.75
1098.97
954.78
1099.15
963.298
1099.89
951.969
1099.17
1099.87
1093.83
1099.18
1093.8
1093.81
1099.93
1099.17
1093.77
1099.94
1099.96
1093.84
1099.96
1093.82
1093.79
1099.21
1099.28
1093.78
1093.82
1099.76
1099.7
1093.83
1093.82
1099.17
1099.17
1099.95
1093.83
1093.82
1093.82
1093.82
1093.83
1099.39
1093.82
1099.97
1092.34
989.504
1026.96
1099.97
1099.97
1049.51
1099.97
1099.97
962.663
1057.39
1099.97
1093.79
950.883
1093.69
1067.4
951.643
1099.97
951.897
1099.97
954.456
1099.97
1099.97
1085.32
1055.04
1089.05
1083.92
1007.6
1078.46
1031.69
1098.1
1027.24
1025.81
1085.08
1099.92
1099.92
1099.92
1040.41
1099.44
1096.57
1096.98
1098.11
1081.76
1027.54
1099.92
1098.14
1096.94
1096.4
1096.97
1096.97
1096.89
1099.91
1099.86
1032.11
1099.92
1096.87
1099.92
1097.04
1099.89
1096.91
1098.52
1097
1098.33
1099.92
1095.99
1095.27
1097.9
1099.71
1096.99
1099.93
1099.92
1027.6
1093.76
1092.54
1091.62
1053.07
1091.24
1091.98
1099
1033.72
1032.28
1097.66
1096.96
1028.52
1099.1
1099.79
1096.91
1096.79
1099.94
1098.11
1096.96
1096.99
1099.17
1026.87
1098.1
1098.1
1096.99
1097
1098.15
1096.95
1099.47
1099.9
1099.92
1099.97
1093.82
1099.56
1099.96
1096.97
1093.82
1093.82
1099.89
1093.81
1089.3
1099.63
1093.79
1093.81
1093.8
1099.22
1097.01
1093.8
1097.04
1040.73
1099.92
1099.96
1095.18
1099.97
1028.07
1099.92
1099.97
1079.48
1099.96
1008.73
1099.97
1026.9
1099.96
1093.66
1099.92
1099.91
1099.92
1099.92
1029.15
1092.71
1081.9
1069.55
1092.88
1021.29
1089.79
1064.88
1098.33
1098.53
1099.91
1099.92
1099.92
1099.14
1064.58
1099.77
1095.87
1064.32
1095.81
1098.57
1064.76
1091.79
1099.83
1065.5
1098.58
1099.82
1099.79
1099.82
1093.13
1095.89
1099.2
1098.52
1098.07
1098.11
1096.98
1096.98
1099.92
1099.92
1097.01
1099.85
1076.24
1099.92
1099.92
1096.74
1099.92
1095.56
1096.48
1095.84
1099.85
1098.68
1085.32
1060.59
1094.93
1099.06
1094.82
1032.99
1097.96
1029.85
1097.43
1027.28
1098.11
1099.9
1098.52
1026.17
1096.96
1098.1
1098.56
1096.01
1098.54
1099.76
1096.96
1097
1096.93
1098.5
1096.88
1098.58
1097
1099.88
1099.92
1099
1099.89
1099.3
1098.05
1096.91
1099.94
1096.94
1099.91
1096.96
1096.97
1096.96
1096.93
1098.96
1098.19
1097.87
1096.95
1096.94
1097
1099.92
1099.92
1048.05
1097.11
1030.56
1099.92
1096.09
1099.92
1099.91
1034.87
1083.37
1025.87
1086.99
1099.92
1099.83
1065.65
1099.92
1099.92
1099.92
1096.8
1027.31
1089.52
1072.05
1099.83
1099.84
1099.83
1098.52
1099.83
1099.87
1098.43
1098.44
1098.27
1066.54
1065.64
1099.27
1063.72
1099.3
1099.84
1099.46
1084.01
1098.51
1098.09
1098.58
1096.44
1098.56
1098.58
1099.7
1098.51
1099.82
1098.52
1098.5
1099.82
1099.79
1098.61
1099.83
1099.83
1089.03
1099.81
1091.48
1099.64
1098.25
1099.26
1096.23
1096.57
1098.39
1068.86
1067.11
1099.78
1099.83
1099.78
1098.04
1066.12
1098.03
1099.56
1095.9
1095.55
1098.47
1064.31
1099.86
1095.85
1095.85
1098.52
1098.5
1098.54
1064.05
1095.77
1095.79
1095.85
1063.35
1099.92
1064.01
1099.92
1099.83
1099.29
1098.52
1099.83
1099.35
1098.54
1098.58
1098.46
1098.64
1098.75
1098.49
1098.51
1098.09
1099.82
1096.95
1096.94
1098.77
1099.74
1098.12
1098.55
1096.98
1098.55
1090.3
1065.29
1099.92
1099.78
1099.83
1056.56
1097.67
1071.39
1099.92
1093.8
1092.86
1099.83
1099.83
1099.83
1098.35
1064.87
1094.64
1077.15
1096.2
1096.26
1099.83
1082.86
1098.52
1098.5
1099.83
1097.98
1098.7
1099.21
1099.06
1090.7
1099.52
1091.56
1099.71
1091.45
1082.31
1099.26
1082.24
1091.06
1091.12
1099.82
1099.26
1099.26
1099.83
1097.31
1097.82
1082.97
1099.63
1099.32
1099.84
1099.32
1099.64
1083.52
1099.54
1099.29
1099.69
1099.14
1099.27
1099.31
1099.65
1096.61
1088.37
1098.65
1099.33
1099.63
1099.13
1099.64
1099.37
1098.53
1095.94
1098.62
1094.53
1095.84
1066.06
1099.78
1064.73
1095.86
1099.82
1099.28
1063.01
1091.33
1099.65
1099.66
1098.46
1095.96
1099.82
1099.82
1096.28
1099.81
1098.51
1098.53
1098.51
1098.61
1099.84
1096.87
1097.72
1098.51
1098.52
1099.77
1098.49
1098.5
1099.83
1098.39
1068.94
1099.84
1069.39
1098.05
1099.83
1099.84
1075.6
1099.82
1083.55
1099.83
1097.7
1099.71
1098.57
1098.11
1080.9
1082.5
1099.39
1091.27
1082.26
1099.65
1099.28
1099.27
1099.64
1096.83
1096.2
1091.74
1099.26
1099.37
1083
1086.53
1099.29
1095.95
1085.58
1099.64
1099.26
1099.64
1099.3
1098.87
1099.23
1099.64
1099.64
1099.65
1099.17
1099.28
1091.58
1099.05
1091.28
1081.97
1099.65
1084.35
1097.28
1097.32
1099.63
1099.83
1099.63
1099.63
1079.3
1085.85
1099.83
1099.03
1099.7
1098.98
1091.36
1099.69
1099.38
1083.12
1099.55
1082.91
1082.55
1099.61
1091.34
1099.63
1082.23
1099.63
1091.2
1099.83
1081.73
1081.85
1082.6
1099.65
1098.8
1095.38
1098.98
1099.67
1093.62
1092.13
1099.67
1099.25
1099.65
1099.6
1099.38
1091.89
1099.16
1090.79
1099.26
1092.74
1099.66
1099.3
1093.1
1099.27
1099.68
1099.28
1099.36
1099.26
1099.24
1099.65
1099.45
1099.27
1099.62
1099.53
1099.27
1099.29
1099.68
1099.61
1099.26
1099.6
1099.26
1090.04
1099.25
1088.24
1099.64
1099.64
1094.33
1099.26
1099.64
1099.67
1091.57
1099.64
1085.39
1099.64
1093.47
1095.18
1099.57
1099.65
1099.27
1099.66
1099.24
1099.2
1093.05
1094.32
