854.979
887.695
986.134
620.141
1090.22
1069.24
928.617
853.663
849.827
843.326
833.901
821.264
805.197
785.92
764.392
741.516
714.478
678.321
679.397
631.114
650.752
676.981
623.085
634.565
724.321
682.022
676.534
690.433
688.422
681.342
678.424
673.155
668.847
662.533
651.551
631.722
615.43
686.273
645.804
581.4
567.786
432.558
366.724
371.614
370.55
370.589
372.33
372.079
377.19
377.343
383.488
381.625
391.28
398.492
391.313
396.427
398.426
401.175
392.991
400.14
399.023
401.447
402.731
404.402
408.699
414.121
472.391
385.24
368.855
470.531
445.999
607.709
943.16
1003.05
1027.75
1037.41
1041.52
1043.29
1044.05
1044.39
1044.53
1044.59
1044.62
1044.63
1044.64
1044.64
1044.64
1044.64
1044.64
1044.64
1044.64
1044.64
1044.64
1044.64
1044.64
1044.63
1044.63
1044.63
1044.62
1044.61
1044.59
1044.55
1044.48
1044.36
1044.17
1043.85
1043.37
1042.63
1041.55
1040.01
1037.88
1035.02
1031.3
1026.62
1020.9
1014.02
1005.8
997.408
996.333
1001.99
1005.83
1006.42
1003.3
995.252
981.987
947.596
914.571
901.586
893.198
888.985
936.916
971.096
1002.89
1027.61
1046.75
1061.54
1072.7
1080.89
1086.76
1090.86
1093.66
1095.52
1096.72
1097.47
1097.93
1098.2
1098.36
1098.45
1098.5
1098.53
1098.54
1098.55
1098.55
1098.55
1098.56
1098.56
1098.56
1098.56
1098.56
1098.56
1098.56
1098.56
1098.56
1098.56
1098.56
1098.56
1098.55
1098.55
1098.55
1098.54
1098.54
1098.52
1098.5
1098.47
1098.43
1098.37
1098.3
1098.2
1098.08
1097.94
1097.77
1097.54
1097.25
1096.88
1096.42
1095.84
1095.14
1094.3
1093.32
1092.19
1090.92
1089.53
1088.04
1086.47
1084.84
1083.18
1081.53
1079.91
1078.36
1076.9
1075.57
1074.36
1073.29
1072.35
1071.54
1070.87
1070.36
1070
1069.76
1069.61
1069.52
1069.46
1069.43
1069.37
1069.24
1068.94
1068.36
1067.3
1065.51
1062.63
1058.24
1051.81
1042.74
1030.37
1014.15
993.53
967.627
935.383
901.977
529.481
670.146
491.521
1098.4
1095.39
1098.04
1080.92
695.674
586.952
1098.39
1098.33
735.805
1083
1055.49
1056.8
1056.64
1066.35
1049.8
1064.45
1089.78
1049.35
1056.81
1077.55
1056.56
1049.85
1094.48
846.842
1008.36
1028.1
603.34
492.137
597.289
639.417
555.73
1098.39
1098.4
1098.07
1098.39
1098.4
756.834
1097.8
1056.81
1056.81
1056.79
1070.41
1066.54
1067.83
797.304
1097.43
1032.19
991.464
1017.59
877.952
949.694
751.661
778.216
1096.83
885.313
715.222
501.771
1098.29
1056.81
1098.39
495.44
1074.27
1016.54
937.942
1013.7
933.131
888.244
895.485
715.247
971.814
777.943
771.528
1042.98
1028.16
1047.12
1086.57
1056.76
1056.8
1066.92
1056.76
1066.41
1056.32
1065.99
1053.61
1059.94
1092.45
1055.48
1019.53
1095.9
1081.16
1056.81
1056.81
491.562
1072.83
1069.42
1056.81
704.159
550.806
652.358
1097.32
691.679
1098.4
687.255
1061.77
1090.78
498.368
1098.34
527.947
1098.4
1098.38
1098.37
589.371
1098.29
589.241
1098.24
1098.39
1098.37
1098.4
602.923
502.919
979.179
1015.48
802.979
1007.99
900.032
711.023
663.798
1097.84
1097.9
734.291
695.535
1097.79
711.297
1097.87
1077.26
747.029
1065.4
593.651
618.068
1097.9
1097.89
1065.41
1061.48
1020.69
1029.81
752.037
826.915
908.337
702.164
727.848
1025.02
1003.42
965.498
1038.12
1012.02
1048.3
740.266
732.396
1046.83
1040.39
1072.82
1054.73
1062.73
1066.25
1056.52
1066.45
1056.78
1067.29
1056.81
1066.39
1084.81
1056
1056.8
1056.71
1066.69
1065.45
1056.79
1052.01
1056.81
1055.66
1079.33
1056.81
1068.55
1056.81
1071.54
1088.23
1097.64
802.902
1056.7
1093.54
1053.77
959.391
1096.41
1097.17
820.609
1040.7
1095.26
489.04
515.499
1091.19
1056.23
700.008
1056.81
533.76
1075.86
730.731
1097.94
683.099
498.132
580.008
1093.55
1096.58
1097.77
1086.72
1098.4
1098.2
490.027
1098.39
581.524
1098.4
1098.38
631.798
1098.39
1098.35
492.804
680.982
1098.4
1098.17
492.792
592.855
1098.39
1098.4
613.049
605.063
1097.72
995.314
864.272
826.076
1018.33
962.979
748.295
941.945
1026.68
1022.5
919.845
928.142
1094.98
1097.55
1081.01
616.973
1097.9
1054.71
1033.22
678.887
1057.07
1057.1
1063.19
1065.1
1096.81
1065.38
1054.22
1084.17
1065.31
1065.4
1091.12
1068.08
1052.29
589.537
753.895
1097.34
841.111
1096.9
1065.39
1057.91
916.334
1096.28
1094.87
1032.79
706.803
1001.5
1005.59
937.679
1045.32
755.097
1062.5
1079.66
1065.39
1062.71
1011.17
742.57
660.07
646.241
1097.9
718.227
700.513
1097.89
1097.89
1097.83
1025.96
800.123
959.862
743.959
1005.83
981.297
755.005
1031.36
874.328
752.224
1041.78
1047.73
1057.9
1060.28
1065.23
1057.13
1065.39
1058.48
1065.39
1056.56
1057.12
1065.4
1064
1062.8
1065.41
1065.41
1092.33
1072.49
1074.86
1057.29
1065.4
1065.4
1060.3
1095.87
1088.06
1057.09
944.724
1065.31
1064.88
1064.54
738.313
1093.35
686.143
749.897
648.144
1090.53
1096.85
635.326
1097.87
1097.9
1097.89
598.633
595.595
1097.63
715.614
1097.9
1097.88
691.064
730.1
1097.79
631.291
683.434
1097.9
1097.9
705.794
1097.89
590.799
1097.86
893.313
1012.3
1027.88
851.791
767.653
975.093
807.928
1061.73
799.542
776.775
740.514
1096.91
743.39
1097.02
784.35
1071.09
802.974
1096.97
828.569
1020.79
1067.04
1041.21
1040.86
1073.19
1073.47
1073.51
1086.51
1034.26
698.563
1096.99
1096.98
1097.03
1073.43
1042.29
1073.51
1045.23
976.253
1093.13
849.083
1065.4
1064.36
764.459
716.214
1096.89
785.131
1010.36
1050.53
1021.34
803.886
1038.94
1073.19
985.358
1050.21
750.708
1028.69
1065.27
1051.7
1061.99
791.425
1081.98
1065.36
1065.4
1066.12
1063.61
1073.52
1056.95
1055.73
1059.41
1036.66
1096.58
883.279
1095.42
1089.7
1064.2
1040.9
1073.48
1073.33
1071.98
1059.3
1065.4
1089.59
1086.21
1065.18
977.57
669.779
1094.18
1065.41
1057.07
1065.35
1064.89
1057.56
1065.39
1070.22
1096.95
1093.2
1097.29
809.964
699.812
1097.89
1096.69
1097.9
625.758
1097.88
1086.62
1097.71
1097.14
590.614
793.596
1096.13
1097.9
608.266
689.954
724.435
1097.9
1097.49
730.528
816.722
1097.01
1097.02
693.891
990.567
1023.2
900.171
1037.3
1036.06
950.588
920.968
1081.13
1040.68
1094.23
1095.32
1076.97
1073.41
1073.49
1051.74
1002.72
1066.78
1095.57
784.843
1051.48
1017.54
1077.3
1079.99
1097.01
897.991
1041.42
1071.24
1079.63
1096.01
1079.88
862.289
1095.66
1046.46
919.5
843.549
1096.12
1069.78
1041.66
1073.44
1092.57
1090.78
766.333
779.713
1096.99
795.089
1096.51
834.873
1096.98
1097.01
1097
695.475
1052.45
1044.26
1057.06
975.181
1009.61
796.623
1063.6
807.064
808.817
1067.9
1034.04
795.305
1039.55
803.576
1090.07
787.898
1041.23
1070.53
1073.49
1041.04
1073.46
1073.48
1082.36
1041.36
1068.75
1084.59
1094.62
948.011
1093.02
1055.11
1072.45
1042.72
1043.52
1073.43
1073.5
1060.29
1057.17
1073.51
1073.3
1041.05
1040.95
1088.18
1073.4
1073.44
1072.56
1072.94
1001.31
1047.33
1073.5
1097.02
822.786
702.902
714.374
1096.68
1097.02
731.784
1097.02
1096.98
695.564
755.046
1096.09
887.16
773.226
906.171
786.44
753.243
1096.83
727.627
1096.99
693.728
1097.01
1096.94
1029.4
875.793
1037.99
960.872
820.286
1016.53
847.255
1018.41
834.313
823.02
864.396
1095.58
1095.72
1095.61
785.767
1041.59
923.771
1060.49
1018.72
838.102
805.094
1095.74
1017.81
1079.83
967.45
1079.82
1079.9
1078.05
1084.74
1076.4
781.032
1095.57
947.134
1093.98
1001.73
1089.35
1079.76
1026.54
1079.97
1020.68
1088.22
1061.51
992.625
1064.66
1056.78
1079.93
1095.76
1095.47
790.397
1047.69
1044.01
978.895
864.919
1040.64
1051.24
1073.71
851.233
849.093
1009.78
1075.87
840.124
1037.51
1086.42
1073.76
1070.79
1092.57
1019.05
1078.24
1079.34
1041.42
831.39
1018.27
1017.68
1079.83
1079.76
1017.89
1079.85
1049.45
1081.12
1079.84
1095.47
917.199
1046.39
1091.77
1079.84
1073.49
1023.1
1073.9
1073.45
887.93
1054.32
1063.83
1073.03
1073.47
1042.54
1080.01
1073.46
1019.75
721.806
1095.61
1096.43
912.93
1097.01
781.04
1095.09
1097.01
824.935
1095.32
707.885
1097
811.904
1096.24
844.695
1095.51
1095.46
1095.63
1095.68
779.85
994.64
942.37
893.43
1047.09
834.239
1036.69
799.577
1074.71
1080.51
1093.08
1094.74
1095.68
1033.65
883.697
1085.95
991.416
878.513
989.694
1084.63
861.304
906.834
1093.78
851.628
1085.04
1093.72
1066.18
1093.22
970.741
987.832
1029.53
1084.78
1017.12
1019.14
1079.93
1049.59
1086.18
1092.05
982.534
1073.57
813.809
1095.64
1094.77
928.117
1095.65
958.487
1056.8
1054.37
1094.19
1041.27
934.163
876.089
1054.94
1074.05
979.669
849.993
1014.43
843.541
1064.13
836.741
1019.27
1091.59
1082.03
827.554
1078.87
1017.94
1084.75
988.516
1084.76
1061.8
1079.86
1079.98
1073.33
1084.74
1076.29
1024.55
1035.84
1078.94
1087.4
1021.99
1087.1
1037.38
1016.04
1079.76
1093.78
963.387
1083.11
1068.25
1079.89
1079.73
1079.03
1030.49
1018.84
1011.34
1079.85
1079.81
1079.98
1095.64
1095.73
789.863
974.041
780.224
1095.7
918.509
1095.75
1095.22
782.476
851.058
817.583
876.437
1095.39
1093.77
849.862
1095.57
1094.4
1095.67
934.919
797.137
958.74
856.96
1093.8
1093.98
1093.77
1084.8
1093.86
1091.36
1009.81
1004.64
988.564
888.369
885.291
1083.92
873.358
1088.39
1094.06
1044.63
909.377
1084.75
1005.82
1085.04
990.754
1084.97
1058.91
1064.21
1084.76
1080.6
1077.54
1084.16
1076.63
1072.58
1029.25
1093.8
1093.5
945.2
1090.17
952.326
1091.46
999.686
1088.53
990.11
994.501
1012.68
854.504
852.02
1093.07
1086.7
1081.88
1065.28
887.399
1070.08
1081.01
991.094
985.668
1078.09
880.176
1089.33
990.624
991.371
1083.72
1082.99
1084.23
876.17
987.947
988.806
988.057
866.602
1094.09
863.972
1095.16
1093.65
1088.51
1084.75
1093.75
1037.47
1084.9
1085.07
1082.24
1050.46
1015.4
1084.68
1084.72
1005.73
1070.21
1079.5
1079.82
1027.59
1067.27
1017.34
1084.92
1079.92
1066.71
892.915
854.288
1095.71
1093.23
1092.85
794.258
979.543
805.289
1095.66
934.995
920.96
1093.8
1093.84
1092.3
991.519
857.308
947.13
906.571
1056.67
1055.88
1093.87
869.622
1084.53
1084.72
1093.81
1065.28
1072.09
1081.24
1073.89
952.665
1080.38
960.147
1085
959.634
921.191
1085.56
918.529
953.509
952.629
1092.4
1086.61
1087.39
1093.46
985.438
989.424
909.153
1091.46
1088.89
1094.02
1088.94
1091.45
906.818
1050.93
1088.72
1092.06
1036.1
1088.57
1088.88
1091.62
974.287
881.987
1017.87
1073.85
1090.47
1029.88
1089.85
1058.44
1084.85
986.545
1085.18
971.155
989.409
887.069
1088.12
882.452
991.171
1091.52
1087.97
869.398
952.631
1091.47
1060.76
1083.38
986.337
1078.72
1081.36
991.253
1074.74
1084.65
1072.96
1084.79
1085.17
1088.69
994.93
1002.26
1016.03
1084.81
1070.16
1080.44
1084.71
1093.85
996.315
855.345
1091.61
853.786
984.126
1093.92
1094.05
861.138
1093.68
909.365
1093.7
996.075
1081.4
1010.52
1065.57
915.931
921.536
1070.15
956.87
911.088
1091.23
1088.54
1088.53
1091.47
972.889
959.741
952.791
1088.5
1046.02
924.189
913.383
1088.75
970.266
914.093
1091.43
1088.49
1091.53
1078.01
1022.26
1041.43
1091.53
1091.26
1088.88
1032.43
1049.12
959.516
1077.37
957.753
916.171
1090.82
910.122
981.004
998.842
1091.47
1093.96
1090.94
1091.46
865.183
874.32
1093.84
1026.28
1092.09
1073.29
957.156
1074.38
1079.2
925.103
1083.46
924.459
922.832
1086.34
958.746
1088.2
919.876
1089.4
955.465
1093.05
913.57
911.952
910.041
1091.41
1020.21
947.395
1028.67
1091.79
964.198
954.815
1091.84
1088.48
1091.67
1056.27
1089.27
951.398
1088
944.417
1041.62
955.455
1091.72
1088.79
959.516
1088.47
1085.67
1088.64
1089.23
1088.54
1086.9
1068.75
1049.67
1088.39
1064.56
1053.14
1088.58
1081.53
1083.18
1061.15
1085.84
1058.62
1088.12
921.755
1088.5
917.354
1091.51
1090.24
937.402
1088.57
1091.55
1091.8
925.243
1091.49
911.312
1091.47
958.635
966.43
1056.13
1091.62
1084.1
1087.53
1087.63
1036.28
930.289
962.524
