981.892
982.169
1049.55
456.343
1099.94
1099.93
1098.49
981.758
981.689
981.652
981.564
981.38
980.915
979.786
976.942
969.735
951.271
903.71
780.597
469.69
473.326
474.695
475.17
475.333
475.393
475.423
475.42
475.429
475.429
475.429
475.43
475.43
475.43
475.428
475.427
475.427
475.428
475.43
475.431
475.432
475.433
475.438
475.452
475.491
475.686
476.04
480.152
488.296
906.323
1030.99
1060.16
1069.55
1072.64
1073.7
1074.07
1074.2
1074.25
1074.26
1074.27
1074.27
1074.27
1074.27
1074.27
1074.27
1074.27
1074.27
1074.27
1074.27
1074.27
1074.27
1074.27
1074.27
1074.27
1074.27
1074.27
1074.27
1074.27
1074.27
1074.27
1074.27
1074.27
1074.27
1074.27
1074.27
1074.27
1074.27
1074.27
1074.27
1074.27
1074.27
1074.27
1074.27
1074.27
1074.27
1074.27
1074.27
1074.27
1074.27
1074.27
1074.27
1074.27
1074.27
1074.27
1074.27
1074.27
1074.27
1074.27
1074.27
1074.27
1074.27
1074.26
1074.24
1074.18
1074.05
1073.72
1072.85
1070.59
1064.75
1064.4
1070.26
1072.51
1073.17
1072.78
1070.63
1064.13
1026.22
989.917
984.453
982.648
982.196
1054.58
1082.54
1093.31
1097.45
1099.03
1099.63
1099.86
1099.95
1099.98
1099.99
1100
1100
1100
1100
1100
1100
1100
1100
1100
1100
1100
1100
1100
1100
1100
1100
1100
1100
1100
1100
1100
1100
1100
1100
1100
1100
1100
1100
1100
1100
1100
1100
1100
1100
1100
1100
1100
1100
1100
1100
1100
1100
1100
1100
1100
1100
1100
1100
1100
1100
1100
1100
1100
1100
1100
1100
1100
1100
1100
1100
1099.99
1099.99
1099.99
1099.99
1099.99
1099.99
1099.99
1099.99
1099.99
1099.99
1099.99
1099.99
1099.99
1099.99
1099.99
1099.99
1099.99
1099.99
1099.99
1099.98
1099.97
1099.93
1099.84
1099.6
1098.97
1097.35
1093.15
1082.33
1054.39
1089.98
858.588
1051.96
1100
1100
1100
1099.95
858.602
1090.06
1100
1100
857.973
1100
1090.06
1090.06
1090.06
1099.99
1090.04
1099.99
1100
1099.93
1090.06
1100
1090.06
1090.05
1100
1052.07
1086.56
1097.46
858.61
859.449
1090.06
1090.06
858.624
1100
1100
1100
1100
1100
1090.06
1100
1090.06
1090.06
1090.06
1099.99
1099.99
1099.99
1090.06
1100
1089.4
1097.32
1088.02
1052.67
1055.78
852.222
1039.55
1100
1090.06
858.505
1085.65
1100
1090.06
1100
869.836
1099.99
1086.05
1054.25
1085.83
1081.92
1052.7
1052.97
829.007
1082.38
854.818
856.202
1089.93
1099.59
1099.04
1100
1090.06
1090.05
1099.99
1090.06
1099.99
1090.06
1099.99
1090.05
1099.98
1100
1090.06
1090.06
1100
1100
1090.06
1090.06
1089.5
1099.99
1099.99
1090.06
858.566
1090.05
858.59
1100
858.608
1100
858.61
1099.64
1099.99
923.33
1100
858.641
1100
1100
1100
858.615
1100
1090.06
1100
1100
1100
1100
1090.06
858.697
1070.89
1088.33
1047.54
1079.94
1053.57
966.288
1006.71
1100
1100
1006.66
1096.16
1100
1096.15
1100
1100
1006.65
1096.16
1018.9
1006.72
1100
1100
1096.16
1099.98
1093.69
1097.54
1002.04
1075.52
1081.18
1006.61
989.66
1088.45
1093.28
1093.05
1089.77
1098.96
1099.08
857.178
845.386
1090
1099.83
1099.86
1090.06
1099.98
1099.99
1090.06
1099.99
1090.06
1099.99
1090.06
1099.99
1100
1090.06
1090.06
1090.06
1099.99
1099.99
1090.06
1090.05
1090.06
1099.96
1100
1090.06
1099.99
1090.06
1099.99
1100
1100
1090.06
1090.06
1100
1090.06
1090.06
1100
1100
1090.06
1090.06
1100
1088.5
1089.86
1100
1090.06
858.588
1090.06
1090.03
1099.99
858.309
1100
1090.06
1077.4
1090.05
1100
1100
1100
1099.98
1100
1100
984.626
1100
858.617
1100
1100
858.596
1100
1100
861.754
858.596
1100
1100
858.876
1090.06
1100
1100
1090.05
1006.76
1100
1080.33
1052.62
1050.76
1088.68
1061.7
1019.11
1054.38
1094.28
1092.04
1081.38
1081.68
1100
1100
1099.95
1074.28
1100
1096.09
1099.82
1096.09
1099.97
1099.97
1096.16
1096.16
1100
1096.16
1099.97
1100
1096.16
1096.16
1100
1099.99
1096.15
1007.84
1096.15
1100
1096.16
1100
1096.15
1099.97
1096.16
1100
1100
1097.71
1063.89
1088.63
1098.93
1092.48
1095.84
1005.1
1099.65
1100
1096.16
1096.15
1096.16
1006.66
1095.68
1006.71
1100
1096.15
1096.16
1100
1100
1100
1094.82
1066.98
1092.9
998.315
1093.41
1083.56
1003.73
1094.49
1080.39
1005.91
1099.91
1099.95
1096.13
1096.15
1096.16
1099.97
1096.16
1099.97
1096.15
1099.97
1099.97
1096.16
1096.16
1099.98
1096.16
1096.16
1100
1099.99
1100
1099.97
1096.15
1096.16
1099.97
1100
1100
1099.97
1096.16
1096.16
1096.15
1096.16
1006.66
1100
1096.13
1006.57
1094.89
1099.99
1100
1092.78
1100
1100
1100
1034.08
1006.86
1100
1006.57
1100
1100
1096.15
1006.65
1100
1006.7
1006.67
1100
1100
1096.16
1100
1010.18
1100
1080.97
1091.55
1094.98
1078.97
1045.25
1082.55
1062.42
1098.45
1063.78
1098.46
1063.89
1100
1097.6
1100
1063.74
1098.51
1098.51
1100
1098.5
1099.77
1099.99
1099.92
1099.92
1098.51
1098.51
1098.51
1100
1097.23
1070.01
1100
1100
1100
1098.49
1099.92
1098.51
1099.94
1098.52
1100
1086.53
1096.15
1099.98
1063.62
1063.85
1100
1055.28
1093.88
1096
1099.57
1061.17
1095.45
1099.87
1097.25
1099.15
1006.36
1099.86
1098.49
1099.96
1096.15
1063.75
1100
1096.16
1096.15
1099.98
1099.99
1098.51
1099.97
1099.97
1096.15
1096.15
1100
1096.16
1100
1100
1096.15
1099.92
1098.51
1098.51
1098.51
1099.97
1096.15
1100
1100
1096.16
1096.16
1095.98
1100
1096.16
1099.97
1096.16
1096.16
1099.97
1096.15
1099.99
1100
1100
1100
1098.51
1063.94
1100
1100
1100
1087.22
1100
1099.98
1100
1100
1007.12
1096.15
1100
1100
1055.68
1096.15
1006.58
1100
1100
1096.15
1098.51
1100
1100
1064.96
1085.76
1095.62
1091.6
1097.62
1096.78
1092.7
1092.21
1099.95
1099.92
1100
1099.99
1100
1098.51
1098.51
1099.96
1099.65
1099.35
1099.99
1085.85
1099.98
1099.81
1099.41
1099.42
1100
1099.42
1098.51
1098.49
1099.42
1100
1099.41
1098.49
1100
1098.8
1096.01
1083.68
1099.99
1098.51
1099.92
1098.5
1100
1100
1098.37
1063.6
1100
1098.51
1100
1098.49
1100
1100
1100
1064.11
1099.24
1097.78
1098.36
1097.13
1099.52
1059.22
1099.68
1063.59
1063.18
1098.5
1099.9
1063.75
1099.92
1063.71
1099.99
1063.73
1099.92
1099.99
1098.51
1099.92
1098.5
1098.5
1100
1099.92
1098.49
1100
1100
1098.52
1100
1098.51
1098.5
1099.93
1099.93
1098.49
1098.51
1099.98
1099.98
1098.51
1098.51
1099.92
1099.92
1100
1098.51
1098.51
1098.51
1098.51
1098.51
1099.94
1098.51
1100
1098.51
1075.61
1088.79
1100
1100
1096.3
1100
1100
1066.6
1098.14
1100
1098.5
1063.49
1099.42
1098.49
1063.76
1100
1063.84
1100
1064.4
1100
1100
1096.52
1090.13
1097.56
1096.96
1077.64
1094.67
1085.68
1099.8
1085.65
1085.35
1099.38
1099.99
1099.99
1099.99
1088.72
1099.96
1099.41
1099.41
1099.8
1099.16
1085.81
1099.99
1099.81
1099.4
1099.77
1099.41
1099.41
1099.39
1099.99
1099.99
1086.74
1099.99
1099.39
1099.99
1099.43
1099.99
1099.4
1099.85
1099.42
1099.83
1099.99
1099.27
1099.39
1099.71
1099.99
1099.42
1099.99
1099.99
1085.81
1098.86
1098.59
1098.71
1090.83
1098.3
1098.18
1099.88
1085.32
1084.68
1099.75
1099.41
1085.66
1099.91
1099.98
1099.41
1099.39
1099.99
1099.8
1099.41
1099.42
1099.92
1085.6
1099.8
1099.8
1099.42
1099.42
1099.81
1099.41
1099.95
1099.99
1100
1100
1098.51
1099.97
1100
1099.41
1098.51
1098.51
1100
1098.51
1099.42
1099.97
1098.5
1098.5
1098.5
1099.93
1099.42
1098.5
1099.43
1093.49
1099.99
1100
1099.41
1100
1085.91
1099.99
1100
1098.82
1100
1082.29
1100
1085.64
1100
1098.48
1099.99
1099.99
1099.99
1099.99
1086.15
1098.86
1096.67
1094.51
1098.63
1081.82
1098
1095.13
1099.74
1099.76
1099.99
1099.99
1099.99
1099.92
1093.47
1099.98
1099.52
1094.06
1099.52
1099.77
1094.18
1099.6
1099.98
1094.33
1099.77
1099.98
1099.99
1099.98
1099.09
1099.53
1099.96
1099.76
1099.8
1099.8
1099.41
1099.41
1099.99
1099.99
1099.42
1099.99
1098.12
1099.99
1099.99
1099.39
1099.99
1099.77
1099.45
1099.33
1099.98
1099.79
1097.76
1092.62
1099.08
1099.89
1099.36
1085.52
1099.78
1085.65
1099.61
1085.55
1099.8
1099.99
1099.76
1085.44
1099.41
1099.8
1099.76
1099.54
1099.76
1099.99
1099.41
1099.42
1099.4
1099.75
1099.39
1099.86
1099.42
1099.99
1099.99
1099.94
1099.99
1099.94
1099.8
1099.4
1099.99
1099.4
1099.99
1099.41
1099.41
1099.41
1099.4
1099.9
1099.81
1099.78
1099.41
1099.4
1099.42
1099.99
1099.99
1090.68
1099.76
1086.44
1099.99
1099.41
1099.99
1099.99
1087.35
1099.31
1085.37
1099.4
1099.99
1099.98
1094.35
1099.99
1099.99
1099.99
1099.38
1085.74
1098.42
1095.55
1099.98
1099.98
1099.98
1099.76
1099.98
1099.99
1099.86
1099.74
1099.75
1094.03
1094.11
1099.9
1093.96
1099.9
1099.98
1099.98
1097.74
1099.75
1099.9
1099.77
1099.6
1099.76
1099.77
1099.98
1099.75
1099.98
1099.76
1099.75
1099.98
1099.98
1099.78
1099.98
1099.98
1098.46
1099.98
1098.91
1099.95
1099.91
1099.89
1099.57
1099.61
1099.9
1094.94
1094.64
1099.97
1099.98
1099.98
1099.73
1093.84
1099.7
1099.95
1099.52
1099.47
1099.76
1094.01
1099.99
1099.52
1099.52
1099.76
1099.75
1099.76
1094.02
1099.51
1099.52
1099.52
1093.89
1099.99
1094.03
1099.99
1099.98
1099.9
1099.76
1099.98
1099.97
1099.76
1099.77
1099.74
1099.78
1099.91
1099.75
1099.76
1099.82
1099.99
1099.41
1099.4
1099.88
1099.98
1099.81
1099.76
1099.41
1099.76
1099.4
1094.29
1099.99
1099.97
1099.98
1092.93
1099.76
1096.9
1099.99
1099.74
1099.69
1099.98
1099.98
1099.98
1099.74
1094.21
1099.76
1096.27
1099.39
1099.41
1099.98
1097.85
1099.76
1099.75
1099.98
1099.72
1099.83
1099.89
1099.89
1098.74
1099.95
1098.89
1099.97
1098.89
1097.41
1099.9
1097.43
1098.85
1098.86
1099.98
1099.89
1099.89
1099.98
1099.89
1099.86
1097.56
1099.95
1099.9
1099.98
1099.9
1099.95
1097.65
1099.98
1099.9
1099.96
1099.96
1099.9
1099.9
1099.96
1099.69
1099.06
1099.9
1099.91
1099.95
1099.89
1099.95
1099.91
1099.76
1099.53
1099.78
1099.35
1099.51
1094.06
1099.98
1094.02
1099.52
1099.98
1099.9
1093.82
1098.89
1099.96
1099.98
1099.74
1099.53
1099.98
1099.98
1099.58
1099.98
1099.76
1099.76
1099.76
1099.78
1099.98
1099.65
1099.77
1099.76
1099.76
1099.98
1099.75
1099.75
1099.98
1099.74
1094.99
1099.98
1095.02
1099.76
1099.98
1099.98
1096.29
1099.98
1097.66
1099.98
1099.9
1099.96
1099.94
1099.74
1097
1097.29
1099.92
1098.88
1097.44
1099.96
1099.9
1099.9
1099.95
1099.86
1099.81
1098.95
1099.89
1099.96
1097.4
1098.13
1099.9
1099.58
1097.97
1099.95
1099.89
1099.95
1099.9
1099.9
1099.89
1099.95
1099.95
1099.96
1099.89
1099.9
1098.88
1099.87
1098.87
1097.39
1099.96
1097.78
1099.79
1099.71
1099.95
1099.98
1099.95
1099.95
1097.08
1098.52
1099.98
1099.9
1099.96
1099.87
1098.84
1099.96
1099.93
1097.45
1099.95
1097.46
1097.43
1099.95
1098.88
1099.95
1097.42
1099.95
1098.87
1099.98
1097.35
1097.37
1097.5
1099.96
1099.95
1099.71
1099.95
1099.96
1099.23
1099.01
1099.96
1099.89
1099.96
1099.98
1099.92
1098.97
1099.88
1098.81
1099.96
1099.09
1099.96
1099.9
1099.14
1099.89
1099.96
1099.9
1099.91
1099.89
1099.89
1099.96
1099.96
1099.9
1099.95
1099.95
1099.9
1099.9
1099.96
1099.95
1099.89
1099.95
1099.89
1098.76
1099.89
1098.43
1099.95
1099.95
1099.54
1099.89
1099.95
1099.96
1099.04
1099.95
1097.94
1099.95
1099.2
1099.46
1099.95
1099.96
1099.9
1099.96
1099.89
1099.89
1099.31
1099.33
