840.57
882.949
979.6
636.954
1088
1046.36
903.877
839.238
835.087
828.017
817.948
804.886
789.02
770.596
749.512
725.354
700.912
685.46
637.319
672.355
690.461
690.545
746.339
745.51
676.193
708.635
704.243
685.783
680.106
678.095
672.856
669.406
663.689
656.444
647.802
642.149
638.2
561.216
564.758
569.436
487.192
383.932
381.471
368.665
368.367
368.265
368.266
369.729
368.452
370.712
370.216
373.803
372.151
372.223
379.415
380.6
383.745
385.684
393.272
392.56
395.561
396.262
398.109
400.856
404.189
417.09
401.108
445.13
463.011
439.041
493.213
881.187
862.695
951.706
997.033
1020.51
1031.95
1037.45
1040.06
1041.28
1041.85
1042.11
1042.23
1042.28
1042.31
1042.32
1042.32
1042.32
1042.32
1042.32
1042.32
1042.32
1042.32
1042.32
1042.32
1042.32
1042.31
1042.3
1042.29
1042.26
1042.21
1042.13
1042
1041.8
1041.48
1040.99
1040.27
1039.23
1037.77
1035.79
1033.15
1029.75
1025.48
1020.26
1013.99
1006.74
998.722
988.895
987.594
994.573
997.874
998.262
995.043
987.508
972.427
941.634
911.043
896.669
888.79
884.359
923.188
963.35
993.235
1018.39
1038.56
1054.27
1066.34
1075.49
1082.29
1087.22
1090.72
1093.15
1094.8
1095.89
1096.6
1097.04
1097.32
1097.48
1097.58
1097.64
1097.67
1097.68
1097.69
1097.7
1097.7
1097.71
1097.71
1097.71
1097.71
1097.71
1097.71
1097.71
1097.71
1097.7
1097.7
1097.7
1097.69
1097.69
1097.67
1097.65
1097.61
1097.55
1097.47
1097.36
1097.21
1097.01
1096.75
1096.45
1096.1
1095.71
1095.27
1094.75
1094.14
1093.42
1092.6
1091.62
1090.49
1089.16
1087.63
1085.91
1083.98
1081.89
1079.64
1077.3
1074.89
1072.47
1070.1
1067.81
1065.66
1063.67
1061.88
1060.29
1058.9
1057.69
1056.67
1055.84
1055.22
1054.78
1054.5
1054.34
1054.26
1054.22
1054.19
1054.12
1053.92
1053.49
1052.68
1051.28
1049.01
1045.54
1040.43
1033.21
1023.34
1010.27
993.415
972.14
946.265
916.512
877.752
515.521
691.913
489.304
1097.5
1092.99
1096.85
1075.51
718.868
509.27
1097.49
1097.23
723.841
1072.5
1050.09
1052.18
1051.89
1050.79
1042.73
1048.15
1082.3
1030.49
1052.22
1064.92
1051.19
1031.22
1089.29
820.484
997.738
1018.88
680.754
471.751
521.606
546.899
575.512
1097.48
1097.51
1096.35
1097.5
1097.51
521.261
1095.55
1052.22
1052.22
1052.18
1055.51
1050.89
1052.33
581.179
1094.57
1022.85
969.866
1007.19
851.678
935.763
688.381
752.153
1093.27
781.117
726.602
495.999
1097.28
1052.22
1097.46
471.512
1060.52
1006.96
924.191
1003.88
914.092
862.645
870.558
653.801
964.09
680.46
694.316
1034.78
1007.83
1038.93
1077.62
1052
1052.21
1051.28
1052.1
1050.83
1051.34
1050.25
1047.52
1042.59
1086.22
1047.45
967.102
1091.58
1069.91
1052.2
1052.22
523.329
1058.62
1054.27
1052.22
727.833
520.069
684.58
1095.7
714.037
1097.5
708.162
1054.5
1087.12
472.592
1097.38
526.636
1097.5
1097.44
1097.39
660.638
1097.09
514.288
1096.9
1097.5
1097.43
1097.51
527.718
489.92
966.723
1004.8
777.865
996.818
875.587
709.474
702.159
1096.76
1096.88
749.884
658.332
1096.46
674.772
1096.79
1065.11
761.841
1062.34
583.374
644.287
1096.89
1096.88
1062.38
1045.14
1011.61
1020.6
766.864
807.966
887.557
720.4
736.032
1015.29
993.795
943.976
1029.35
991.066
1040.11
725.111
677.461
1039.21
1020.76
1066.46
1049.02
1045.97
1050.63
1051.68
1050.83
1052.15
1051.7
1052.21
1050.83
1075.09
1050.84
1052.2
1052.02
1051.03
1049.49
1052.12
1045.46
1052.21
1037.59
1067.36
1052.22
1053.2
1052.22
1056.96
1080.04
1095.09
522.647
1051.75
1087.87
1042.14
903.447
1092.48
1093.97
678.109
1009.42
1090.52
515.132
515.234
1084.37
1049.99
723.053
1052.22
523.323
1062.62
720.696
1095.97
547.41
491.41
506.1
1090.58
1094.62
1096.4
1082.24
1097.5
1097.12
484.306
1097.5
621.548
1097.51
1097.47
679.015
1097.48
1097.32
471.222
700.634
1097.5
1096.66
476.804
517.659
1097.49
1097.51
537.627
619.122
1096.24
984.952
837.632
800.601
1007.7
948.737
727.014
928.151
1017.9
1014.29
899.692
908.644
1092.49
1096.24
1075.58
586.633
1096.89
1048.5
1012.96
619.209
1040.45
1040.71
1058.99
1061.8
1095.08
1062.31
1036.78
1074.25
1061.94
1062.38
1083.7
1053.32
1026.99
582.556
709.23
1095.05
735.053
1093.81
1062.36
1041.07
782.894
1092.24
1089.39
1023.63
704.035
993.136
984.056
914.451
1037.92
775.754
1055.23
1068.26
1062.29
1053.48
948.31
758.111
601.941
688.724
1096.89
683.196
663.787
1096.88
1096.86
1096.61
1016.91
780.647
937.853
752.718
996.251
973.646
774.251
1022.99
853.787
776.219
1022.28
1029
1052.28
1055.19
1062.03
1040.42
1062.34
1041.68
1062.36
1039.88
1040.74
1062.38
1060.13
1046.75
1062.37
1062.36
1085.43
1058.93
1061.98
1040.5
1062.35
1062.38
1043.74
1091.33
1079.49
1040.67
829.631
1062.17
1060.34
1060.92
754.23
1086.93
627.537
766.921
596.848
1086.8
1095.13
594.734
1096.82
1096.88
1096.87
585.114
599.151
1095.93
729.307
1096.88
1096.83
650.89
744.471
1096.67
669.311
712.262
1096.88
1096.88
668.762
1096.87
581.982
1096.72
872.283
1003.28
1018.92
832.348
754.281
967.436
799.391
1055.06
797.097
735.104
741.376
1095.59
707.027
1095.81
782.43
1066.55
758.602
1095.64
782.964
999.819
1052.07
1023.84
1022.91
1069.61
1070.14
1070.19
1075.8
1025.01
673.628
1095.77
1095.77
1095.82
1070.14
1023.7
1070.22
1026.64
904.425
1086.09
828.76
1062.37
1048.66
760.865
717.482
1095.35
772.502
1000.86
1043.73
1000.41
795.026
1030.96
1066.82
963.21
1042.05
772.937
1008.48
1059.22
1033.67
1057.38
790.909
1071.33
1062.18
1062.37
1050.85
1048.02
1070.21
1040.47
1038.73
1044.36
996.919
1093
753.198
1090.4
1081.73
1058.08
1022.72
1070.17
1069.85
1067.78
1042.59
1062.37
1079.95
1076.99
1061.42
889.809
610.68
1088.24
1062.37
1040.55
1062.26
1061.45
1040.73
1062.35
1056.02
1095.68
1090.16
1095.81
765.071
691.084
1096.85
1094.7
1096.89
590.482
1096.85
1082.09
1096.51
1094.47
587.154
721.594
1094.07
1096.88
584.369
638.352
737.581
1096.89
1095.52
694.936
770.697
1095.8
1095.81
671.483
982.82
1013.8
877.662
1028.14
1027.12
927.926
897.661
1075.67
1022.92
1091.6
1092.99
1063.97
1069.82
1070.2
1034.14
981.473
1060.1
1094
771.069
1032.45
998.387
1072.91
1076.92
1095.78
846.256
997.801
1062.89
1076.28
1094.11
1076.78
818.203
1092.01
1037.68
897.459
826.722
1094.74
1064.81
1023.15
1070.14
1084.75
1081.72
725.598
776.46
1095.71
751.561
1094.16
791.155
1095.73
1095.8
1095.79
680.818
1044.31
1035.73
1049.77
952.33
987.957
786.296
1056.33
800.67
800.772
1062.42
1014.6
794.161
1021.36
799.347
1086.26
787.051
1023.75
1056.22
1070.13
1022.65
1070.16
1070.19
1070.58
1024.07
1056.03
1073.37
1089.27
879.948
1085.68
1024.76
1066.57
1024.04
1024.72
1070.14
1070.21
1044.13
1040.48
1070.22
1069.38
1023.54
1023.23
1078
1070
1070.08
1068.64
1069.22
933.1
1029.03
1070.2
1095.8
776.329
677.123
687.416
1095.18
1095.82
699.289
1095.81
1095.76
671.492
715.75
1092.5
837.096
769.122
851.893
743.677
751.521
1095.44
730.048
1095.76
674.379
1095.81
1095.53
1020.08
854.721
1028.9
937.498
799.848
1007.07
841.098
1000.01
831.864
816.986
823.491
1094.09
1094.26
1093.96
758.415
1021.88
868.903
1032
1000.94
802.717
796.147
1094.28
997.809
1076.76
916.977
1076.52
1076.84
1071.11
1070.55
1060.02
755.962
1094.09
898.736
1089.22
955.532
1079.48
1076.69
1006.54
1076.92
999.429
1076.6
1054.15
970.621
1057.38
1038.21
1076.83
1094.31
1093.47
779.103
1038.98
1035.14
956.202
845.857
1031.66
1043.32
1067.33
839.061
834.377
989.345
1071.02
837.662
1018.75
1081.83
1068.37
1064.77
1089.41
1001.04
1074.22
1075.82
1024.1
828.025
1000.29
998.969
1076.66
1076.52
998.292
1076.77
1031.48
1065.62
1067.49
1091.15
857.911
1026.99
1083.31
1076.71
1070.2
965.411
1060.26
1070.01
839.611
1037.15
1044.07
1068.45
1070.18
1023.72
1076.95
1070.17
974.649
692.977
1094.08
1094.77
857.316
1095.8
764.11
1092.31
1095.8
791.745
1093.11
681.977
1095.75
803.7
1093.41
802.41
1093.87
1093.95
1094.13
1094.21
759.633
972.39
919.139
873.27
1038.42
815.299
1027.61
771.188
1068.84
1075.91
1090.27
1092.63
1094.19
1013.42
869.321
1081.3
974.049
873.215
972.524
1081.62
848.343
869.987
1091.96
833.238
1082.35
1091.93
1048.57
1090.08
949.346
968.196
1005.31
1082.04
998.174
1001.44
1076.88
1013.5
1072.83
1084.72
935.987
1056.87
782.686
1094.07
1091.39
875.21
1094.18
910.323
1048.74
1046.24
1092.47
1007.07
913.44
859.318
1046.92
1067.64
959.208
840.852
994.789
839.744
1056.81
834.668
1001.49
1088.28
1077.92
822.912
1075.14
999.628
1081.86
968.12
1081.95
1043.73
1076.68
1076.92
1058.75
1082.02
1066.3
1003.6
993.899
1062.97
1074.97
997.848
1074.86
1017.41
995.468
1076.69
1088.25
916.28
1068.26
1047.34
1076.84
1076.16
1073.93
1010.03
997.928
989.352
1076.79
1076.75
1076.93
1094.15
1094.27
762.146
921.918
757.222
1094.24
862.705
1094.29
1093.67
755.997
813.182
810.328
831.966
1093.65
1091.91
829.418
1093.78
1090.31
1094.2
884.417
787.382
936.425
829.754
1092.04
1092.25
1091.74
1082.01
1092.1
1084.39
986.05
959.444
936.496
878.886
879.314
1079.52
866.387
1085.7
1092.32
1020.61
888.036
1082.05
964.734
1082.36
967.143
1082.29
1031.13
1040.66
1082.07
1063.15
1063.3
1079.95
1056.11
1050.22
991.353
1092.01
1090.91
925.746
1086.69
933.473
1089.31
969.73
1086.11
969.014
972.393
970.422
829.174
829.586
1091.2
1075.19
1066.25
1057.97
875.5
1063.48
1075.5
973.194
966.181
1072.89
875.216
1085.4
973.676
974.334
1080.31
1079.27
1081.05
870.205
969.788
971.222
969.187
856.874
1091.68
852.642
1093.28
1091.65
1085.94
1081.98
1091.83
1013.34
1082.17
1082.39
1074.69
1019.37
991.452
1081.97
1081.82
982.164
1053.11
1075.41
1076.77
1006.9
1043.86
996.134
1082.24
1076.87
1043.14
858.315
837.879
1094.24
1091.38
1088.97
766.283
926.606
775.839
1094.14
892.629
881.499
1092.02
1092.08
1087.46
940.922
842.723
901.739
888.254
1048.64
1047.78
1092.08
839.758
1081.05
1082.03
1091.9
1057.95
1065.53
1076.2
1067.42
934.498
1074.79
945.02
1080.23
945.014
911.253
1081.69
907.958
937.857
936.045
1089.76
1083.15
1084.25
1091.31
947.18
960.248
891.086
1089.36
1086.54
1092.28
1086.6
1089.37
884.182
1027.09
1086.33
1090.06
1004.14
1086.12
1086.54
1089.57
946.818
849.294
974.708
1054.76
1086.26
987.208
1084.47
1029.87
1082.17
963.631
1082.52
947.17
970.795
879.652
1084.06
877.307
974.268
1088.5
1085.09
861.185
934.937
1089.27
1037.22
1077.89
962.687
1059.69
1064.81
969.761
1053.2
1081.55
1054.11
1082.1
1082.51
1079.05
971.419
978.806
974.327
1082.12
1047.21
1069.99
1082.01
1092.09
948.034
831.254
1085.61
827.429
931.196
1092.18
1092.32
833.135
1091.89
889.63
1091.45
956.192
1066.27
979.939
1058.24
899.453
906.881
1048.53
942.293
896.131
1088.81
1086.04
1086.08
1089.36
936.304
924.858
932.755
1086.1
1013.31
911.223
886.606
1086.4
943.546
888.616
1088.97
1085.96
1089.46
1062.04
978.702
1004.48
1089.47
1088.47
1081.98
990.752
1015.96
943.623
1071.59
943.408
904.938
1088.21
886.327
952.712
975.4
1089.4
1092.2
1087.59
1089.37
836.333
843.205
1092
982.89
1090.1
1066.77
940.243
1053.52
1073.51
913.473
1078.55
913.769
912.712
1082.11
944.382
1084.53
909.769
1086.17
940.458
1090.7
901.387
898.484
893.542
1089.12
989.014
914.167
996.984
1089.75
941.748
933.628
1089.81
1086.09
1089.59
1032.61
1086.97
927.984
1085.59
920.496
1009.25
930.196
1089.68
1086.44
934.777
1085.8
1074.79
1086.28
1086.92
1086.17
1081.27
1044.12
1016.84
1085.45
1037.1
1020.66
1086.21
1068.75
1069.88
1031.51
1078.36
1027.62
1084.68
893.588
1086.13
889.938
1089.44
1087.35
905.729
1086.19
1089.44
1089.77
896.122
1089.31
885.156
1089.19
933.096
940.246
1024.27
1089.57
1074.22
1078.79
1083.34
996.562
899.999
936.713
