891.899
907.804
1004.5
638.305
1094.54
1093.43
989.687
891.076
888.682
884.331
877.407
867.299
853.589
836.246
815.141
788.735
754.043
717.853
726.779
648.379
667.017
675.633
560.798
575.716
723.82
658.157
625.438
638.273
636.938
629.579
628.656
624.085
621.326
619.402
618.101
616.642
613.389
603.51
557.345
387.2
383.922
382.51
382.766
383.153
384.048
383.67
388.235
384.41
398.278
398.397
413.268
398.813
449.625
480.997
429.436
443.615
471.157
477.983
435.945
464.24
462.966
465.038
466.749
468.233
469.252
470.034
470.71
474.879
482.878
889.024
1010.2
1038.58
1047.72
1050.73
1051.76
1052.13
1052.26
1052.3
1052.32
1052.33
1052.33
1052.33
1052.33
1052.33
1052.33
1052.33
1052.33
1052.33
1052.33
1052.33
1052.33
1052.33
1052.33
1052.33
1052.33
1052.33
1052.33
1052.33
1052.33
1052.33
1052.32
1052.32
1052.31
1052.28
1052.24
1052.16
1052.02
1051.77
1051.34
1050.63
1049.51
1047.83
1045.4
1042.04
1037.55
1031.63
1024.24
1016.47
1015.63
1021.4
1025.51
1026.58
1023.84
1016.19
1003.51
967.845
933.644
921.243
913.094
909.017
960.98
993.981
1024.41
1047.75
1064.62
1076.67
1085.1
1090.77
1094.43
1096.68
1098
1098.76
1099.18
1099.4
1099.52
1099.58
1099.61
1099.62
1099.63
1099.63
1099.63
1099.63
1099.63
1099.63
1099.63
1099.64
1099.64
1099.64
1099.64
1099.64
1099.64
1099.64
1099.64
1099.64
1099.64
1099.64
1099.64
1099.64
1099.64
1099.64
1099.64
1099.63
1099.63
1099.63
1099.63
1099.63
1099.63
1099.62
1099.62
1099.61
1099.59
1099.57
1099.52
1099.46
1099.38
1099.27
1099.12
1098.94
1098.73
1098.48
1098.2
1097.88
1097.54
1097.17
1096.77
1096.34
1095.87
1095.38
1094.88
1094.38
1093.89
1093.44
1093.04
1092.67
1092.35
1092.09
1091.89
1091.77
1091.69
1091.65
1091.62
1091.61
1091.6
1091.58
1091.55
1091.46
1091.27
1090.85
1090.05
1088.58
1086.04
1081.86
1075.36
1065.78
1052.27
1033.75
1008.86
977.347
944.17
648.452
618.96
530.412
1099.56
1098.7
1099.51
1090.81
627.11
809.347
1099.56
1099.56
706.157
1096.07
1064.8
1065.13
1065.1
1090
1062.19
1089.34
1097.8
1080.53
1065.13
1094.41
1065.12
1064.93
1098.95
901.453
1029.99
1048.19
604.791
532.188
828.931
838.878
532.696
1099.56
1099.57
1099.55
1099.56
1099.56
850.593
1099.54
1065.13
1065.13
1065.12
1091.66
1090.07
1090.55
962.547
1099.51
1049.73
1032.5
1037.99
927.256
973.276
790.278
830.334
1099.43
1052.79
649.677
546.968
1099.55
1065.13
1099.56
538.823
1093.22
1035.95
961.931
1033.83
975.723
934.807
939.724
766.135
994.647
795.853
773.352
1057.9
1064.55
1064.96
1097
1065.13
1065.12
1090.19
1065.12
1090.02
1065.03
1089.9
1064.09
1087.15
1098.46
1065.1
1063.61
1099.26
1095.55
1065.13
1065.13
555.19
1092.65
1091.24
1065.13
633.306
729.097
617.481
1099.33
624.464
1099.56
621.969
1076.89
1096.64
541.398
1099.56
530.029
1099.56
1099.56
1099.56
578.205
1099.56
818.363
1099.56
1099.56
1099.56
1099.57
833.315
529.98
1001.82
1036.74
859.441
1028
942.736
756.38
658.304
1099.33
1099.33
672.513
949.658
1099.33
973.012
1099.33
1093.74
681.671
1073.16
646.343
637.27
1099.34
1099.33
1073.16
1087.15
1041.63
1049.73
774.55
883.48
958.351
665.612
770.376
1043.56
1024.88
1007.45
1054.41
1051.04
1066.01
730.977
781.866
1060.43
1074.08
1085.21
1064.54
1088.58
1089.98
1065.08
1090.04
1065.12
1090.32
1065.13
1090.01
1096.55
1064.95
1065.12
1065.11
1090.11
1089.73
1065.13
1063.35
1065.13
1084.65
1095
1065.13
1090.86
1065.13
1092.13
1097.42
1099.53
902.85
1065.12
1098.72
1065.05
1060.83
1099.36
1099.48
1028.03
1064.58
1099.12
537.805
605.695
1098.15
1065.12
629.616
1065.13
682.589
1093.82
679.07
1099.55
842.171
540.199
787.209
1097.95
1099.11
1099.45
1094.42
1099.56
1099.54
527.943
1099.56
554.028
1099.56
1099.56
614.333
1099.56
1099.56
534.637
620.246
1099.57
1099.56
530.918
823.527
1099.56
1099.57
836.47
634.636
1099.33
1017.37
916.35
882.586
1039.2
986.195
792.629
965.774
1046.44
1042.01
966.814
972.499
1098.5
1099.28
1090.93
681.867
1099.33
1068.07
1069.97
856.288
1084.89
1084.88
1072.53
1073.11
1098.88
1073.16
1083.79
1095.88
1073.16
1073.16
1098
1090.3
1072.7
638.351
984.513
1099.32
997.378
1099.3
1073.15
1085.26
1033.69
1099.25
1099.02
1052.45
749.055
1023.2
1047.18
988.025
1061.53
730.37
1077.54
1094.5
1073.16
1073.09
1069.88
678.345
774.672
651.129
1099.33
977.987
959.194
1099.33
1099.33
1099.33
1046.57
850.76
1003.81
779.291
1027.1
1003.73
755.825
1049.96
930.137
707.456
1076.23
1080.18
1069.98
1071.24
1073.14
1084.93
1073.16
1085.55
1073.15
1084.74
1084.88
1073.16
1072.81
1087.81
1073.16
1073.16
1098.36
1092.08
1092.93
1085
1073.16
1073.16
1086.54
1099.2
1097.06
1084.87
1051.83
1073.15
1073.15
1072.97
675.469
1098.64
889.245
685.976
740.776
1096.52
1099.11
716.308
1099.33
1099.33
1099.33
653.833
634.991
1099.33
666.881
1099.33
1099.33
934.371
670.016
1099.32
642.798
663.34
1099.33
1099.33
966.655
1099.33
641.357
1099.33
946.402
1033.57
1048.1
909.303
809.13
997.757
802.757
1074.87
775.037
945.741
755.436
1098.87
853.197
1098.89
762.206
1079.89
1001.15
1098.88
1034.39
1062.18
1089.09
1075.07
1075.05
1080.54
1080.58
1080.6
1096.58
1054.13
761.772
1098.88
1098.87
1098.89
1080.52
1075.96
1080.59
1078.04
1064.78
1098.52
904.711
1073.16
1088.57
757.939
750.626
1098.88
820.451
1031.35
1065.3
1060.56
814.259
1056.48
1085.56
1028.67
1067.72
693.205
1068.09
1077.03
1082.51
1072.04
767.915
1095.21
1073.16
1073.16
1089.42
1087.7
1080.6
1084.85
1084.45
1072.98
1071.93
1099.27
1012.52
1099.12
1097.57
1073.13
1075.13
1080.58
1080.56
1080.19
1086.01
1073.15
1097.7
1096.5
1073.16
1064.45
815.871
1098.86
1073.16
1084.87
1073.15
1073.06
1085.11
1073.15
1091.2
1098.88
1097.78
1099.22
1011.63
748.768
1099.33
1098.88
1099.33
698.575
1099.33
1094.4
1099.31
1099.31
636.371
988.119
1098.89
1099.33
667.189
915.274
668.164
1099.33
1099.32
981.549
1020.65
1098.88
1098.89
754.144
1012.68
1043.61
956.876
1056.85
1054.84
997.483
974.782
1091.09
1075.09
1098.1
1098.13
1092.88
1080.58
1080.57
1081.95
1049.56
1079.83
1098.12
841.537
1081.06
1059.04
1085.56
1086.39
1098.89
1033.34
1078.48
1080.46
1086.32
1098.67
1086.31
1044.79
1098.77
1064.97
977.086
878.14
1098.39
1079.35
1075.65
1080.53
1098.53
1098.08
916.107
760.126
1098.88
987.735
1098.87
1038.83
1098.88
1098.89
1098.88
749.829
1069.72
1061.92
1071.73
1021.87
1053.1
821.72
1078.51
783.774
791.716
1078.45
1071.68
771.452
1074.67
778.596
1096.28
764.681
1075.21
1090.45
1080.58
1075.26
1080.55
1080.56
1094.95
1075.14
1080.36
1095.83
1098.76
1058.08
1098.59
1079.72
1080.52
1076.3
1077.01
1080.52
1080.58
1086.27
1084.81
1080.59
1080.57
1075.03
1075.04
1097.21
1080.57
1080.57
1080.37
1080.47
1071.14
1079.32
1080.57
1098.89
1028.22
768.885
791.189
1098.83
1098.89
827.057
1098.89
1098.87
757.199
883.786
1099
1047.88
758.646
1042.71
969.821
756.984
1098.86
752.937
1098.88
751.804
1098.89
1098.88
1049.54
933.794
1057.18
1011.52
867.4
1037.22
864.071
1059.78
848.839
842.419
989.823
1098.09
1098.17
1098.14
855.761
1076.05
1062.39
1085.17
1059.18
945.572
842.74
1098.18
1059.56
1086.25
1053.8
1086.3
1086.3
1086.11
1096.75
1092.93
849.429
1098.08
1070.83
1098.14
1077.87
1097.51
1086.19
1065.66
1086.36
1062.38
1097.63
1076.23
1041.14
1079.48
1083.59
1086.34
1098.19
1098.13
841.501
1065.94
1062.77
1028.83
918.939
1059.67
1067.47
1086.04
872.989
876.337
1054.91
1084.98
855.501
1073.7
1094.32
1083.96
1082.31
1097.44
1059.79
1085.87
1086.23
1075.21
846.345
1058.97
1058.92
1086.33
1086.33
1059.49
1086.27
1080.62
1095.25
1093.98
1098.89
1052.16
1078.55
1098.35
1086.3
1080.57
1075.74
1091.72
1080.56
1021.86
1083.37
1080.19
1080.55
1080.55
1076.27
1086.4
1080.54
1080.2
806.588
1098.13
1098.78
1050.58
1098.89
842.198
1098.12
1098.89
922.271
1098.47
778.421
1098.89
842.525
1098.85
1041.95
1098.12
1098.02
1098.13
1098.14
844.427
1040.06
996.924
951.712
1065.06
876.066
1056.03
875.661
1085.92
1089.02
1097.42
1097.95
1098.15
1071.45
931.796
1094.03
1038.06
915.098
1035.75
1090.5
911.452
989.481
1097
913.151
1090.59
1096.94
1087.96
1096.98
1023.99
1035.96
1068.35
1090.4
1059.41
1059.47
1086.33
1084.02
1097.2
1098.01
1075.47
1091.5
902.018
1098.14
1098.12
1065.93
1098.13
1044.77
1073.54
1071.44
1097.23
1087.67
991.549
927.299
1071.37
1086.39
1031.52
868.268
1057.99
859.518
1078.87
851.304
1059.67
1096.84
1089.61
843.906
1086.07
1058.91
1090.5
1037.01
1090.45
1085.92
1086.3
1086.37
1085.99
1090.36
1086.02
1065.21
1082.31
1094.2
1097.5
1063.79
1097.32
1073.7
1058.5
1086.18
1098.33
1073.04
1096.12
1085.75
1086.3
1086.29
1086.21
1069.4
1060.63
1055.87
1086.26
1086.23
1086.38
1098.12
1098.17
860.94
1061.17
847.173
1098.16
1057.14
1098.18
1097.88
851.718
968.521
841.772
1007.48
1098.1
1097.01
914.049
1098.14
1098.14
1098.14
1068.48
841.688
1013
926.428
1096.99
1097.1
1097.02
1090.42
1097.02
1097.39
1055.9
1083.03
1076.55
931.229
924.727
1091.81
911.026
1093.43
1097.15
1077.01
969.543
1090.36
1062.1
1090.59
1041.1
1090.53
1088.87
1088.62
1090.37
1096.2
1090.12
1090.33
1095.37
1093.67
1086.36
1097
1097
1001.58
1095.89
1005.05
1095.46
1049.6
1093.31
1038.76
1042.72
1068.36
922.969
918.137
1096.51
1096.71
1096.05
1080.07
932.551
1082.99
1091.06
1038.65
1035.99
1087.82
917.067
1095.81
1036.39
1037.41
1090.16
1089.91
1090.34
912.917
1035.03
1035.32
1035.62
908.891
1097.75
910.01
1098.06
1097.03
1093.42
1090.4
1097.03
1072.96
1090.49
1090.61
1090.15
1088.33
1059.62
1090.31
1090.38
1053.01
1089.86
1086.26
1086.24
1067.39
1090.62
1059.7
1090.49
1086.32
1089.42
972.62
912.445
1098.16
1096.62
1096.99
867.194
1067.37
886.352
1098.14
1020.97
1005.87
1096.99
1097.01
1097.01
1079.26
911.53
1033.75
964.055
1073.26
1072.79
1097.04
940.667
1090.4
1090.33
1097.02
1080.04
1084.85
1090.47
1086.34
1007.67
1090.64
1010.55
1093.38
1008.93
967.71
1092.46
964.835
1003.07
1003.16
1096.67
1092.8
1093.05
1096.99
1045.45
1042
965.439
1095.42
1093.56
1097.13
1093.6
1095.41
968.464
1080.55
1093.44
1095.82
1074.68
1093.33
1093.55
1095.52
1029.98
958.161
1073.62
1092.87
1095.37
1084.78
1095.41
1091.95
1090.44
1036.9
1090.71
1025.18
1038.22
927.975
1094.99
920.339
1036.91
1096.39
1093.27
908.692
1004.23
1095.5
1086.35
1090.19
1037.37
1095.88
1096.25
1039.8
1094.67
1090.38
1089.84
1090.39
1090.7
1096.98
1044.51
1050.4
1084.69
1090.41
1092.34
1090.17
1090.33
1097.02
1081.28
922.849
1097.07
922.949
1072.48
1097.06
1097.15
930.793
1096.9
967.73
1097.02
1054.26
1095.49
1057.2
1080.34
971.898
975.698
1092.92
1005.22
962.933
1095.49
1093.38
1093.33
1095.44
1035.04
1023.6
1006.54
1093.28
1082.44
976.475
978.041
1093.46
1026.59
977.549
1095.48
1093.3
1095.46
1093
1078.1
1089.54
1095.46
1095.45
1095.43
1086.8
1090.72
1011.36
1088.24
1006.02
963.075
1095.35
972.421
1035.43
1047.69
1095.42
1097.09
1095.4
1095.42
935.246
947.436
1097.02
1081.85
1095.85
1085.88
1010.58
1094.91
1089.74
975.623
1092.23
973.323
970.298
1093.69
1007.33
1094.47
966.011
1094.9
1004.26
1096.88
961.609
961.7
964.114
1095.52
1063.82
1012.14
1069.57
1095.64
1018.27
1009.24
1095.67
1093.26
1095.56
1083.64
1093.85
1008.05
1092.88
1002.43
1078.84
1013.29
1095.59
1093.48
1016.09
1093.32
1095.49
1093.37
1093.81
1093.29
1093.17
1094.11
1085.5
1093.33
1093.43
1088.1
1093.33
1093.13
1095.4
1092.61
1093.21
1091.57
1093.27
986.104
1093.27
981.904
1095.44
1095.16
1002.23
1093.32
1095.48
1095.65
989.642
1095.45
975.717
1095.46
1016.36
1023.3
1090.12
1095.52
1093.2
1095.47
1093.2
1088.36
994.862
1019.87
