921.525
931.138
1019.78
742.382
1096.56
1096.48
1025.23
921.212
919.972
917.364
912.658
904.788
892.554
875.133
853.148
829.367
805.847
771.626
692.992
780.731
784.298
781.461
887.223
765.229
451.516
437.637
442.588
413.161
407.08
409.492
403.32
402.318
401.42
401.13
400.988
400.935
400.918
400.922
400.944
400.995
401.1
401.315
401.716
402.527
403.462
406.205
402.132
415.378
396.029
407.23
408.688
461.748
374.759
404.68
689.959
802.667
806.328
865.012
1027.48
1009.14
1021.84
1036.05
1046.54
1052.84
1056.26
1058
1058.85
1059.24
1059.43
1059.51
1059.55
1059.56
1059.57
1059.57
1059.57
1059.57
1059.57
1059.57
1059.57
1059.57
1059.57
1059.57
1059.57
1059.57
1059.57
1059.57
1059.57
1059.57
1059.57
1059.57
1059.57
1059.57
1059.57
1059.57
1059.57
1059.57
1059.57
1059.57
1059.57
1059.57
1059.57
1059.57
1059.57
1059.56
1059.55
1059.52
1059.46
1059.36
1059.16
1058.8
1058.15
1057.07
1055.33
1052.7
1048.99
1044.04
1037.38
1027.87
1027.05
1035.09
1039.36
1040.43
1038.16
1031.42
1016.33
987.223
958.084
943.474
936.213
932.374
967.585
1009.92
1038.52
1059.01
1073.93
1084.26
1090.92
1094.95
1097.26
1098.53
1099.2
1099.54
1099.71
1099.8
1099.84
1099.85
1099.86
1099.87
1099.87
1099.87
1099.87
1099.87
1099.87
1099.87
1099.87
1099.87
1099.87
1099.87
1099.87
1099.87
1099.87
1099.87
1099.87
1099.87
1099.87
1099.87
1099.87
1099.87
1099.87
1099.87
1099.87
1099.87
1099.87
1099.87
1099.87
1099.87
1099.87
1099.87
1099.87
1099.87
1099.86
1099.86
1099.85
1099.83
1099.81
1099.78
1099.74
1099.69
1099.63
1099.55
1099.47
1099.38
1099.27
1099.15
1099.02
1098.87
1098.7
1098.51
1098.31
1098.1
1097.9
1097.71
1097.54
1097.38
1097.24
1097.13
1097.05
1097
1096.98
1096.97
1096.96
1096.95
1096.95
1096.95
1096.93
1096.9
1096.82
1096.64
1096.26
1095.51
1094.06
1091.42
1086.85
1079.38
1067.96
1051.72
1029.86
1000.21
957.422
979.322
525.912
599.639
1099.84
1099.51
1099.82
1094.99
533.494
1019.88
1099.84
1099.84
515.153
1098.75
1067.9
1068.02
1068.01
1096.18
1066.53
1095.9
1099.32
1090.75
1068.02
1098.11
1068.02
1068.01
1099.67
924.263
1040.41
1059.41
525.689
532.119
1055.39
1066.47
526.225
1099.84
1099.84
1099.84
1099.84
1099.84
1067.69
1099.83
1068.02
1068.02
1068.02
1096.89
1096.2
1096.39
1067.96
1099.83
1056.96
1050.99
1047.42
946.085
978.644
710.059
856.316
1099.81
1068.01
531.784
663.565
1099.83
1068.02
1099.84
536.359
1097.59
1044.82
968.378
1043.14
998.908
951.262
954.356
704.971
1010.45
673.799
617.258
1063.57
1078.74
1074.22
1099.06
1068.02
1068.02
1096.24
1068.02
1096.18
1067.99
1096.14
1067.59
1094.79
1099.52
1068.02
1068.01
1099.76
1098.56
1068.02
1068.02
824.524
1097.34
1096.7
1068.02
542.766
1025.11
525.733
1099.76
529.315
1099.84
527.319
1084.43
1098.51
544.823
1099.84
526.827
1099.84
1099.84
1099.84
525.757
1099.84
1031.4
1099.84
1099.84
1099.84
1099.84
1061.46
527.917
1009.56
1046.58
881.956
1035.04
956.292
788.573
683.221
1099.72
1099.73
688.067
1031.78
1099.73
1066.85
1099.73
1097.79
707.398
1077.93
698.72
683.985
1099.73
1099.72
1077.93
1094.68
1053.67
1060.79
796.219
917.976
987.318
683.191
809.218
1051.78
1038.96
1028.96
1060.82
1067.29
1075.13
559.404
715.574
1065.39
1086.2
1091.01
1067.79
1095.53
1096.17
1068
1096.19
1068.02
1096.29
1068.02
1096.18
1098.92
1067.96
1068.02
1068.02
1096.21
1096.07
1068.02
1067.2
1068.02
1093.37
1098.34
1068.02
1096.53
1068.02
1097.1
1099.2
1099.83
1067.87
1068.02
1099.6
1068.02
1068.01
1099.79
1099.82
1067.99
1068.01
1099.72
737.6
907.024
1099.43
1068.02
539.275
1068.02
1017.79
1097.85
512.394
1099.83
1067.3
625.624
1009.94
1099.17
1099.68
1099.8
1097.27
1099.84
1099.83
577.688
1099.84
525.911
1099.84
1099.84
525.676
1099.84
1099.84
533.984
526.341
1099.84
1099.84
529.654
1045.35
1099.84
1099.84
1064.78
684.864
1099.72
1028.03
937.58
905.494
1048.6
991.298
829.618
971.738
1057.68
1053.16
993.196
996.894
1099.41
1099.71
1095.09
718.908
1099.73
1075.06
1083.99
960.799
1093.57
1093.56
1077.69
1077.92
1099.49
1077.93
1093.06
1098.57
1077.93
1077.93
1099.31
1096.28
1077.92
692.015
1076.51
1099.72
1077.63
1099.72
1077.92
1093.7
1077.87
1099.71
1099.65
1063.24
795.264
1036.68
1065.1
1016.17
1070.09
751.374
1084.97
1098.08
1077.93
1077.92
1077.93
700.007
873.025
683.315
1099.73
1072.1
1046.07
1099.72
1099.73
1099.73
1058.03
889.399
1026.74
809.642
1040.99
1018.63
774.243
1060.44
963.691
733.1
1088.48
1091.02
1076.31
1077.04
1077.92
1093.58
1077.93
1093.84
1077.92
1093.5
1093.56
1077.93
1077.81
1095.01
1077.93
1077.93
1099.43
1097.11
1097.47
1093.61
1077.93
1077.93
1094.38
1099.7
1098.99
1093.56
1077.91
1077.93
1077.93
1077.87
692.884
1099.53
989.236
713.908
820.598
1098.46
1099.65
773.474
1099.72
1099.73
1099.73
703.432
686.42
1099.72
683.392
1099.73
1099.73
1019.79
685.385
1099.72
683.519
683.173
1099.73
1099.73
1058.2
1099.72
695.429
1099.73
978.041
1046.2
1059.26
943.453
857.641
1013.23
860.843
1081.54
819.196
975.523
794.439
1099.49
894.608
1099.49
796.374
1084.51
1032.06
1099.49
1075.88
1079.46
1095.73
1088.12
1088.13
1084.77
1084.78
1084.79
1098.69
1065.13
813.333
1099.49
1099.48
1099.49
1084.72
1088.53
1084.79
1089.8
1084.74
1099.36
941.069
1077.93
1095.41
793.838
794.709
1099.49
869.892
1044.86
1073.05
1076.55
868.025
1065.93
1091.28
1048.72
1076.62
721.303
1083.79
1082.96
1092.38
1077.46
803.39
1098.34
1077.93
1077.93
1095.84
1095.12
1084.79
1093.55
1093.37
1077.91
1077.93
1099.71
1077.8
1099.68
1099.16
1077.92
1088.16
1084.77
1084.78
1084.64
1094.1
1077.92
1099.12
1098.79
1077.93
1077.92
921.426
1099.6
1077.93
1093.56
1077.93
1077.9
1093.64
1077.92
1096.71
1099.49
1099.09
1099.69
1046.98
796.285
1099.73
1099.49
1099.73
738.562
1099.72
1097.27
1099.72
1099.72
688.861
1077.27
1099.57
1099.73
707.954
1006.53
683.985
1099.73
1099.72
1075
1059.47
1099.49
1099.49
804.55
1026.99
1055.82
990.521
1067.46
1065.38
1022.7
1005.98
1095.22
1088.13
1099.19
1099.05
1097.24
1084.77
1084.77
1092.11
1071.3
1086
1099.05
884.019
1091.72
1078.26
1089.41
1089.75
1099.49
1051.3
1084.78
1084.71
1089.73
1099.42
1089.69
1083.53
1099.44
1074.52
1009.61
924.887
1099.21
1084.26
1088.42
1084.73
1099.4
1099.25
951.172
794.701
1099.49
1015.4
1099.49
1079.96
1099.49
1099.49
1099.49
798.186
1078.4
1071.34
1079.27
1044.45
1072.1
871.879
1085.79
840.953
851.538
1083.79
1086.18
810.093
1087.92
829.703
1098.32
798.894
1088.18
1096.28
1084.78
1088.22
1084.75
1084.76
1098.05
1088.15
1084.7
1098.39
1099.46
1084.68
1099.41
1084.77
1084.74
1088.74
1089.24
1084.72
1084.78
1094.45
1093.71
1084.79
1084.77
1088.11
1088.12
1098.93
1084.78
1084.77
1084.7
1084.74
1084.77
1090.55
1084.77
1099.49
1069.19
817.776
831.654
1099.48
1099.49
867.268
1099.49
1099.48
808.737
923.539
1099.57
1084.18
793.773
1062.39
996.645
794.111
1099.48
794.445
1099.49
801.011
1099.49
1099.49
1061.09
968.791
1067.6
1037.39
908.611
1050.12
909.727
1078.6
886.095
880.789
1010.5
1099.03
1099.08
1099.06
902.77
1089.25
1083.04
1089.7
1078.28
978.396
882.943
1099.08
1078.55
1089.63
1068.64
1089.68
1089.68
1089.55
1098.63
1096.97
893.987
1099.02
1088.61
1099.08
1089.72
1098.79
1089.58
1082.27
1089.73
1080.39
1098.94
1083.38
1064.22
1086.62
1092.86
1089.71
1099.09
1099.06
883.353
1075.26
1072.57
1053.2
956.374
1069.76
1075.92
1091.68
923.568
926.064
1075.4
1089.14
894.626
1087.39
1097.23
1088.61
1087.63
1098.9
1078.59
1089.52
1089.68
1088.19
883.829
1078.18
1078.18
1089.71
1089.72
1078.56
1089.65
1091.32
1098
1097.67
1099.52
1084.52
1090.53
1099.35
1089.68
1084.77
1084.76
1096.79
1084.76
1038.57
1092.93
1084.73
1084.76
1084.75
1088.75
1089.76
1084.74
1089.76
845.734
1099.05
1099.46
1071.47
1099.49
885.083
1099.06
1099.49
960.789
1099.35
823.171
1099.49
881.996
1099.48
1082.25
1099.05
1098.99
1099.05
1099.06
887.609
1060.74
1026.34
986.521
1074.29
919.39
1066.47
922.469
1090.87
1092.65
1098.79
1099
1099.06
1086.54
973.108
1097.06
1063.33
953.725
1061.94
1093.3
952.193
1022
1098.33
954.463
1093.34
1098.28
1094.77
1098.32
1051.68
1062.28
1084.51
1093.18
1078.41
1078.42
1089.71
1089.7
1098.8
1099.05
1089.55
1096.33
944.57
1099.06
1099.06
1085.91
1099.05
1060.74
1081.8
1079.96
1098.48
1093.53
1023.79
966.815
1079.53
1091.98
1058.33
917.286
1077.53
901.482
1085.89
888.921
1078.52
1098.54
1092.89
881.818
1089.6
1078.16
1093.28
1063.04
1093.23
1093.89
1089.68
1089.74
1089.61
1093.14
1089.52
1082.31
1089.73
1097.54
1098.91
1082.13
1098.74
1087.93
1077.86
1089.58
1099.21
1089.19
1098.37
1089.66
1089.68
1089.67
1089.61
1085.18
1079.15
1076.22
1089.64
1089.62
1089.74
1099.05
1099.08
908.68
1075.41
890.831
1099.07
1078.3
1099.08
1098.9
897.547
994.868
880.634
1024.85
1099.05
1098.34
955.337
1099.06
1099.08
1099.06
1087.59
882.721
1041.41
970.214
1098.32
1098.4
1098.34
1093.19
1098.34
1098.65
1077.49
1092.31
1088.48
972.918
964.168
1095.01
950.506
1095.71
1098.43
1088.79
1007.6
1093.14
1076.42
1093.33
1066.11
1093.28
1093.34
1094.59
1093.14
1098.19
1093.19
1093.12
1097.89
1097.14
1093.28
1098.33
1098.33
1033.69
1097.9
1038.2
1097.24
1072.23
1095.58
1064.35
1067.01
1080.82
964.662
959.298
1098
1098.3
1097.99
1087.15
974.644
1088.92
1095.23
1063.81
1061.97
1092.01
955.501
1098.03
1062.31
1062.88
1093.1
1092.99
1093.19
951.956
1061.55
1061.71
1062.02
949.083
1098.93
950.491
1099.04
1098.36
1095.68
1093.18
1098.36
1086.82
1093.24
1093.35
1093.01
1093.48
1079.8
1093.09
1093.16
1075.47
1095.61
1089.65
1089.62
1083.8
1095.63
1078.57
1093.25
1089.7
1093.25
1010.49
953.659
1099.07
1098.06
1098.34
914.839
1081.04
931.473
1099.06
1042.84
1032.74
1098.32
1098.33
1098.36
1090.38
952.538
1051.93
999.591
1081.4
1081.17
1098.35
986.483
1093.17
1093.12
1098.34
1087.07
1090.66
1094.3
1091.97
1039.49
1094.93
1041.75
1096.6
1040.39
1004.28
1095.28
1002.22
1036.35
1036.53
1098.22
1095.39
1095.5
1098.36
1065.65
1067.88
1003.82
1097.21
1095.78
1098.41
1095.81
1097.2
1006.43
1090.53
1095.68
1097.5
1086.14
1095.59
1095.77
1097.28
1060.24
1000.26
1084.66
1095.83
1097.18
1092.46
1097.23
1095.86
1093.2
1062.85
1093.44
1054.16
1063.59
968.617
1097.48
959.015
1062.6
1098.11
1095.61
948.557
1037.49
1097.27
1093.43
1093.01
1063.22
1098.09
1098.18
1064.97
1097.6
1093.16
1093.2
1093.16
1093.42
1098.43
1068.75
1073.47
1092.84
1093.18
1096.5
1093.09
1093.12
1098.34
1091.55
964.103
1098.42
965.61
1085.38
1098.37
1098.42
975.713
1098.26
1005.94
1098.34
1071.15
1097.58
1076.46
1087.39
1008.21
1012.36
1096.05
1037.79
1001.37
1097.29
1095.64
1095.6
1097.23
1059.33
1052.39
1039.43
1095.55
1090.76
1013.06
1016.71
1095.69
1057.58
1014.76
1097.25
1095.56
1097.23
1095.72
1087.94
1094.97
1097.24
1097.23
1097.27
1093.66
1095.41
1042.55
1092.95
1038.25
1000.9
1097.23
1009.86
1063.9
1071.29
1097.2
1098.39
1097.2
1097.21
981
992.182
1098.34
1090.56
1097.52
1091.59
1042.04
1097.43
1094.23
1011.93
1095.74
1009.48
1006.57
1096.52
1039.16
1096.87
1002.97
1097.03
1037.19
1098.31
999.805
1000.08
1002.55
1097.3
1080.04
1045.25
1083.21
1097.37
1048.87
1041.55
1097.39
1095.53
1097.31
1092.06
1096.02
1040.52
1095.22
1035.73
1088.59
1045.12
1097.33
1095.71
1047
1095.58
1097.43
1095.62
1095.97
1095.56
1095.49
1097.1
1092.61
1095.59
1096.83
1094.14
1095.59
1095.67
1097.45
1096.5
1095.56
1096.02
1095.55
1025.63
1095.54
1021.1
1097.22
1097.14
1038.78
1095.58
1097.25
1097.38
1029.2
1097.23
1013.75
1097.24
1048.09
1054.67
1095.27
1097.28
1095.61
1097.35
1095.5
1094.46
1033.53
1051.45
