930.507
935.322
1024.74
651.658
1098.35
1098.32
1062.4
930.255
929.705
928.612
926.412
922.142
914.147
900.017
876.94
843.801
806.549
785.233
798.038
662.918
671.5
628.801
415.279
412.134
408.193
404.183
373.313
429.876
434.367
408.724
408.631
406.958
406.724
406.578
406.536
406.52
406.518
406.523
406.535
406.557
406.606
406.72
407
407.592
409.267
411.292
422.815
403.98
454.915
448.031
459.421
471.331
861.714
984.282
1022.83
1051.24
1127.68
1101.17
939.791
999.003
1031.43
1048.24
1055.88
1059.23
1060.65
1061.25
1061.49
1061.6
1061.64
1061.65
1061.66
1061.66
1061.66
1061.66
1061.66
1061.66
1061.66
1061.66
1061.66
1061.66
1061.66
1061.66
1061.67
1061.67
1061.67
1061.67
1061.66
1061.66
1061.66
1061.66
1061.66
1061.66
1061.66
1061.66
1061.66
1061.66
1061.66
1061.66
1061.66
1061.66
1061.66
1061.66
1061.66
1061.66
1061.66
1061.65
1061.64
1061.61
1061.54
1061.41
1061.14
1060.61
1059.63
1057.88
1054.96
1050.55
1044.72
1037.82
1037.31
1043.31
1047.49
1049.1
1047.18
1040.8
1029.66
992.626
957.213
946.599
939.743
936.312
995.001
1026.01
1052.06
1071.64
1084.37
1091.84
1095.9
1098
1099.04
1099.54
1099.77
1099.88
1099.93
1099.95
1099.96
1099.96
1099.97
1099.97
1099.97
1099.97
1099.97
1099.97
1099.97
1099.97
1099.97
1099.97
1099.97
1099.97
1099.97
1099.97
1099.97
1099.97
1099.97
1099.97
1099.97
1099.97
1099.97
1099.97
1099.97
1099.97
1099.97
1099.97
1099.97
1099.97
1099.97
1099.97
1099.97
1099.97
1099.97
1099.97
1099.97
1099.97
1099.96
1099.96
1099.96
1099.95
1099.95
1099.94
1099.93
1099.91
1099.9
1099.88
1099.86
1099.83
1099.8
1099.76
1099.72
1099.67
1099.61
1099.55
1099.49
1099.44
1099.39
1099.34
1099.3
1099.27
1099.25
1099.23
1099.23
1099.23
1099.22
1099.22
1099.22
1099.22
1099.22
1099.21
1099.18
1099.13
1099.01
1098.74
1098.17
1097
1094.66
1090.21
1082.16
1068.65
1048.2
1021.39
990.039
850.303
608.812
591.007
1099.96
1099.87
1099.95
1098.02
613.648
1017.06
1099.96
1099.96
769.177
1099.73
1075.46
1075.49
1075.49
1098.97
1074.93
1098.88
1099.86
1096.77
1075.49
1099.56
1075.49
1075.49
1099.93
970.908
1055.51
1071.89
608.758
615.739
1069.94
1075.08
609.035
1099.96
1099.96
1099.96
1099.96
1099.96
1075.42
1099.96
1075.49
1075.49
1075.49
1099.18
1098.97
1099.02
1075.48
1099.96
1068.49
1068.3
1061.06
984.354
1005.09
839.351
895.76
1099.95
1075.49
686.26
656.891
1099.96
1075.49
1099.96
628.944
1099.4
1057.89
995.701
1056.85
1020.56
986.764
988.152
842.794
1026.5
818.429
794.335
1073.35
1089.98
1084.55
1099.81
1075.49
1075.49
1098.98
1075.49
1098.97
1075.48
1098.96
1075.36
1098.5
1099.9
1075.49
1075.49
1099.94
1099.68
1075.49
1075.49
788.862
1099.32
1099.12
1075.49
645.437
925.86
608.755
1099.94
610.616
1099.96
609.394
1091.94
1099.53
627.865
1099.96
609.408
1099.96
1099.96
1099.96
608.795
1099.96
1047.44
1099.96
1099.96
1099.96
1099.96
1073.13
610.245
1030.34
1061.13
930.74
1050.78
989.195
835.175
725.169
1099.92
1099.92
727.51
1040.54
1099.92
1078.02
1099.92
1099.49
759.379
1082.71
752.065
725.556
1099.92
1099.92
1082.71
1098.44
1065.8
1072.88
864.674
957.608
1015
725.074
852.652
1063.9
1052.35
1047.65
1071.52
1081.89
1085.14
787.009
854.6
1074.38
1094.43
1095.95
1075.43
1098.76
1098.96
1075.49
1098.97
1075.49
1098.99
1075.49
1098.97
1099.77
1075.47
1075.49
1075.49
1098.97
1098.94
1075.49
1075.22
1075.49
1097.93
1099.62
1075.49
1099.07
1075.49
1099.25
1099.84
1099.96
1075.46
1075.49
1099.92
1075.49
1075.49
1099.95
1099.96
1075.48
1075.49
1099.94
720.02
822.02
1099.88
1075.49
623.735
1075.49
882.698
1099.48
738.294
1099.96
1075.32
600.353
982.171
1099.76
1099.92
1099.95
1099.04
1099.96
1099.96
599.67
1099.96
608.87
1099.96
1099.96
608.742
1099.96
1099.96
622.834
608.973
1099.96
1099.96
612.088
1062.74
1099.96
1099.96
1074.5
726.104
1099.92
1044.33
979.731
955.515
1062.79
1016.4
856.922
998.832
1068.57
1064.14
1017.87
1019.61
1099.84
1099.92
1098.07
779.729
1099.92
1081.49
1093.62
912.73
1098.06
1098.06
1082.64
1082.71
1099.83
1082.71
1097.89
1099.68
1082.71
1082.71
1099.84
1099
1082.7
734.474
1082.34
1099.92
1082.65
1099.92
1082.7
1098.09
1082.7
1099.92
1099.91
1074.77
845.746
1050.2
1080.99
1041.25
1078.4
856.013
1092.26
1099.56
1082.71
1082.7
1082.71
740.705
873.024
725.218
1099.92
1080.66
1060.65
1099.92
1099.92
1099.92
1069.85
920.668
1046.53
862.482
1053.96
1033.89
862.666
1070.36
1000.35
842.547
1095.94
1097.09
1082.1
1082.41
1082.71
1098.07
1082.71
1098.14
1082.7
1098.04
1098.06
1082.71
1082.68
1098.56
1082.71
1082.71
1099.86
1099.28
1099.39
1098.07
1082.71
1082.71
1098.34
1099.91
1099.77
1098.06
1082.71
1082.71
1082.71
1082.7
731.453
1099.88
938.275
787.572
849.016
1099.51
1099.9
821.188
1099.92
1099.92
1099.92
760.397
727.306
1099.92
725.108
1099.92
1099.92
1009.07
726
1099.92
725.307
725.118
1099.92
1099.92
1072.3
1099.92
742.18
1099.92
1009.87
1058.95
1070.68
983.856
879.105
1028.97
914.311
1087.32
867.407
992.777
845.367
1099.83
956.753
1099.83
845.833
1088.64
1045.28
1099.83
1085.17
1091.78
1098.9
1096
1096
1088.72
1088.71
1088.72
1099.66
1075.94
871.929
1099.83
1099.83
1099.83
1088.66
1096.1
1088.72
1096.64
1088.72
1099.79
980.488
1082.71
1098.69
844.581
845.436
1099.83
896.584
1057.26
1080.35
1089.13
914.314
1075.16
1096.1
1067.23
1086.17
817.936
1094.07
1088.02
1097.64
1082.57
850.339
1099.62
1082.71
1082.71
1098.85
1098.72
1088.73
1098.06
1098
1082.7
1082.71
1099.92
1082.69
1099.91
1099.81
1082.7
1096.01
1088.71
1088.72
1088.67
1098.24
1082.7
1099.76
1099.73
1082.71
1082.71
893.609
1099.9
1082.71
1098.06
1082.71
1082.7
1098.08
1082.7
1099.15
1099.83
1099.73
1099.91
1061.91
846.389
1099.92
1099.83
1099.92
797.566
1099.92
1099.05
1099.92
1099.92
729.767
1082.55
1099.88
1099.92
769.735
972.701
725.325
1099.92
1099.92
1081.82
1073.96
1099.83
1099.83
854.853
1041.38
1067.2
1025.4
1078.01
1075.12
1044.55
1035.59
1098.14
1095.98
1099.75
1099.65
1099.31
1088.71
1088.7
1097.58
1088.04
1091.59
1099.65
943.72
1097.66
1091.8
1093.11
1093.23
1099.83
1070.3
1088.71
1088.65
1093.23
1099.82
1093.17
1088.35
1099.81
1084.22
1044.67
967.569
1099.72
1088.55
1096.1
1088.67
1099.82
1099.79
980.579
844.867
1099.83
1026.04
1099.83
1087.06
1099.83
1099.83
1099.83
847.871
1087.43
1080.28
1086.02
1065.19
1087.27
908.522
1092.76
896.387
908.029
1088.38
1095.18
856.666
1095.9
881.468
1099.46
847.164
1096
1099.06
1088.71
1096.03
1088.69
1088.69
1099.51
1096
1088.64
1099.59
1099.82
1088.71
1099.81
1088.7
1088.67
1096.2
1096.44
1088.66
1088.71
1098.49
1098.22
1088.72
1088.7
1095.99
1096
1099.71
1088.71
1088.7
1088.69
1088.7
1088.72
1096.93
1088.71
1099.83
1081.24
884.875
914.116
1099.83
1099.83
942.853
1099.83
1099.83
861.843
969.131
1099.86
1088.56
844.297
1078.24
1007.78
844.985
1099.83
845.303
1099.83
850.529
1099.83
1099.83
1072.14
1008
1077.78
1061.67
941.657
1061.96
961.348
1091.84
943.902
940.607
1044.27
1099.64
1099.66
1099.65
964.694
1096.77
1090.72
1093.18
1091.78
1029.91
943.096
1099.66
1091.9
1093.13
1084.67
1093.17
1093.17
1093.05
1099.56
1099.13
952.349
1099.64
1092.82
1099.67
1093.27
1099.54
1093.08
1093.46
1093.21
1092.69
1099.62
1090.09
1083.57
1093.29
1098.01
1093.2
1099.67
1099.65
943.3
1084.76
1082.54
1075.39
998.171
1080.13
1083.8
1096.32
971.895
972.041
1090.3
1093.03
949.367
1095.69
1099.04
1092.83
1092.4
1099.66
1091.85
1093.12
1093.19
1096.01
942.675
1091.75
1091.76
1093.2
1093.21
1091.93
1093.14
1097.26
1099.41
1099.41
1099.84
1088.66
1097.26
1099.81
1093.17
1088.71
1088.71
1099.2
1088.7
1061.22
1097.91
1088.67
1088.69
1088.69
1096.22
1093.24
1088.68
1093.27
928.3
1099.65
1099.83
1084.3
1099.83
944.393
1099.65
1099.83
1021.94
1099.8
899.081
1099.83
942.118
1099.83
1087.92
1099.65
1099.62
1099.65
1099.66
946.455
1079.05
1055.54
1026.66
1083.53
957.561
1077.38
995.731
1095.18
1095.92
1099.58
1099.64
1099.66
1095.61
1017.13
1098.96
1084.25
1008.03
1083.8
1096.13
1008.12
1063.07
1099.31
1009.74
1096.15
1099.29
1098.55
1099.31
1076.83
1084.03
1095.12
1096.03
1091.75
1091.83
1093.19
1093.19
1099.6
1099.66
1093.2
1098.97
1013.56
1099.65
1099.66
1091.9
1099.65
1080.57
1089.97
1088.58
1099.39
1096.34
1057.73
1010.13
1087.55
1096.5
1081.24
967.41
1091.35
954.61
1092.48
945.286
1091.85
1099.51
1095.97
941.299
1093.14
1091.75
1096.11
1084.41
1096.06
1098.3
1093.16
1093.22
1093.11
1096
1093.03
1093.59
1093.22
1099.29
1099.62
1094.25
1099.53
1096.23
1091.58
1093.08
1099.72
1093.03
1099.5
1093.15
1093.16
1093.16
1093.11
1094.96
1092.12
1090.86
1093.14
1093.11
1093.22
1099.65
1099.66
974.572
1088.2
949.247
1099.66
1088.34
1099.67
1099.59
956.881
1036.87
940.638
1052.19
1099.66
1099.32
1010.21
1099.65
1099.67
1099.65
1092.47
942.795
1068.94
1023.56
1099.31
1099.35
1099.32
1096.03
1099.32
1099.47
1092.2
1095.73
1094.44
1018.97
1013.83
1097.61
1006.27
1097.82
1099.36
1096.52
1050.7
1096
1090.32
1096.14
1085.93
1096.11
1096.16
1098.27
1096
1099.29
1096.03
1095.98
1099.21
1099.02
1096.2
1099.31
1099.31
1065.67
1099.21
1070.55
1098.74
1090.17
1097.72
1085.11
1086.35
1092.12
1017.42
1013.28
1099.15
1099.31
1099.16
1093.64
1019.45
1094.21
1098.15
1084.43
1083.39
1095.67
1008.69
1099.34
1083.94
1084.09
1096.01
1095.96
1096.06
1007.12
1083.64
1083.71
1083.89
1005.4
1099.62
1006.66
1099.65
1099.33
1097.8
1096.03
1099.33
1095.9
1096.08
1096.16
1095.9
1096.28
1093.29
1095.96
1096.01
1091.13
1098.77
1093.14
1093.12
1094.3
1098.58
1091.87
1096.08
1093.18
1096.09
1057.81
1009.23
1099.66
1099.18
1099.32
985.146
1091.06
1004.75
1099.66
1072
1067.63
1099.31
1099.32
1099.33
1095.12
1008.36
1076.14
1039.51
1089.5
1089.51
1099.33
1042.11
1096.02
1095.98
1099.32
1093.54
1095.61
1097.34
1096.51
1069.82
1098
1071.68
1098.73
1071.09
1047.32
1097.66
1046.59
1069.38
1069.53
1099.29
1097.67
1097.71
1099.34
1086
1088.43
1048.13
1098.72
1097.85
1099.36
1097.87
1098.72
1049.65
1097.05
1097.79
1098.88
1095.09
1097.73
1097.85
1098.76
1084.66
1052.54
1093.71
1097.89
1098.7
1096.77
1098.73
1097.96
1096.04
1084.24
1096.23
1079.65
1084.28
1016.4
1099.07
1010.61
1084.03
1099.26
1097.76
1004.81
1070.12
1098.76
1097.93
1095.9
1084.37
1099.26
1099.27
1085.34
1099.14
1096.01
1096.05
1096.02
1096.22
1099.37
1087.34
1090
1095.96
1096.03
1098.84
1095.96
1095.98
1099.32
1095.48
1017.17
1099.36
1018.6
1093.11
1099.34
1099.36
1029.83
1099.28
1049.58
1099.32
1088.14
1098.93
1091.73
1093.81
1047.14
1050.63
1098.04
1070.09
1046.41
1098.77
1097.76
1097.74
1098.73
1083.53
1080.74
1071.28
1097.7
1096.68
1051.48
1057.22
1097.8
1082.95
1055.12
1098.74
1097.71
1098.73
1097.82
1095.05
1097.54
1098.74
1098.73
1098.76
1097.15
1097.72
1071.98
1096.75
1070.21
1045.86
1098.74
1051.85
1086.62
1088.76
1098.71
1099.34
1098.71
1098.72
1036.11
1047.27
1099.32
1096.08
1098.9
1096.27
1071.54
1098.88
1097.59
1051.12
1098.25
1049.93
1048.42
1098.54
1070.57
1098.65
1046.81
1098.68
1069.83
1099.32
1045.2
1045.46
1047.25
1098.77
1092.98
1077.67
1094.07
1098.81
1076.79
1072.46
1098.82
1097.69
1098.78
1097.52
1098.01
1071.79
1097.48
1068.76
1095.93
1074.45
1098.79
1097.81
1075.47
1097.72
1098.85
1097.75
1097.98
1097.71
1097.66
1098.72
1097.32
1097.73
1098.63
1097.84
1097.73
1097.78
1098.86
1098.54
1097.71
1098.41
1097.7
1064.92
1097.7
1061.01
1098.73
1098.71
1074.49
1097.72
1098.74
1098.81
1068.09
1098.73
1054.64
1098.73
1076.44
1080.96
1098.19
1098.76
1097.74
1098.8
1097.67
1097.39
1071.34
1078.73
