627.426
624.398
507.863
512.576
832.967
823.746
824.314
626.711
624.556
620.973
615.974
609.581
601.82
592.726
582.325
570.688
557.827
543.816
528.787
529.513
545.335
560.29
574.172
587.137
598.764
610.057
618.779
629.315
635.824
643.34
649.043
654.244
658.769
662.068
665.835
667.386
669.405
671.142
672.082
672.945
673.464
673.587
674.058
673.153
674.447
673.154
673.362
672.843
672.438
672.445
671.309
672.626
669.765
671.212
670.19
670.418
670.28
670.068
670.541
669.78
670.816
671.383
671.025
671.583
671.699
671.872
672.588
671.905
674.227
671.268
673.683
673.008
673.778
674.157
674.12
675.476
674.034
676.981
676.61
677.063
677.476
677.761
678.121
678.539
678.362
680.019
676.818
679.255
678.235
678.742
678.746
678.089
679.223
676.075
680.387
676.779
677.292
675.521
674.113
672.611
669.565
668.41
663.337
658.711
655.384
649.762
644.325
637.958
630.023
623.49
611.105
607.158
592.725
582.58
568.969
555.486
540.542
525.32
523.507
538.642
552.379
565.468
577.34
587.953
597.416
605.497
612.229
617.522
621.333
623.632
650.022
674.449
697.355
718.906
738.905
757.434
774.444
789.974
804.05
816.72
828.044
838.09
846.933
854.656
861.342
867.08
871.957
876.057
879.464
882.257
884.509
886.287
887.657
888.681
889.411
889.892
890.158
890.242
890.176
889.987
889.699
889.329
888.892
888.402
887.87
887.302
886.707
886.091
885.457
884.811
884.155
883.494
882.829
882.164
881.501
880.837
880.176
879.531
878.929
878.37
877.832
877.298
876.78
876.293
875.852
875.459
875.117
874.831
874.605
874.443
874.348
874.324
874.373
874.493
874.683
874.938
875.254
875.623
876.031
876.465
876.906
877.326
877.692
877.965
878.104
878.067
877.806
877.262
876.363
875.03
873.179
870.724
867.575
863.637
858.813
853.006
846.117
838.051
828.719
818.037
805.93
792.334
777.198
760.492
742.177
722.301
700.786
677.826
653.265
700.194
693.138
701.007
886.93
836.719
865.639
788.715
676.044
700.696
885.243
881.382
633.729
873.276
673.042
707.53
692.722
862.282
641.207
836.763
872.937
791.16
710.555
874.216
706.118
704.855
873.701
624.909
610.108
717.643
700.21
702.231
700.228
700.768
702.961
884.806
888.675
878.734
887.191
888.506
701.833
877.485
709.772
705.751
702.51
876.291
873.643
876.661
704.017
876.408
588.512
721.126
571.637
640.088
641.957
580.04
591.636
875.351
703.809
652.949
699.534
874.595
709.824
883.998
702.162
875.059
557.485
648.943
558.328
676.453
645.484
649.469
546.591
673.174
595.27
609.299
615.891
759.359
737.688
872.964
706.809
705.272
875.863
698.434
869.35
684.236
851.679
658.351
816.8
873.192
704.754
704.459
874.431
873.532
707.83
709.744
700.112
875.5
876.567
708.915
662.505
700.209
696.744
853.244
681.603
887.852
686.249
756.223
815.4
701.894
877.995
703.298
886.4
883.355
882.702
701.626
880.718
699.86
880.055
887.923
880.783
888.759
700.107
703.181
629.083
598.545
604.011
540.123
652.083
562.959
727.835
873.601
882.53
708.316
726.821
877.051
728.087
878.998
869.068
687.402
736.478
730.378
730.57
884.224
882.76
736.761
872.083
631.478
714.214
614.845
624.758
663.198
723.686
581.249
573.429
696.016
699.52
602.349
741.024
734.233
622.287
563.921
625.562
776.048
773.214
666.089
827.455
857.471
689.906
871.797
700.38
876.402
706.941
866.21
873.086
679.34
704.112
694.354
874.971
844.808
707.064
648.945
707.325
804.723
873.848
710.405
876.702
709.739
875.921
872.915
876.943
700.66
706.358
873.417
706.774
704.063
874.868
875.874
702.815
705.073
874.04
701.72
700.478
873.031
705.579
669.441
709.079
700.111
874.625
645.181
878.091
700.929
701.18
699.869
826.697
845.54
859.914
802.76
887.418
870.504
701.536
885.836
702.389
888.22
883.031
698.893
884.629
882.044
702.833
690.532
888.407
879.396
703.776
699.428
886.173
888.693
700.492
730.908
876.393
620.34
633.265
615.147
586.325
636.327
577.868
646.209
590.873
576.136
669.13
673.643
832.619
861.327
785.045
729.209
884.076
651.883
772.598
727.129
867.663
853.453
689.799
714.257
869.882
729.507
823.668
868.708
735.383
736.787
869.181
870.415
731.913
731.315
729.009
874.448
729.642
873.298
735.667
872.226
729.353
871.977
870.604
709.024
756.096
651.945
737.63
684.851
624.717
644.044
752.717
868.88
736.189
732.299
731.086
695.462
727.544
729.046
884.311
728.437
727.574
883.477
880.389
877.705
619.266
611.682
696.363
598.489
692.724
665.556
630.008
593.49
646.966
656.759
787.633
801.107
660.992
672.006
719.469
869.496
731.623
872.467
737.089
840.889
858.225
736.879
697.263
871.708
737.357
736.977
869.458
869.639
869.324
870.819
733.337
736.563
872.354
871.45
868.814
862.121
730.355
724.242
734.646
703.848
702.359
869.792
727.05
678.925
727.193
811.511
849.015
728.893
876.37
882.007
880.866
729.994
731.049
875.712
721.419
883.438
879.634
727.126
713.397
870.224
729.978
725.852
883.013
883.951
728.228
881.757
730.647
878.354
655.873
642.505
606.076
636.559
597.12
670.161
663.889
670.945
709.838
753.035
753.074
862.998
753.342
875.328
737.221
714.418
752.988
871.794
753.065
766.798
862.119
851.513
860.84
740.785
754.22
761.898
862.165
651.726
755.53
873.016
876.657
875.689
760.612
865.614
763.855
864.888
756.281
862.19
644.173
736.886
871.287
748.639
755.448
870.527
615.23
687.943
638.528
755.904
648.769
609.624
769.645
717.756
728.789
667.782
781.73
684.365
813.095
681.384
725.525
868.761
735.785
736.823
870.848
862.351
762.188
847.707
832.905
732.475
731.51
872.508
730.599
871.031
868.968
734.175
862.671
756.454
744.818
722.312
872.497
735.531
862.753
868.729
734.903
730.661
727.24
870.178
735.962
865.239
726.848
709.72
871.716
734.663
870.007
866.333
822.7
855.64
753.173
756.463
880.259
869.239
883.798
728.688
878.611
799.004
866.161
873.923
730.755
729.371
841.366
881.451
729.591
726.997
717.557
884.254
874.997
728.678
752.939
876.152
876.203
756.144
659.658
673.487
667.457
638.8
608.995
691.386
676.92
779.245
826.525
825.87
860.054
861.855
760.601
763.676
863.878
758.566
690.594
853.152
779.228
852.625
851.579
735.311
786.236
873.649
775.915
757.476
759.248
762.962
842.038
778.213
753.741
866.099
670.9
686.693
665.643
868.841
705.512
864.991
759.538
863.925
863.138
753.067
741.677
872.42
752.964
868.574
753.14
869.069
876.759
876.913
756.659
721.389
626.152
657.137
712.39
750.152
632.513
747.065
689.778
677.519
695.52
795.093
718.216
817.408
700.103
805.346
731.829
834.422
861.985
761.456
863.983
758.187
763.781
861.929
846.817
758.587
862.028
865.2
755.133
863.764
757.903
759.138
865.738
865.047
761.408
763.559
862.656
863.023
762.613
760.15
855.359
858.454
862.421
748.123
751.449
729.274
735.373
756.581
864.681
763.918
874.81
752.772
755.1
754.068
854.233
875.825
752.872
874.583
876.292
755.914
753.071
869.174
754.234
745.23
775.839
752.982
751.237
859.008
754.459
871.27
756.695
876.528
871.17
663.435
656.522
625.057
705.315
630.521
681.603
720.912
808.895
753.964
767.884
775.803
862.612
866.534
861.985
779.042
852.981
776.274
780.365
837.782
775.282
775.945
865.807
854.753
782.164
796.691
784.531
786.783
781.52
853.487
852.667
780.051
866.191
776.742
858.402
779.323
851.471
784.53
859.267
787.203
854.826
854.034
675.904
742.166
739.21
852.687
785.617
866.66
860.717
778.487
657.474
683.031
724.422
662.698
693.535
642.161
763.904
696.373
681.689
773.443
725.986
739.722
806.976
793.116
715.396
703.493
816.242
817.877
743.464
757.266
841.171
759.551
842.36
849.188
772.015
767.851
853.525
780.387
864.316
852.814
861.896
867.248
754.763
852.747
863.544
775.303
763.568
756.983
861.918
760.973
775.889
863.44
758.228
759.557
763.85
865.318
786.685
763.056
779.43
753.428
856.406
848.625
775.994
874.255
779.662
859.485
876.914
774.961
834.473
754.594
873.044
773.715
867.762
753.27
849.321
863.273
859.082
866.795
780.055
732.031
696.785
675.429
643.02
648.556
702.215
777.035
721.227
745.244
816.798
832.69
863.849
853.855
697.15
785.277
798.703
772.676
826.804
783.556
795.783
795.121
844.374
799.636
807.143
850.153
852.795
848.014
732.364
840.407
840.995
798.284
798.672
832.3
786.684
779.904
853.864
856.42
778.622
852.82
775.359
862.583
858.956
776.083
866.833
796.778
688.727
711.962
855.679
801.226
704.774
680.357
659.981
755.944
748.435
709.25
786.854
730.894
691.619
747.271
825.688
807.653
754.7
764.081
750.717
846.148
788.231
842.498
792.027
852.798
784.962
786.829
780.872
800.467
780.903
855.09
779.61
852.685
854.185
840.814
850.479
853.389
854.901
783.366
860.205
777.601
853.185
780.657
787.045
784.037
782.65
854.386
856.181
852.315
786.776
785.566
786.982
861.208
865.255
778.545
796.335
780.215
866.726
776.17
866.327
863.288
779.471
775.502
770.908
775.825
844.758
841.35
800.112
861.408
858.679
866.916
776.082
777.333
715.307
799.095
854.388
854.955
850.144
805.247
854.708
850.297
841.394
796.219
795.923
726.201
748.825
761.478
783.13
800.83
854.579
841.761
817.847
805.119
814.483
807.953
843.442
808.522
800.748
841.488
807.603
842.846
801.243
802.852
841.932
841.546
799.749
846.994
848.731
721.781
797.203
827.577
827.982
827.549
815.731
844.318
847.111
814.144
800.934
801.12
849.269
844.502
839.749
729.281
712.401
706.929
771.433
788.694
763.417
733.866
765.763
797.291
821.532
807.456
770.51
762.876
777.326
778.385
834.804
831.206
838.006
790.233
825.216
793.268
839.313
833.451
805.579
795.282
837.804
841.478
806.086
807.677
801.18
801.243
840.987
802.11
804.552
842.155
852.895
783.425
786.777
854.854
841.254
855.383
807.836
786.317
800.666
794.419
798.78
864.612
848.419
847.653
777.828
796.065
775.983
863.213
796.371
795.761
849.017
854.734
847.404
795.483
797.4
796.533
693.425
675.042
701.003
851.95
796.515
803.665
807.539
850.657
705.474
721.364
749.758
745.898
737.718
761.531
777.351
775.423
787.169
781.814
770.947
794.936
818.256
821.885
814.075
779.26
787.065
828.221
813.841
827.041
814.773
833.352
825.335
853.889
826.032
836.74
817.701
841.986
824.019
842.424
829.357
822.834
826.111
841.494
827.669
794.394
813.61
818.88
834.246
813.185
834.158
818.564
806.551
844.178
808.672
838.416
776.962
738.097
787.226
757.816
815.089
806.069
794.329
786.734
825.093
824.608
841.911
801.707
842.721
842.451
842.489
845.392
841.769
804.067
800.836
807.861
809.144
846.563
843.634
842.898
797.701
807.637
841.393
801.172
803.764
854.786
795.44
801.865
847.659
799.63
795.869
854.891
854.984
798.522
853.495
816.656
849.574
814.11
835.391
828.348
718.051
710.417
726.064
820.319
809.108
810.245
815.383
809.496
812.817
830.975
813.104
812.256
829.734
818.002
828.612
740.268
816.158
825.825
828.81
819.037
836.708
822.08
840.916
818.476
813.261
813.608
841.1
835.923
834.083
812.794
815.473
765.773
736.248
802.814
799.717
808.855
818.861
827.146
843.46
837.9
852.995
834.973
835.298
797.611
795.168
851.256
813.163
843.941
734.38
752.551
833.445
749.752
753.092
763.49
764.186
773.608
775.148
795.527
784.951
788.826
793.573
814.195
821.676
803.606
807.108
812.753
820.474
828.827
811.664
829.117
840.656
836.152
831.926
841.381
819.818
839.471
842.037
826.641
832.15
821.35
829.818
829.061
831.193
841.495
826.517
833.654
821.709
834.511
825.526
828.479
825.221
818.767
830.381
828.249
821.259
828.997
828.262
825.573
818.541
834.334
828.318
818.751
828.262
820.367
814.868
825.169
815.577
840.938
801.549
811.742
821.826
838.357
841.588
813.604
837.58
817.023
837.116
830.81
829.727
828.325
841.207
818.645
834.314
819.384
812.978
812.494
830.398
