689.954
691.141
542.89
554.285
886.999
873.196
876.478
689.128
686.629
682.462
676.638
669.171
660.09
649.417
637.172
623.461
608.176
591.619
573.677
574.463
592.994
610.135
625.844
640.186
652.462
664.9
672.143
685.673
689.569
697.223
701.54
705.604
709.059
710.38
713.966
712.236
712.745
713.651
712.967
712.799
712.166
711.104
711.181
708.145
711.507
707.842
708.271
707.007
706.158
706.294
703.735
707.337
699.402
703.358
700.996
701.618
701.398
700.836
702.067
699.814
703.035
704.754
703.409
704.638
704.48
704.675
705.921
703.842
709.344
699.88
705.668
703.432
704.727
705.121
704.426
707.311
702.708
710.967
709.87
710.108
710.769
710.778
711.369
711.694
711.031
714.711
704.195
710.603
707.894
709.105
709.19
708.06
711.35
703.92
718.817
710.715
713.884
712.051
711.324
711.15
707.499
710.252
701.037
694.596
694.34
688.282
684.269
678.463
670.491
666.547
648.764
658.134
637.144
628.696
613.32
598.354
581.512
564.338
558.258
579.1
594.636
611.228
626.978
640.703
653.466
664.542
673.895
681.345
686.76
690.045
721.59
750.553
776.986
801.58
823.841
844.005
862.037
878.02
892.05
904.239
914.716
923.62
931.096
937.29
942.348
946.409
949.605
952.061
953.888
955.189
956.05
956.551
956.759
956.737
956.536
956.191
955.729
955.173
954.543
953.86
953.135
952.379
951.598
950.797
949.982
949.153
948.315
947.467
946.613
945.753
944.888
944.021
943.152
942.282
941.414
940.543
939.671
938.813
938.001
937.232
936.48
935.725
934.978
934.26
933.586
932.961
932.389
931.876
931.43
931.057
930.766
930.565
930.46
930.458
930.564
930.781
931.113
931.56
932.122
932.793
933.564
934.42
935.337
936.286
937.232
938.141
938.972
939.665
940.145
940.323
940.104
939.379
938.033
935.937
932.952
928.933
923.727
917.178
909.131
899.435
887.947
874.536
859.09
841.515
821.732
799.779
775.426
749.173
720.332
735.605
741.779
735.731
948.989
921.764
944.507
876.276
730.882
736.722
946.529
941.407
692.049
928.935
721.559
740.571
735.167
934.401
692.455
915.709
929.118
873.187
747.927
929.941
739.277
740.563
930.723
687.23
666.576
799.85
745.758
738.816
733.903
734.243
744.805
954.658
953.872
937.945
954.85
952.021
735.46
936.28
746.507
738.489
738.643
933.74
938.754
936.545
740.91
934.788
630.885
798.427
616.905
704.971
710.241
633.42
648.089
933.286
739.638
709.438
732.857
950.155
746.052
944.841
738.187
931.18
596.337
720.096
602.443
747.583
711.26
715.9
594.472
748.827
650.679
666.185
660.045
840.212
822.156
928.822
739.697
740.264
938.08
736.327
937.824
730.581
927.426
708.096
898.019
929.773
737.894
740.42
931.909
929.156
740.277
746.243
735.46
931.955
934.693
746.067
719.507
735.557
745.392
935.405
735.19
950.556
738.454
842.321
902.43
737.37
951.983
743.99
948.181
943.988
943.13
745.986
940.543
734.087
939.678
954.658
953.286
953.321
733.552
742.902
692.279
651.521
662.674
576.531
718.947
614.188
776.746
946.301
943.598
767.374
763.05
936.197
766.158
938.717
924.066
749.894
775.011
770.478
775.375
948.311
949.248
773.504
928.947
691.617
795.097
674.048
687.147
732.176
775.862
635.796
614.236
775.175
773.965
646.072
820.407
817.346
680.099
614.992
669.319
857.767
860.326
715.335
907.687
931.43
736.418
938.54
737.411
937.379
741.242
936.487
928.825
726.822
739.532
732.102
938.569
922.237
739.904
699.423
740.018
886.563
929.491
748.817
935.638
746.392
932.816
928.922
935.534
733.257
739.33
930.215
743.791
740.013
932.575
934.035
738.567
740.968
931.29
738.304
735.887
929.405
738.206
725.39
745.234
735.47
930.506
704.264
937.093
734.482
735.749
735.045
912.881
929.224
940.453
890.271
949.782
947.7
736.579
947.36
745.426
951.305
954.153
746.449
945.689
942.27
739.541
741.407
954.324
938.814
743.043
732.284
954.87
952.697
733.963
774.563
935.349
680.319
697.007
675.773
635.642
702.326
631.74
716.243
639.066
622.828
739.08
744.323
916.233
938.838
871.177
767.995
946.537
705.01
853.8
763.601
933.86
926.871
738.795
759.334
927.607
773.766
903.362
924.026
773.881
772.829
925.249
925.673
768.441
772.96
767.199
932.822
768.03
931.297
777.034
932.644
765.857
929.536
927.54
787.854
803.706
719.198
816.501
756.947
676.957
705.941
837.43
923.95
774.676
768.622
767.632
756.96
764.093
776.502
947.781
766.519
764.829
949.065
949.023
937.04
675.728
671.749
770.312
655.501
770.608
738.158
690.793
642.507
713.219
719.149
869.136
882.416
711.718
721.909
765.128
934.055
774.96
931.79
777.513
917.778
929.804
773.45
745.46
928.007
775.362
775.706
925.739
924.64
924.296
933.859
775.85
773.457
929.907
928.798
924.479
931.857
766.779
770.521
773.385
751.102
762.752
926.291
763.473
742.259
763.841
897.098
929.777
767.276
947.609
942.811
941.201
769.597
773.574
934.471
776.009
945.122
939.551
763.494
770.95
944.471
776.035
776.064
944.372
948.741
766.441
949.259
771.449
937.88
723.631
706.336
658.399
701.014
654.459
744.62
729.087
726.927
774.504
793.242
804.99
935.132
793.642
934.814
796.86
770.132
793.247
930.038
792.571
847.136
916.047
922.19
926.121
792.137
800.044
801.742
917.048
714.628
797.298
939.641
938.913
940.33
803.22
925.139
805.874
920.772
796.876
917.992
709.357
773.298
927.138
803.604
804.377
928.424
675.181
763.891
691.81
836.242
712.747
660.405
855.349
794.542
809.76
730.319
862.36
740.989
893.779
730.935
788.103
923.94
774.299
773.102
926.356
916.265
802.119
922.913
911.312
768.858
768.037
930.271
768.909
928.178
924.829
772.248
926.303
801.351
794.532
777.128
930.87
773.181
918.032
924.211
773.46
767.229
763.807
926.896
772.055
933.168
772.194
755.821
933.373
776.497
925.1
936.958
907.444
934.8
793.403
802.883
940.38
926.791
945.846
767.285
948.489
885.077
942.022
932.122
772.406
767.597
923.632
942.012
768.755
763.425
773.606
947.186
933.549
766.839
792.821
939.902
936.255
799.313
729.863
743.822
736.657
697.887
659.542
764.541
747.707
863.108
904.032
907.172
915.898
916.075
800.471
804.891
918.386
837.7
751.114
922.509
829.526
905.131
915.589
794.909
829.984
932.456
818.281
798.345
800.01
818.294
920.543
828.658
793.398
922.879
736.241
758.469
732.656
931.723
761.927
925.718
802.748
919.8
918.622
793.334
799.641
930.843
793.178
925.947
792.7
938.272
937.524
938.617
802.004
799.546
678.595
712.178
788.342
829.631
694.788
829.569
755.731
743.408
752.274
875.52
781.978
896.205
765.426
888.638
793.011
910.409
915.979
801.321
926.076
802.205
805.128
916.46
919.333
799.51
916.732
921.642
795.131
919.728
798.788
799.367
924.201
921.654
803.748
805.853
916.612
917.086
802.942
799.997
924.19
925.472
917.499
796.279
798.325
783.103
788.083
797.423
920.001
805.625
934.052
792.297
796.339
794.437
929.56
935.584
792.809
940.138
939.206
798.294
793.419
926.473
793.924
801.549
818.281
793.176
804.767
932.722
804.821
939.139
800.979
936.914
929.241
730.192
723.85
679.937
780.144
693.303
755.014
790.07
886.449
818.834
827.646
818.095
926.548
924.486
918.293
823.862
905.526
819.08
823.547
909.038
817.609
830.642
923.277
915.618
830.592
841.742
828.145
830.652
824.801
907.334
905.857
826.27
925.999
819.71
913.793
822.577
905.47
831.283
917.944
831.993
909.347
908.29
735.635
820.448
818.805
905.27
829.311
928.267
916.718
830.153
718.87
752.309
801.27
730.373
766.475
696.038
847.366
765.456
749.999
852.872
786.356
807.273
886.771
876.913
776.26
764.426
898.681
894.131
802.092
813.752
915.474
822.827
911.772
914.939
824.757
821.892
915.908
829.767
919.18
906.3
916.269
924.136
794.517
905.24
919.229
826.835
804.483
797.854
916.015
800.847
818.211
917.685
799.144
799.462
805.327
922.796
830.446
805.47
822.644
793.456
924.306
925.568
818.556
933.274
828.719
915.189
938.119
817.411
914.445
795.369
931.655
830.027
924.926
792.871
920.223
925.674
925.612
925.338
828.038
810.053
770.228
745.295
700.011
713.763
778.376
820.419
786.627
810.005
895.055
908.241
920.655
906.738
768.085
866.159
874.723
839.9
896.497
842.956
852.872
839.866
909.109
852.285
853.989
911.137
905.605
901.652
809.157
902.915
891.812
852.61
877.241
905.342
830.496
823.052
907.889
911.331
821.838
905.895
818.045
919.043
914.525
818.912
926.217
841.795
755.848
786.774
915.157
847.38
778.475
749.91
718.559
836.469
826.089
778.575
866.076
799.422
756
813.549
900.416
887.1
818.557
825.623
808.285
913.709
846.356
903.441
848.864
905.493
828.596
830.595
824.061
853.627
824.092
909.091
822.771
906.016
908.371
891.602
904.208
906.067
914.072
830.893
915.85
820.698
906.859
823.849
831.466
827.613
826.049
907.56
913.418
907.344
830.736
831.687
832.199
926.442
922.5
822.811
841.397
827.265
924.957
818.868
924.05
923.194
824.932
817.777
828.896
818.123
917.247
907.518
851.488
917.572
914.154
925.858
818.936
830.458
790.713
846.06
911.546
910.513
904.223
851.813
910.685
904.217
892.408
841.636
841.161
798.162
819.845
830.722
846.969
864.337
909.782
892.807
872.599
855.591
861.866
854.937
896.442
856.738
846.803
892.934
854.766
895.228
847.34
849.142
894.001
893.351
845.698
910.426
902.516
796.892
873.185
888.497
890.721
876.497
873.548
903.864
904.161
861.556
849.438
851.465
906.499
897.352
891.747
805.461
784.121
772.05
852.389
865.762
841.378
799.105
834.431
877.667
893.018
882.161
832.196
825.644
837.866
843.975
900.799
899.053
902.235
850.517
902.172
851.914
913.383
902.693
867.621
850.823
905.502
892.408
852.767
854.619
847.2
847.379
891.844
854.228
851.04
893.433
905.847
826.918
830.91
908.4
892.785
911.834
854.799
831.981
846.707
839.146
852.819
921.639
907.782
901.207
821.615
841.179
818.981
919.84
841.268
840.57
911.22
911.465
900.892
840.713
852.914
841.477
765.211
738.16
772.088
906.446
842.024
850.082
854.912
904.851
773.91
790.68
819.509
823.005
813.686
839.111
852.686
852.975
861.439
852.71
839.166
862.692
884.335
886.163
887.539
846.308
852.966
899.003
861.022
875.945
872.382
893.434
875.054
908.868
875.924
894.67
871.086
893.16
873.49
899.451
878.781
872.101
876.109
895.966
876.855
839.266
861.02
867.68
885.505
860.717
885.397
867.178
856.385
899.803
858.062
892.384
854.711
809.789
864.22
827.776
888.266
880.843
859.066
848.745
887.671
888.848
893.299
847.793
896.142
894.693
894.865
903.952
893.714
850.517
846.895
855.581
857.97
899.79
896.097
894.507
843.35
854.65
893.062
847.227
855.013
911.11
840.711
851.313
901.167
847.262
841.044
910.643
910.387
844.933
910.887
872.799
903.529
861.377
886.735
877.42
790.478
783.607
800.073
869.302
878.846
870.99
882.614
870.068
871.966
892.343
860.164
859.209
889.118
874.598
878.13
814.521
865.123
875.907
878.328
869.683
888.38
871.229
894.15
867.231
860.682
861.39
895.033
887.461
885.302
860.338
863.578
841.807
806.002
874.231
865.683
877.403
871.293
876.137
895.466
895.23
907.737
886.353
894.243
843.538
840.304
905.586
860.626
899.411
807.73
828.811
884.378
823.583
827.092
837.301
837.482
845.836
848.381
868.479
857.176
858.239
864.601
882.147
893.865
867.743
869.505
871.894
886.233
878.014
858.573
878.418
893.128
892.868
889.903
894.055
875.328
891.682
893.326
881.021
886.933
873.915
883.56
878.541
882.623
894.428
878.1
886.055
870.813
885.764
875.715
880.955
875.556
867.542
880.777
877.817
870.316
879.116
877.932
876.559
867.311
885.537
878.261
867.542
878.116
869.32
862.848
875.752
864.003
894.467
871.36
858.726
876.497
890.343
894.4
861.155
889.414
866.685
888.861
881.624
879.613
878.098
894.266
867.429
885.557
868.226
860.612
859.705
880.712
