864.064
871.565
918.349
703.03
1083.51
1007.2
981.495
863.467
861.807
858.965
854.712
848.766
840.774
830.41
817.393
801.499
782.164
758.482
734.79
735.245
758.791
781.017
797.863
810.67
818.948
821.563
839.703
787.289
810.974
801.6
798.074
793.395
788.063
786.96
764.133
795.514
799.421
781.174
780.331
774.081
768.475
762.185
756.924
763.676
708.021
725.181
717.805
713.319
710.138
706.379
707.624
681.822
768.586
737.712
741.691
740.583
738.216
736.253
730.931
749.084
685.841
646.091
666.061
658.653
657.602
654.854
647.91
641.006
615.906
753.815
716.612
711.478
711.411
715.116
719.419
711.449
717.075
525.718
443.825
446.2
446.458
449.414
452.738
461.997
457.072
470.151
509.938
500.649
509.912
514.035
517.374
521.991
530.687
580.491
479.954
504.012
518.217
523.975
526.438
527.49
531.268
524.508
692.738
978.963
1021.65
1036.15
1039.94
1040.19
1038.72
1035.98
1031.87
1026.12
1018.34
1008.09
994.878
978.092
957.37
933.787
903.406
902.649
887.471
887.329
880.833
879.049
876.927
875.099
873.742
872.7
872.014
871.65
920.063
954.849
988.27
1015.21
1036.75
1053.83
1066.97
1076.79
1083.92
1088.96
1092.42
1094.73
1096.23
1097.18
1097.75
1098.1
1098.3
1098.41
1098.47
1098.5
1098.51
1098.51
1098.5
1098.49
1098.47
1098.45
1098.43
1098.39
1098.35
1098.3
1098.25
1098.18
1098.1
1098
1097.9
1097.78
1097.63
1097.47
1097.27
1097.05
1096.8
1096.51
1096.2
1095.85
1095.46
1095.02
1094.53
1094.01
1093.46
1092.9
1092.31
1091.64
1090.92
1090.15
1089.34
1088.49
1087.6
1086.67
1085.71
1084.72
1083.72
1082.71
1081.71
1080.73
1079.78
1078.88
1078.04
1077.28
1076.63
1076.09
1075.68
1075.41
1075.26
1075.22
1075.29
1075.48
1075.77
1076.17
1076.67
1077.23
1077.85
1078.5
1079.16
1079.78
1080.3
1080.61
1080.56
1079.95
1078.5
1075.86
1071.58
1065.13
1055.91
1043.28
1026.67
1005.55
979.039
946.103
911.918
730.148
863.34
784.091
1097.68
1094.59
1097.94
1076.71
883.93
720.613
1097.21
1095.48
868.612
1077.48
1052.19
655.004
938.082
1078.07
1043.65
1078.58
1081.62
1064.07
628.662
1074.9
632.307
669.763
1085.79
885.676
926.524
1015.05
819.797
803.821
761.976
758.174
803.093
1098.33
1098.22
1093.53
1098.3
1098.06
744.225
1092.28
655.412
767.176
853.703
1072.9
1075.22
1073.22
688.87
1091
1005.21
1004.56
932.266
900.698
920.455
821.594
843.611
1089.42
666.286
897.107
774.279
1098.24
632.388
1096.77
794.056
1073.69
965.164
919.857
934.94
944.694
905.304
908.543
772.968
954.446
840.17
854.173
1029.66
1042.33
1036.69
1079.5
639.224
834.908
1074.03
861.157
1076.63
1037.15
1079.07
1050.73
1074.65
1083.75
654.992
669.061
1087.69
1076.54
660.176
639.652
732.754
1073.28
1072.9
676.809
892.703
723.75
838.815
1097.02
879.036
1097.89
873.908
1053.78
1088.84
789.415
1098.3
796.851
1097.54
1096.5
1096.19
814.693
1095.06
740.916
1094.6
1098.28
1098.33
1098.18
760.998
791.609
922.827
928.486
860.562
940.442
910.739
797.639
858.483
1097.78
1096.58
886.463
788.758
1093.07
780.384
1094.66
1070.38
898.257
767.002
808.676
841.233
1097.56
1097.71
836.634
1065.72
959.362
1014.89
869.654
890.165
933.206
867.897
823.799
987.523
987.902
977.876
1019.01
1025.71
1036.62
863.432
797.51
1037.7
1054.91
1066.92
1052.29
1077.21
1078.67
994.158
1075.91
857.167
1073.56
807.187
1077.37
1078.47
1048.77
847.923
885.715
1074.59
1079.1
646.668
1047.89
648.979
1070.44
1075.67
708.475
1073
646.216
1073.02
1080.55
1091.67
731.717
634.478
1084.79
655.399
666.393
1088.57
1090.25
674.691
670.676
1086.76
737.987
730.947
1082.69
639.857
888.462
627.167
727.471
1074.23
873.66
1092.91
754.311
780.391
721.787
1092.28
1096.08
1097.59
1083.82
1097.79
1098.13
786.193
1097.39
809.038
1097.98
1098.34
822.781
1097.01
1095.85
799.032
868.804
1098.25
1094.1
790.198
761.657
1098.32
1098.13
759.583
835.588
1092.45
924.52
894.338
874.509
929.031
921.533
822.908
919.944
965.288
966.243
938.462
942.336
1094.14
1097.43
1076.51
798.815
1097.26
1045.24
1051.85
797.291
1070.05
1073.76
1060.85
1038.15
1088.23
988.131
1073.28
1073.87
742.484
800.37
1078.86
1066.9
754.301
817.802
777.859
1090.26
770.676
1088.57
945.691
1066.93
754.592
1086.63
1083.53
1015.05
881.802
956.856
1022.84
964.829
1025.24
895.846
1053.72
1071.49
756.815
752.461
747.599
895.135
797.885
852.807
1097.48
778.676
786.056
1097.67
1097.78
1093.65
961.249
872.284
975.159
849.524
987.686
954.685
884.889
990.993
916.939
902.151
1060.82
1066.98
1051.55
1056.04
1020.22
1069.15
984.563
1066.4
914.266
1074.68
1072.91
826.329
1061.16
1065.76
784.58
776.604
1080.07
1068.42
1069.35
1068.33
978.603
853.46
1065.8
1085.56
1076.37
1071.97
747.75
1004.15
741.515
1059.1
891.334
1081.26
795.454
899.952
797.982
1088.48
1096.53
794.777
1097.8
1096.35
1095.81
804.816
829.777
1091.75
870.451
1096.96
1095.1
790.182
880.932
1097.73
846.899
864.08
1096.78
1097.62
782.449
1097.75
813.383
1094.18
926.257
958.03
963.656
904.968
850.434
954.352
927.603
1051.91
940.048
840.261
898.303
1096.8
840.629
1094.36
924.459
1068.9
836.332
1090.93
827.647
1046.53
1058.06
1064.19
1060.18
1061.79
1043.39
875.6
1068.1
990.723
853.474
1096.75
1096.23
1096.62
1015.68
1056.22
957.226
1053.14
824.048
1075.3
918.975
818.391
1065.98
908.577
886.985
1089.19
877.446
988.081
1036.63
1039.37
915.302
1010.3
1066.8
1001.68
1036.69
904.269
1055.21
1058.72
1070.95
1059.08
934.329
1072.67
748.456
809.826
1066.36
1056.88
887.127
1074.4
1074.4
754.571
751.011
1087.51
761.327
1084.56
1077.63
745.754
1058.95
1040.46
1056.12
1069.71
1066.03
881.322
1071.12
1075.12
739.92
746.132
798.186
1082.42
792.337
1071
993.504
1051.59
1067.6
966.666
1067.6
1096.84
1091.87
1097.1
833.979
876.838
1095.48
1087.21
1097.12
796.882
1097.8
1083.54
1097.62
1089.44
824.514
775.623
1095.61
1096.1
801.559
792.999
875.655
1097.38
1090.97
778.292
831.384
1096.5
1095.1
861.776
955.789
989.725
947.147
991.614
992.648
970.787
957.152
1076.23
1067.31
1093.34
1079.63
1062.29
851.14
924.051
1053.86
1038.67
1056.71
1095.36
916.54
1040.19
1046.42
1075.28
960.981
1092.95
882.766
826.532
840.695
1074.83
1095.66
1067.66
829.058
1082.46
1015.68
971.221
940.157
1095.37
1066.87
1056.98
1028.03
1075.48
1072.64
840.744
918.732
1091.68
838.03
1086.13
827.33
1096.83
1095.69
1096.1
871.923
1036.71
1013.78
1042.55
996.957
1034.24
898.78
1053.65
939.681
935.655
1063.57
1061.04
937.817
1066.58
941.068
1087.89
929.74
1067.19
1059.43
865.626
1057.78
1035.91
933.744
1065.24
1065.45
838.561
1066.69
1079.76
826.394
1076.07
830.739
842.018
1055.31
1053.24
999.621
968.199
1055.86
1055.02
899.728
846.43
1062.85
1061.51
1069.6
1050.63
1046.34
1068.97
1066.35
823.064
1053.34
949.043
1093.94
829.096
850.201
844.351
1096.53
1094.76
841.005
1096.71
1096.36
857.17
840.868
1084.91
829.395
913.466
881.848
839.358
903.661
1096.71
892.509
1096.8
866.732
1095.42
1090.1
990.272
934.501
992.509
990.43
900.31
988.923
970.871
1057.03
962.116
946.238
882.905
1095.02
1091.84
1084.25
894.935
1037.57
880.602
898.3
1053.7
881.514
931.152
1090.47
1043.33
1062.85
928.412
939.089
998.815
916.734
1057.17
1050.37
901.46
1093.86
884.653
1074.01
892.008
1061.01
1052
1045.79
1023.68
1035.08
1061.86
1046.53
1026.72
1053.31
1042.07
952.386
1094.72
1081.28
921.11
1015.7
1015.83
1010.82
942.005
1015.85
1030.07
1066.63
962.847
953.489
1047.06
1072.99
969.197
1064.66
1083.12
1069.39
1064.11
1091.16
1057.21
1076.46
1076.14
1066.51
957.313
1051.87
1048.18
1071.01
1072.96
1044.97
1065.68
1053.55
1053.44
1063.81
1082.63
828.306
1038.73
1074.11
1069.19
912.242
823.629
1060.89
857.275
883.193
1054.35
835.014
843.398
941.693
1053.93
970.362
982.644
892.494
841.906
1095.36
1096.22
880.971
1093.48
912.269
1078.04
1095.92
881.029
1094.76
847.115
1092.36
936.067
1084.8
827.84
1095.31
1094.64
1095.32
1092.9
908.585
1017.91
982.026
958.088
1015.32
922.638
1015.52
886.513
1068.02
1077.71
1092.13
1094.36
1087.76
1036.41
974.546
1082.42
1044.81
986.891
1038.79
1082.48
960.846
920.693
1093.24
948.984
1017.31
1092.52
1045.78
1065.65
1016.88
1029.47
1016.99
1079.46
1055.69
1055.35
989.92
894.722
1059.07
1069.25
890.515
1049.11
881.619
1085.53
1076.46
880.706
1093.7
927.93
1035.18
1036.28
1092.35
952.066
990.332
960.298
1032.98
1066.15
1028.43
968.298
1052.56
970.921
1048.98
965.921
1056.58
1090.09
1080.16
951.807
1076.71
1050.01
1081.9
1027.84
1081.11
1044.05
944.922
980.195
907.141
1078.29
911.205
1035.92
892.912
1051.85
1060.85
1014.96
1057.37
1036.87
1040.35
1058.23
1075.01
887.649
1055.39
902.515
1017.75
933.612
922.745
1036.25
1039.24
1030.79
1006.05
1044.51
1030.06
1095.22
1089.67
892.22
928.052
905.121
1092.42
880.396
1091.23
1093.6
897.862
882.074
940.865
883.141
1095.18
1093.33
945.317
1082.87
1075.24
1093.35
881.798
925.88
1001.72
931.207
1090.31
1086.46
1073.31
1004.19
1088.27
1062.59
1013.33
934.542
929.03
990.707
994.233
1081.23
978.099
1087.34
1084.1
1022.22
979.027
1071.41
967.516
1030.29
1014.26
1057.83
953.041
1028.82
1045.88
1042.45
962.064
982.894
1037.4
1033.51
946.839
1093.12
1068.34
1005.31
1088.59
1009.86
1090.53
989.018
1086.07
1026.79
1025.38
968.165
937.854
943.374
1089.78
1050.35
1040.1
1052.45
984.462
1059.91
1075.67
1044.21
1036.58
1073.75
990.052
1087.01
1041.15
1044.3
1082.34
1081.56
1082.58
982.779
1033.71
1036.28
1031.66
968.414
1093.49
964.491
1094.9
1093.3
1087.21
1080.27
1093.37
1019.76
1010.22
1023.84
969.75
953.044
1013.82
1076.58
998.831
1013.73
1047.64
928.175
1011.94
1036.17
1029.94
1037.08
1035.98
1037.07
954.68
918.857
952.816
1088.78
1091.4
1063.44
889.33
927.91
883.518
1086.7
925.071
922.775
1092.9
1089.78
1061.44
929.208
956.606
926.478
976.934
1034.5
1035.71
1078.93
923.669
989.178
1049.71
1075.28
1050.37
1062.07
1077.01
1065.11
1016.46
1074.57
1030.29
1081.2
1030.18
1010.7
1083.81
1004.88
1017.72
1014.76
1091.74
1085.4
1086.41
1093.09
962.922
986.531
984.12
1090
1051.07
1082.59
1055.4
1089.03
974.88
1024.54
1045.98
1088.71
1000.01
1041.17
1059.05
1084.78
985.676
918.876
968.173
999.737
1044.45
970.674
1041.7
993.037
1068.1
1018.54
1066
1006.82
1041.7
993.569
1085.66
992.652
1043.04
1090.51
1087.02
972.793
1012.36
1090.71
1027.98
975.444
1013.27
1040.06
1042.84
1026.01
1035.48
994.011
957.717
1053.59
1062.28
1055
1014.6
1014.27
940.056
1041.2
1031.72
965.635
1074.4
1089.1
930.747
941.743
1060.15
933.658
928.066
1087.45
1085.42
928.996
1090.39
981.722
1071.07
965.134
1033.42
992.349
1051.49
991.592
1002.09
1001.13
1024.29
989.967
1090.64
1086.92
1086.53
1090.32
959.8
956.685
1007.83
1085.44
1001.75
1008.83
962.661
1062.31
987.248
970.22
1056.26
1037.09
1080.68
1001.03
968.448
977.197
1083.46
1052.59
1039.17
971.325
983.712
1028.47
1070.8
1026.81
1000.88
1090.2
973.992
985.565
1014.66
1088.55
1080.87
1048.39
1089.57
926.407
920.614
1077.14
969.329
1086.9
1063.77
1024.05
1025.59
1072.94
1012.56
1079.41
1013.64
1012.74
1083.75
1028.88
1086.54
1008.07
1088.31
1021.24
1092.59
996.642
993.015
986.969
1090.77
995.183
954.424
997.665
1070.8
1009.09
1006.63
1073.43
1084.57
1067.69
1026.46
1083.64
998.964
1078.47
993.21
1001.11
991.503
1077.55
1075.43
996.808
1033.55
1035.72
1065.3
1078.71
1067.85
1013.59
1017.37
1002.46
1029.55
1012.49
1003.94
1072.72
1003.67
1033.21
1009.05
1010.1
1007.11
1024.31
959.408
1070.25
961.016
1082.12
1089.46
953.837
1083.55
1064.56
1075.61
956.924
1061.7
965.182
1059.06
990.369
988.542
1005.59
1079.21
1006.7
1037.38
1018.61
973.634
954.92
989.559
