824.231
842.328
456.929
660.148
1002.26
957.422
957.457
823.493
821.168
817.179
811.432
803.802
794.156
782.352
768.253
751.636
732.354
711.499
686.082
687.014
712.15
732.233
750.035
764.252
775.116
787.111
782.053
816.698
802.382
808.671
806.558
804.963
803.519
796.543
803.803
780.195
772.609
775.138
768.18
765.568
761.615
758.165
756.983
744.815
770.12
753.301
754.934
752.106
749.899
749.351
741.918
758.243
707.87
726.932
719.123
719.174
718.468
716.673
720.581
706.349
733.735
749.487
737.803
742.943
741.218
740.783
740.979
735.153
755.915
684.193
709.061
701.713
700.728
699.779
697.676
703.709
675.763
740.225
746.398
736.305
738.192
737.041
735.949
730.126
735.197
735.486
635.713
663.262
658.88
656.587
652.737
645.146
637.91
612.912
748.497
711.496
705.917
705.136
708.044
712.304
707.009
699.476
543.586
432.282
446.275
442.171
444.64
447.237
450.645
459.936
439.73
494.599
483.541
486.121
485.581
481.692
475.363
466.972
538.672
660.058
750.081
794.112
820.993
832.447
838.233
840.817
841.882
842.291
842.381
842.359
881.686
921.056
952.943
981.473
1005.58
1025.56
1041.92
1055.04
1065.36
1073.31
1079.31
1083.72
1086.89
1089.08
1090.54
1091.45
1091.96
1092.17
1092.18
1092.03
1091.75
1091.38
1090.93
1090.42
1089.87
1089.28
1088.64
1087.95
1087.21
1086.42
1085.6
1084.72
1083.8
1082.84
1081.84
1080.8
1079.72
1078.61
1077.46
1076.27
1075.04
1073.78
1072.47
1071.13
1069.77
1068.37
1066.95
1065.52
1064.14
1062.81
1061.46
1060.06
1058.63
1057.2
1055.78
1054.38
1053
1051.64
1050.32
1049.04
1047.81
1046.63
1045.53
1044.52
1043.61
1042.81
1042.15
1041.64
1041.28
1041.1
1041.09
1041.26
1041.59
1042.09
1042.74
1043.55
1044.51
1045.61
1046.81
1048.07
1049.35
1050.59
1051.7
1052.59
1053.13
1053.15
1052.42
1050.71
1047.69
1043.03
1036.34
1027.21
1015.2
999.916
980.99
957.976
930.602
899.991
862.015
777.759
809.035
764.107
1080.81
1083.22
1090.73
1054.74
822.293
777.988
1077.49
1069.96
819.756
1040.99
627.854
719.714
632.147
1050.77
638.595
1049.12
1045.13
1025.85
757.633
1039.09
727.338
772.189
1050.28
828.201
868.753
981.12
811.78
773.61
748.564
746.769
800.127
1090.28
1087.15
1064.3
1089.16
1084.7
744.613
1061.44
749.127
683.636
662.328
1039.22
1046.03
1041.29
775.185
1058.77
588.18
956.656
778.551
846.753
880.408
762.043
782.717
1055.92
774.777
815.467
759.685
1091.33
758.717
1075.12
771.021
1038.61
570.092
881.283
689.602
898.311
852.975
857.498
711.982
920.506
781.485
797.15
596.752
998.645
1005.32
1042.88
725.874
660.592
1043.45
662.373
1048.65
623.336
1051.44
638.806
1041.56
1047.62
740.246
772.876
1053.06
1040.22
717.941
756.258
780.141
1038.64
1039.76
738.736
821.964
776.945
817.436
1088.47
820.61
1082.84
818.294
1025.32
1072.91
768.624
1091.28
796.543
1079.74
1073.88
1072.61
807.854
1068.58
761.506
1067.18
1088.53
1091.06
1086.38
748.253
793.693
878.569
855.349
800.398
555.558
860.519
740.055
847.521
1088.32
1074.49
875.152
795.914
1062.3
805.15
1066.54
1033.2
876.631
789.38
821.586
835.802
1082.37
1085.09
771.495
1032.12
905.465
980.385
814.041
833.619
883.046
857.83
769.873
580.906
952.411
929.143
591.347
979.706
1004.66
809.536
740.213
610.013
1013.89
1041.65
632.417
1046.16
1051.37
628.432
1047.36
664.225
1042.3
669.338
1049.82
1041.89
625.301
660.128
644.47
1044.71
1050.77
723.093
642.365
728.118
1034.93
1039.58
726.117
1040.45
753.699
1038.84
1043.97
1060.13
745.583
727.024
1048.94
770.742
773.391
1054.48
1057.37
775.854
773.052
1051.66
782.647
778.688
1046.35
727.912
823.112
758.874
777.228
1038.77
827.182
1062.85
745.278
762.095
776.676
1078.86
1086.33
1089.87
1065.01
1081.85
1091.18
766.389
1078.63
804.071
1083.79
1090.73
818.982
1076.32
1071.3
773.033
814.875
1087.86
1065.76
789.873
746.701
1089.76
1085.56
747.626
831.968
1060.83
875.5
838.618
815.505
829.956
879.934
762.281
880.84
806.568
710.656
889.951
895.126
1081.56
1088.36
1053.79
815.206
1079.21
754.881
1009.94
797.422
1041.4
1046.07
740.269
733.158
1049.19
747.533
1041.55
1036.03
794.439
779.201
1040.83
1031.25
788.804
826.799
804.323
1056.34
802.688
1053.56
742.573
1035.75
794.481
1050.38
1046.32
979.471
869.028
917.03
975.891
912.173
748.077
844.72
1024.63
1034.05
791.959
788.744
789.984
877.426
799.45
843.633
1081.34
805.131
799.978
1084.22
1086.72
1063.74
890.442
814.963
925.552
793.137
951.671
919.319
831.207
728.604
863.148
855.154
1021.75
1030.66
754.658
752.473
739.062
1039.91
744.413
1034.58
749.649
1045.82
1045.31
774.38
735.201
1031.62
784.159
786.669
1042.16
1031.91
1032.49
1038.45
741.456
766.165
1032.77
1048.95
1038.32
1044.19
792.32
745.013
793.812
731.782
876.726
1043.52
796.721
873.888
802.012
1071.61
1086.47
810.429
1087.91
1073.21
1070.6
819.043
828.715
1059.29
865.768
1076.93
1067.91
795.789
872.872
1088.58
839.767
851.366
1075.73
1083.32
804.459
1085.95
824.169
1065.15
874.267
913.221
861.095
849.612
793.384
919.933
873.432
863.29
900.209
839.225
880.644
1083.15
840.275
1063.29
897.455
845.95
837.888
1053.82
837.224
1003.23
1020.42
1036.23
1031.54
834.132
827.308
834.633
1027.44
934.361
850.037
1079.69
1073.14
1077.52
816.182
1025.4
824.826
1020.06
835.456
1031.68
859.846
775.78
1031.31
887.928
872.855
1050.75
817.846
951.072
751.538
994.749
858.536
740.954
1040.86
952.843
1003.57
863.699
1014.83
860.771
1037.12
746.46
901.081
1035
793.625
777.094
1031.19
1019.76
832.675
1046.31
1044.33
788.908
789.391
1051.76
801.251
1047.67
1039.56
792.665
1029.81
822.941
833.844
841.366
1033.6
756.603
1030.02
1037.15
794.304
790.671
798.041
1044.91
780.24
1042.85
747.821
731.066
1037.06
740.493
1031.5
1082.53
1077.38
1087.69
837.871
865.323
1069.27
1047.63
1078.09
813.078
1087.36
1063.9
1088.62
1055.04
826.366
803.887
1084.51
1071.92
816.932
795.983
869.731
1080.29
1057.67
804.649
837.749
1076.07
1066.31
855.493
918.783
948.001
890.782
917.908
829.043
919.83
902.616
1052.01
1036.34
1078.28
1030.54
1023.18
836.628
825.609
1018.99
993.603
936.53
1073.81
901.614
1003.12
1018.09
931.331
880.224
1058.53
874.005
834.749
833.966
918.417
1082.52
899.618
836.38
1040.48
959.381
915.429
883.14
1068.88
850.923
1026.7
816.522
1034.02
1031.4
839.526
894.544
1055.37
838.294
1046
836.651
1081.74
1069.14
1071.9
861.853
1001.54
845.884
862.088
946.683
988.17
839.959
1023.32
892.601
884.612
856.101
1023.5
901.308
1033.84
897.113
1069.12
899.687
1037.56
1021.28
835.797
1028.09
818.967
824.818
1025.27
1037.27
833.363
1026.35
1037.89
835.786
1034.19
834.442
834.745
1023.94
1020.76
817.406
822.975
1019.28
1018.99
830.037
836.501
1034.84
1033.25
1028.69
833.176
830.918
837.639
835.075
834.82
1019.65
825.157
1061.73
837.443
847.658
843.722
1083.69
1064.86
840.506
1078.72
1074.49
852.742
839.646
1046.02
836.508
891.083
873.602
838.766
884.428
1083.58
876.762
1080.78
858.755
1067.74
1052.3
943.308
876.559
886.837
938.381
840.417
950.174
926.392
1023.15
930.383
921.993
874.292
1067.39
1050.42
1035.54
883.633
1001.95
872.42
876.896
1025.13
873.754
912.64
1047.03
1014.26
889.76
907.335
878.57
878.105
875.762
1012.88
1008.65
889.213
1057.98
872.091
1025.8
875.597
1011.23
884.105
1015.54
883.672
1003.37
1015.36
931.398
978.847
1020.67
1004.21
879.805
1064.1
1032.23
905.166
941.081
969.548
960.594
883.563
975.188
856.489
1039.33
911.753
899.213
1005.03
934.485
931.391
1029.71
1061.82
936.805
937.705
1074.49
1025.29
927.638
921.526
1037.8
928.246
1023.7
1020.07
909.73
914.243
1016.28
894.181
1019.27
1010.37
1024.26
1042.13
836.507
1002.4
1032.76
904.514
827.537
834.734
1022.25
836.34
874.14
1018.9
833.819
835.895
824.795
1022.04
880.006
820.272
876.066
842.034
1072.58
1083.4
873.166
1060.15
898.217
1029.03
1070.55
873.261
1080.88
845.544
1056.95
915.91
1044.08
836.248
1074.91
1064.06
1071.21
1053.48
895.257
969.497
928.069
900.773
907.214
863.501
978.095
877.043
986.608
990.556
1072.51
1075.67
1040.89
1002.1
920.943
1058.06
1009.97
956.262
1010.14
979.772
939.827
904.241
1056.95
930.233
924.913
1049.44
1006.33
1006.9
967.092
1001.93
982.218
958.446
1019.44
1026.05
878.411
876.524
1014.14
1021.13
874.572
1008.13
873.589
1037.2
1027.6
871.712
1056.97
907.341
979.351
997.521
1048.73
915.294
936.408
903.93
921.894
1036.3
981.523
920.429
1013.55
929.738
972.033
931.295
1026.18
1069.45
988.905
925.195
924.284
1021.98
974.859
1000.15
969.192
1005.39
879.043
879.248
876.344
953.171
875.517
1003.5
876.288
1009.43
1015.23
981.159
1008.82
1001.91
1010.85
885.91
1028.8
873.178
1011.72
876.766
881.514
877.968
876.61
1002.56
1008.92
1000.16
878.292
883.823
884.794
1069.63
1045.12
881.417
906.841
892.33
1051.98
872.714
1048.96
1056.4
886.086
873.972
918.779
874.187
1075.74
1059.2
927.143
1033.98
1026.66
1055.27
871.341
908.753
949.586
914.237
1037.98
1029.13
1012.34
920.647
1031.73
1009.81
981.001
906.662
906.415
944.054
954.807
1024.73
951.658
1020.44
1026.02
985.211
956.05
943.045
937.728
926.508
984.753
936.382
914.17
987.72
927.196
993.727
914.528
915.932
991.282
989.619
912.73
1054.85
1008.69
953.857
1061.03
983.756
1037.69
958.545
1002.39
998.816
996.684
937.539
920.342
925.43
1034.11
997.839
988.256
1015.76
934.161
980.81
1048.69
1006.79
992.905
989.408
956.869
1064.82
1011.56
1011.63
984.494
986.336
982.179
954.372
1006.06
1008.26
1004.15
945.209
1074.55
942.498
1076.1
1063.25
1016.39
963.417
1061.43
983.875
922.58
926.03
913.505
915.154
980.817
948.388
919.048
981.935
1007.41
877.241
879.299
1003.1
987.933
1006.55
926.181
884.585
913.922
903.205
933.402
1043.09
1042.03
1005.83
879.159
906.532
874.799
1039
906.377
905.292
1052.54
1035.99
1004.98
905.597
936.468
906.782
921.601
958.943
990.774
1017.92
907.555
917.302
928.798
1013.91
994.758
1006.56
1021.41
1030.76
968.042
1042.67
992.052
1051.48
994.781
977.739
1024.88
976.027
990.408
988.068
1064.18
1023.96
1023.11
1064.56
935.784
957.186
960.637
1031.15
964.169
1023.62
966.344
1025.29
952.344
986.419
960.686
1026.71
964.169
957.545
967.217
1012.57
957.629
903.445
936.97
948.413
979.316
937.075
978.957
947.542
941.874
990.088
943.552
979.312
1001.29
950.566
1057.44
956.507
1012.11
1063.13
1022.11
948.101
986.038
1041.27
987.799
914.008
984.319
992.655
993.248
997.821
990.534
918.001
914.058
931.945
941.125
1002.08
984.479
982.991
909.16
926.2
988.788
913.985
945.374
1033.81
905.418
923.875
1005.09
916.539
906.313
1030.43
1027.93
912.2
1038.2
958.503
1010.76
936.66
980.08
960.504
1007.92
938.901
952.618
951.048
994.853
965.56
1046.85
1011.71
1006.88
1034.45
934.154
932.429
981.802
998.071
963.977
962.94
940.383
967.441
959.44
947.541
985.028
955.431
1003.73
947.743
936.673
938.233
1008.82
983.107
978.593
936.559
941.717
986.967
1015.29
995.784
973.567
1047.85
951.38
956.994
983.931
1023.46
1020.89
980.956
1028.15
909.913
904.98
1015.75
936.782
1020.53
1021.72
979.081
975.867
1032.48
970.337
1040.23
974.882
977.08
1044.98
995.872
1047.23
977.341
1048.03
993.008
1064.84
970.585
967.914
963.087
1044.44
961.97
931.244
963.115
996.778
982.355
980.532
999.281
994.184
993.375
987.284
996.801
973.053
979.118
967.847
964.229
965.097
1001.79
979.613
970.122
954.271
978.89
967.899
987.58
968.772
948.243
969.838
963.831
953.124
967.024
964.323
974.331
947.942
978.268
965.51
948.325
965.107
951.252
936.917
970.757
938.617
1005.9
1048.23
931.27
991.883
990.204
1000.78
934.533
987.857
942.904
986.307
963.614
961.025
964.859
1002.6
948.165
978.79
949.352
937.016
932.545
962.403
