562.842
560.49
468.666
470.492
763.472
762.274
757.01
562.26
560.519
557.624
553.59
548.433
542.176
534.845
526.476
517.103
506.763
495.527
483.381
484.018
497.028
509.355
521.068
532.05
542.45
551.909
561.154
568.893
576.811
583.468
589.777
595.352
600.305
604.854
608.548
612.187
615.097
617.578
619.777
621.562
623.052
624.33
625.193
626.231
626.446
627.204
627.378
627.669
627.844
627.822
628.13
627.659
628.358
627.849
628.107
627.985
628.015
628.088
627.994
628.278
628.151
628.176
628.448
628.504
628.712
628.949
629.025
629.577
629.236
630.363
630.035
630.64
630.803
631.1
631.522
631.525
632.334
631.97
632.509
632.706
632.945
633.162
633.348
633.443
633.698
633.306
634.123
633.385
633.529
633.092
632.654
632.26
631.117
631.009
628.681
628.153
626.105
624.388
622.131
619.47
616.737
612.975
609.549
605.407
600.34
595.143
589.154
582.573
575.644
567.375
559.896
549.348
540.586
529.659
518.863
507.051
494.858
481.801
481.308
493.469
504.535
514.849
524.15
532.5
539.81
546.065
551.221
555.262
558.162
559.907
581.257
601.152
620.163
638.212
655.296
671.37
686.437
700.482
713.516
725.55
736.605
746.707
755.891
764.193
771.656
778.327
784.252
789.483
794.068
798.058
801.503
804.45
806.947
809.042
810.78
812.199
813.332
814.21
814.867
815.332
815.633
815.791
815.828
815.762
815.609
815.384
815.098
814.763
814.387
813.98
813.549
813.1
812.638
812.169
811.698
811.223
810.749
810.288
809.866
809.481
809.116
808.754
808.405
808.082
807.794
807.542
807.326
807.147
807.003
806.894
806.818
806.772
806.751
806.748
806.753
806.755
806.742
806.697
806.603
806.439
806.179
805.794
805.249
804.506
803.526
802.271
800.703
798.773
796.427
793.606
790.253
786.309
781.718
776.422
770.364
763.489
755.745
747.082
737.457
726.832
715.175
702.461
688.677
673.811
657.874
640.865
622.83
603.771
583.77
653.895
633.291
653.999
814.515
745.626
777.169
699.507
612.691
653.861
813.854
811.401
571.962
805.533
611.766
660.018
633.851
775.28
578.884
746.011
805.596
701.498
659.532
805.477
659.164
658.04
806.103
560.895
550.511
637.231
642.735
652.747
654.384
655.02
648.595
803.231
812.093
809.513
807.808
814.086
655.322
808.626
658.119
655.974
647.76
804.037
792.422
801.06
655.55
807.891
536.102
639.905
520.822
573.139
575.102
525.384
534.067
807.175
656.481
590.713
654.342
788.298
659.531
813.145
653.443
805.219
509.927
580.431
508.482
602.649
577.494
580.709
497.989
600.158
538.112
550.152
559.11
672.885
654.354
805.53
659.648
652.333
797.573
641.65
785.143
624.075
762.378
596.883
725.81
805.781
658.828
657.223
806.569
805.535
660.023
659.314
654.079
804.96
803.297
657.687
598.429
653.855
636.7
763.07
618.74
814.544
624.183
670.435
724.519
653.642
792.872
649.887
814.363
812.739
812.309
644.99
810.933
654.195
810.46
809.543
796.853
812.968
654.681
651.075
565.241
541.631
544.065
496.16
582.82
510.942
666.105
789.292
810.786
640.417
678.484
807.697
678.689
809.022
801.882
618.937
684.544
677.494
672.448
808.367
804.135
682.981
800.392
567.978
634.583
553.833
560.911
591.922
659.824
525.842
523.404
619.12
621.798
548.236
656.931
651.69
561.334
511.945
570.551
687.735
685.485
604.721
736.409
769.236
628.968
789.076
645.067
799.495
653.705
780.563
805.527
618.087
650.154
638.416
795.235
754.652
659.875
588.867
660.464
714.182
805.522
655.913
802.316
658.854
804.578
805.551
808.254
656.21
659.453
805.924
657.794
656.9
806.853
807.528
656.479
657.425
806.318
653.547
653.8
805.672
658.861
606.064
660.06
653.893
805.384
581.264
809.053
655.362
653.793
654.05
735.548
754.788
770.515
712.513
814.581
783.08
653.797
814.138
646.979
814.386
800.291
639.922
813.519
811.861
652.916
628.837
810.961
809.988
651.653
654.43
805.721
813.622
654.816
673.879
807.23
558.493
567.633
553.022
531.496
570.801
523.059
578.344
536.409
523.567
596.718
600.372
742.392
773.702
696.67
678.021
810.356
587.702
684.909
678.216
785.558
765.859
625.799
652.058
801.556
668.383
733.271
801.905
683.898
684.58
802.262
801.73
682.176
676.467
679.218
805.839
679.866
805.025
678.083
795.907
680.735
804.071
803.176
630.593
694.485
583.883
654.157
609.901
564.498
579.033
667.733
801.88
684.348
683.032
681.475
626.757
678.114
668.638
809.237
678.768
678.402
805.843
799.595
808.153
558.466
550.345
619.234
540.148
616.584
594.32
566.817
537.874
578.815
590.242
698.604
711.206
599.135
608.468
656.816
788.886
671.385
797.441
679.236
751.381
771.857
683.605
633.327
800.927
684.517
684.646
802.436
801.869
801.883
791.69
673.941
682.004
799.646
803.716
802.021
777.103
680.714
660.923
683.324
640.201
633.962
802.65
678.225
609.974
678.409
721.486
759.7
677.871
793.244
810.634
810.13
677.783
674.988
806.74
655.687
810.815
809.425
678.248
646.164
784.751
670.705
663.242
810.853
807.24
678.408
802.077
677.182
808.596
586.006
576.576
547.871
570.413
538.672
597.845
595.21
605.28
637.776
700.524
687.805
778.877
700.073
804.672
666.73
644.903
700.676
802.866
701.092
680.152
795.849
766.2
779.768
672.526
690.45
707.484
796.189
584.86
699.973
793.542
802.015
798.291
700.376
790.24
705.507
794.147
702.87
795.614
577.036
684.091
801.309
680.952
692.631
802.01
553.713
612.925
576.734
670.055
582.068
551.558
682.733
637.154
647.5
600.816
693.754
616.124
722.751
617.576
653.786
801.886
684.156
684.47
801.567
795.828
707.632
759.051
742.802
682.364
681.806
804.432
679.83
803.451
802.126
682.882
783.09
693.59
677.932
652.866
798.673
681.322
796.565
801.95
683.654
681.166
678.232
802.899
685.05
781.655
665.056
646.291
794.024
676.086
801.824
783.358
732.413
767.093
700.659
696.01
809.797
801.098
810.656
678.156
796.665
709.601
779.572
805.476
676.047
679.455
751.477
810.412
677.956
678.278
651.336
809.892
806.219
678.975
700.854
799.731
804.69
699.112
589.816
601.818
595.834
574.811
551.601
615.195
603.485
692.201
737.499
737.061
793.121
795.961
706.796
707.31
795.52
673.379
620.224
770.852
714.416
787.599
771.938
662.714
728.15
803.981
721.143
703.959
705.049
691.821
754.128
710.039
701.599
798.678
600.955
611.93
595.678
792.652
636.166
788.302
698.471
797.321
796.817
700.429
672.08
803.266
700.595
800.616
701.168
787.258
804.183
803.021
697.285
641.785
566.068
592.88
632.781
665.341
568.168
663.376
618.356
607.334
626.64
706.253
646.195
728.087
628.648
716.692
660.612
745.989
795.897
707.291
785.89
696.234
706.993
796.054
760.287
704.792
796.115
798.111
702.85
797.086
704.277
705.745
791.599
793.263
702.153
704.595
795.804
795.759
707.696
706.481
771.389
775.91
796.35
682.773
686.777
660.109
666.7
703.306
794.839
706.153
804.516
701.038
700.24
700.375
767.987
804.759
700.267
796.199
800.815
699.561
700.294
801.397
701.979
676.859
721.127
700.563
684.6
773.784
690.402
790.629
698.241
804.511
802.452
594.012
586.994
563.603
627.028
565.991
608.071
645.071
721.047
678.703
695.429
720.88
784.945
796.48
794.465
720.194
787.39
721.081
724.439
752.723
720.143
707.278
796.569
778.013
715.951
739.144
727.124
727.907
725.28
788.469
787.996
719.419
793.225
721.321
792.017
723.399
786.275
720.147
784.803
726.228
785.44
788.691
607.162
658.794
657.279
787.82
727.792
791.619
793.595
712.414
590.494
610.464
643.368
592.53
618.65
579.822
678.307
622.659
609.611
686.921
653.565
663.625
717.7
705.056
643.462
632.395
727.352
730.33
670.971
685.507
753.586
685.064
758.515
768.09
701.928
697.198
775.336
713.215
795.266
788.028
796.027
799.798
702.359
787.478
797.082
706.182
707.313
703.582
795.949
707.008
721.096
795.676
704.499
706.143
706.605
792.385
728.299
703.221
723.797
700.191
775.229
761.467
721.053
804.287
716.057
792.72
803.711
719.679
746.002
700.354
803.644
703.865
800.007
701.24
765.929
787.104
779.045
795.749
717.568
649.579
620.109
602.81
578.763
581.075
625.363
720.15
646.319
668.847
729.892
746.66
795.612
787.347
622.183
698.974
712.651
694.645
743.563
708.542
724.236
737.313
765.36
732.021
746.552
774.516
788.095
782.761
650.763
762.471
777.471
727.257
710.851
746.189
728.195
724.089
788.714
790.488
722.863
788.151
719.385
794.849
792.349
720.855
794.526
739.201
616.24
634.443
781.941
742.76
627.383
607.617
593.287
672.122
665.033
634.41
699.459
654.799
619.962
671.489
738.733
720.61
678.198
690.575
678.525
763.637
714.136
765.934
718.968
788.029
727.375
728.255
724.787
730.493
724.761
786.536
723.882
787.971
788.907
777.084
785.538
787.382
779.891
718.105
793.679
722.017
788.283
724.644
726.716
726.8
725.839
787.286
783.326
782.087
727.499
722.008
725.322
782.324
796.374
720.422
738.824
718.775
796.198
720.991
796.686
789.824
719.808
720.497
699.811
720.985
760.346
761.216
733.76
794.084
792.194
795.266
720.797
709.98
635.944
737.9
783.302
786.615
784.3
745.274
785.482
785.067
776.936
738.605
738.517
648.293
669.884
682.017
706.922
722.844
786.989
778.425
747.796
737.98
754.776
746.694
775.619
744.21
742.087
778.285
745.139
779.017
742.329
743.579
778.379
778.189
741.548
769.086
783.289
642.135
712.368
751.499
750.253
765.737
741.706
769.051
774.398
754.495
737.816
735.834
777.484
780.203
776.187
649.503
635.727
633.519
686.137
702.64
678.659
658.027
687.19
710.414
737.236
721.721
694.456
686.54
701.729
701.163
754.1
749.174
758.649
716.314
738.647
720.496
753.998
751.209
728.448
723.237
756.571
778.061
745.837
746.776
742.149
742.595
776.941
733.16
744.806
777.17
788.213
726.337
727.028
787.07
778.045
783.452
746.151
723.962
741.949
736.486
729.863
796.061
774.247
782.532
720.363
738.643
719.629
795.241
738.711
738.046
772.224
784.303
782.396
738.082
727.177
738.938
618.184
605.561
625.87
785.43
737.41
744.244
744.596
784.621
630.799
644.879
670.842
664.233
656.281
678.361
693.328
691.22
703.165
700.45
691.441
714.963
738.304
743.197
729.778
699.951
708.062
745.084
754.086
765.065
742.085
757.822
762.142
786.668
762.491
763.279
749.051
778.693
761.219
770.256
767.726
760.369
762.273
772.399
764.968
736.312
754.019
757.948
770.885
753.488
770.884
757.838
740.185
773.047
742.776
769.163
691.317
659.538
702.489
678.922
729.947
721.402
715.754
711.721
747.675
745.79
778.67
742.541
774.288
778.751
778.652
771.101
778.313
744.497
742.037
744.303
744
781.931
776.623
777.312
739.834
745.599
778.116
742.203
735.745
784.99
737.986
737.57
782.695
737.578
738.514
786.128
787.015
738.083
781.994
745.274
783.917
754.404
772.317
766.606
640.691
632.927
646.822
759.263
726.881
734.993
734.7
733.336
737.714
754.338
753.316
752.398
754.97
745.054
767.075
659.745
752.701
761.708
765.545
753.453
772.736
759.861
773.741
757.533
753.668
753.663
772.753
772.159
770.892
753.087
755.217
682.145
658.35
719.755
720.794
727.538
751.227
764.871
777.195
765.105
786.132
771.429
760.828
737.872
736.65
784.997
753.521
773.78
655.162
669.775
770.799
669.046
671.715
681.764
682.442
691.9
692.909
711.86
702.634
708.04
711.442
733.011
737.852
725.88
730.619
738.772
740.654
767.146
751.647
767.476
775.335
763.846
758.435
775.696
747.906
774.537
778.773
756.189
761.928
752.647
760.754
767.479
765.008
775.117
759.686
766.263
759.661
771.412
761.06
760.599
760.356
757.515
768.209
766.731
759.379
767.079
766.701
759.557
757.524
771.333
766.561
757.574
766.583
758.713
752.856
759.801
752.891
773.228
719.748
751.394
750.82
773.762
775.564
752.243
773.246
752.643
772.976
765.493
765.85
766.7
774.461
757.548
771.166
757.972
753.183
751.696
765.838
