728.235
737.691
561.337
581.088
914.585
899.306
903.154
727.369
724.731
720.32
714.136
706.182
696.471
685.005
671.802
656.95
640.25
622.256
602.43
603.253
623.473
641.737
658.392
673.244
685.523
698.455
703.693
720.375
721.241
728.865
731.79
734.743
737.269
736.794
740.612
735.488
734.673
735.284
733.303
732.539
731.094
729.278
729.252
724.361
730.622
724.678
725.522
723.732
722.622
722.924
719.106
725.155
711.26
717.915
714.263
715.181
714.903
713.962
715.954
711.938
718.009
721.28
718.676
720.624
720.077
720.329
721.876
718.46
727.206
709.686
719.015
715.237
716.835
717.171
715.847
720.191
711.975
726.941
725.5
725.095
726.079
725.704
726.542
726.369
725.478
730.851
710.662
721.31
716.898
718.293
718.179
716.663
721.377
709.17
737.33
723.902
728.958
727.078
726.507
726.955
722.352
729.278
712.974
702.713
706.078
699.085
696.167
690.83
683.462
681.482
658.601
686.617
659.077
652.32
636.799
620.964
603.357
585.328
572.008
599.475
616.802
635.67
655.681
672.829
688.951
703.163
715.265
724.947
731.991
736.266
771.273
803.308
831.817
858.122
881.462
902.18
920.309
935.973
949.34
960.594
969.93
977.551
983.661
988.458
992.13
994.851
996.779
998.055
998.802
999.126
999.113
998.837
998.36
997.737
997.01
996.205
995.336
994.418
993.466
992.49
991.498
990.495
989.483
988.464
987.44
986.41
985.376
984.338
983.296
982.252
981.205
980.158
979.11
978.063
977.018
975.97
974.918
973.882
972.895
971.954
971.027
970.09
969.156
968.247
967.379
966.556
965.783
965.066
964.414
963.834
963.337
962.932
962.629
962.437
962.363
962.416
962.603
962.929
963.4
964.015
964.774
965.668
966.68
967.79
968.972
970.203
971.449
972.661
973.769
974.69
975.328
975.576
975.309
974.386
972.65
969.929
966.035
960.774
953.941
945.331
934.745
921.993
906.903
889.319
869.13
846.32
820.558
792.617
761.18
752.831
766.45
751.361
986.322
975.217
992.494
933.747
760.915
754.344
983.272
977.076
727.454
960.535
743.233
752.313
750.687
972.751
716.097
959.219
961.472
920.569
764.667
961.126
751.564
757.322
963.884
725.918
700.73
855.938
768.841
755.389
748.185
748.229
765.389
996.535
993.103
972.919
995.453
990.294
749.173
970.909
762.025
747.801
748.608
964.926
973.002
968.465
758.521
969.08
647.288
844.893
640.612
744.857
756.646
667.084
683.684
967.214
756.462
741.778
747.566
995.709
761.781
981.216
754.612
962.228
611.475
769.381
624.55
790.926
751.536
756.458
624.905
801.153
685.37
701.457
675.781
887.945
879.316
960.782
751.587
750.02
970.947
746.672
973.912
750.873
968.329
731.275
943.835
962.532
751.024
757.297
965.46
960.596
751.21
761.981
752.805
962.996
966.046
761.947
751.762
752.634
770.543
986.105
764.023
988.327
766.118
900.027
958.301
753.397
996.464
763.815
985.311
980.183
979.148
768.212
976.038
749.561
975
994.742
996.798
992.197
747.705
762.253
733.383
681.881
699.49
590.961
759.694
646.797
801.553
989.503
979.949
800.549
779.495
971.012
784.468
974.018
955.079
786.713
792.168
790.17
797.511
986.431
988.682
786.625
959.665
728.01
849.874
711.157
726.301
774.582
803.229
670.527
630.044
829.558
819.013
662.517
867.734
873.156
715.493
647.45
685.775
905.507
918.122
737.693
952.413
971.032
756.601
973.652
747.719
969.72
750.424
973.658
960.6
747.597
749.333
742.62
972.07
964.457
751.733
723.688
752.004
933.283
960.791
764.345
967.232
762.018
963.9
961.076
969.996
746.607
751.476
963.176
761.149
756.933
966.316
968.148
755.694
757.639
964.647
756.317
753.049
961.961
750.036
756.652
761.44
752.653
961.604
739.555
971.893
748.483
751.087
752.11
967.613
981.315
989.773
947.078
987.328
994.426
752.345
984.294
766.824
989.317
996.798
771.124
982.246
978.113
756.232
767.815
993.956
973.964
761.972
745.96
996.068
991.256
747.972
795.95
970.003
718.078
736.375
713.609
662.104
746.363
665.853
764.418
664.257
646.069
781.915
787.474
968.268
985.481
927.221
786.937
983.756
729.104
901.318
780.245
968.632
966.185
758.114
776.031
961.053
791.308
947.837
955.556
791.248
786.434
957.533
956.24
783.844
793.471
785.354
966.993
786.214
965.167
793.458
964.586
782.041
963.046
960.557
840.555
827.352
762.901
863.614
800.967
702.436
743.916
893.752
955.125
791.834
784.102
783.285
792.593
780.762
800.37
985.565
784.727
782.194
988.001
989.688
972.017
708.093
709.62
815.146
691.507
823.736
787.429
728.546
666.786
754.347
756.934
916.288
928.899
734.017
742.83
782.547
967.949
792.011
963.295
793.043
959.73
967.854
786.783
764.071
958.607
791.241
792.653
958.21
955.38
955.162
966.99
792.599
786.615
960.81
962.14
956.384
968.717
782.454
788.563
790.971
768.823
797.192
958.948
780.052
780.003
780.867
951.535
979.092
785.716
989.864
978.974
977.008
788.967
794.272
968.96
805.335
981.877
975.018
779.897
802.816
988.724
798.984
801.832
980.919
987.242
784.728
989.267
791.585
973.018
765.48
746.507
686.426
741.241
690.765
795.766
768.913
754.385
811.724
812.729
831.444
977.288
813.06
969.605
829.08
794.714
812.675
963.908
811.236
894.279
946.119
959.742
960.328
813.009
818.429
819.254
948.246
752.385
817.413
978.315
975.2
977.935
820.524
956.452
823.241
950.712
815.802
949.845
749.965
786.774
957.679
832.161
828.846
962.012
712.841
815.055
717.042
883.759
752.271
685.421
911.734
840.79
863.402
767.868
909.126
767.636
939.35
750.899
823.007
955.29
791.528
786.602
956.888
946.207
819.659
963.539
954.562
784.093
783.601
963.944
786.627
961.363
956.925
789.105
959.605
819.259
814.71
800.88
962.033
787.037
949.564
955.928
791.016
782.891
780.486
959.735
786.291
968.931
790.164
772.723
965.854
793.157
955.738
978.101
960.747
982.755
812.714
825.803
976.016
960.096
982.824
786.125
989.897
940.449
987.425
966.155
792.739
785.778
974.32
977.995
787.872
779.937
804.237
984.672
967.866
785.014
811.902
977.002
971.393
820.28
776.646
789.157
779.315
731.477
685.76
809.031
791.126
916.858
946.845
956.908
947.552
946.619
818.251
822.469
948.088
884.316
782.052
961.908
854.762
933.969
949.019
823.889
850.176
966.768
839.239
817.404
818.58
843.426
967.621
850.148
811.981
955.538
775.129
802.421
773.897
967.603
787.223
957.571
820.083
951.8
950.318
812.873
830.505
964.857
812.637
959.108
811.324
978.502
973.054
974.637
824.249
850.305
705.534
739.861
834.231
876.781
733.615
883.657
794.9
783.127
778.196
921.605
818.093
940.255
803.661
940.777
826.6
951.908
946.202
818.905
958.583
819.753
822.711
947.336
958.165
818.306
947.771
954.059
813.861
951.776
817.788
817.693
955.066
951.805
821.043
823.084
946.449
946.844
820.52
817.893
960.531
960.693
948.864
815.932
817.324
805.945
809.923
816.503
949.813
823.074
968.68
811.109
816.172
813.782
974.04
970.55
812.035
978.228
975.825
818.773
812.952
959.652
812.478
831.172
839.245
812.636
832.291
975.997
830.233
978.55
822.568
972.241
962.971
771.861
765.568
709.089
825.534
732.587
803.551
830.473
929.902
854.561
859.201
839.008
962.551
957.562
950.304
845.971
934.163
839.982
844.476
947.195
838.565
858.681
956.098
947.323
851.118
864.557
848.517
850.908
845.517
937.538
935.534
849.125
959.864
840.594
945.133
843.582
935.625
851.201
948.67
852.152
938.239
938.769
766.402
867.073
869.928
934.258
849.573
963.171
948.493
856.221
753.448
795.191
847.504
772.233
813.091
723.457
901.483
806.997
791.573
899.106
816.221
845.6
931.931
929.994
806.815
795.345
949.687
936.327
830.1
839.882
955.632
857.165
948.625
949.41
847.703
845.894
948.422
850.726
948.914
936.223
946.983
956.945
813.116
933.963
951.084
848.94
822.023
816.967
946.4
818.536
839.143
947.396
818.083
817.559
822.841
953.258
850.583
822.648
843.712
812.662
962.737
971.329
839.477
967.744
853.229
946.738
973.884
838.391
962.859
814.944
965.817
859.178
957.915
811.481
960.71
960.734
963.18
958.676
851.936
856.804
814.981
788.289
729.978
754.266
828.324
841.771
821.719
843.679
941.762
952.394
953.031
935.323
811.082
916.291
917.417
876.939
933.811
871.647
882.219
862.409
944.402
878.9
877.1
944.186
934.898
931.249
855.108
935.441
919.221
877.961
921.826
944.843
850.759
844.032
938.226
942.296
842.795
935.467
839.046
951.168
945.977
839.795
959.941
864.585
795.366
834.109
947.775
870.751
823.231
792.544
749.023
887.599
872.043
819.697
911.613
838.873
791.41
850.595
941.277
935.117
851.14
858.541
835.34
949.324
874.11
935.057
875.717
934.641
848.911
850.763
844.907
878.359
844.88
937.869
843.817
935.814
938.82
918.894
934.171
934.661
944.912
851.033
947.468
841.611
936.933
844.73
851.578
848.016
846.615
936.177
943.393
936.261
850.909
851.59
852.372
963.227
955.181
844.641
864.223
850.623
958.161
839.752
957.021
956.8
847.368
838.693
859.202
839.038
958.918
943.756
877.379
949.474
945.546
959.384
839.795
857.453
836.287
869.717
942.835
941.266
934.117
874.874
941.532
934.211
919.634
864.62
864.131
840.71
860.704
868.631
881.216
896.803
940.409
920.535
900.521
879.079
886.596
877.892
924.199
879.55
869.915
921.075
877.347
924.008
870.303
872.14
922.576
921.753
868.988
944.918
932.213
842.04
917.732
920.075
923.616
902.375
902.255
934.717
933.775
886.302
873.856
876.803
937.282
926.441
920.106
853.11
827.073
807.431
903.19
909.623
886.945
833.596
872.802
926.875
931.701
923.575
862.674
857.105
867.412
879.627
935.524
935.039
935.816
882.086
947.594
882.314
956.301
941.15
899.035
876.85
942.816
919.983
875.843
877.681
870.032
870.642
919.078
878.432
874.098
920.717
935.293
847.361
851.012
937.083
920.988
941.445
877.582
852.063
869.735
861.666
880.257
954.175
939.678
930.761
843.193
864.057
840.11
952.088
863.96
863.176
944.992
942.606
930.419
863.644
881.256
864.214
809.005
773.304
815.643
936.602
864.986
873.16
877.462
934.814
813.686
830.42
858.329
870.668
858.828
886.489
895.664
899.746
903.225
892.131
875.826
899.38
919.332
919.911
929.494
881.732
887.316
938.667
885.563
901.703
901.957
924.687
900.695
939.361
901.612
924.747
898.255
921.033
898.994
929.477
905.205
897.494
901.752
924.66
902.609
861.877
885.753
893.126
912.938
885.487
912.858
892.63
879.672
928.665
881.31
920.311
899.557
851.621
910.027
867.445
928.329
924.08
892.45
881.598
920.293
922.77
921.391
870.653
924.019
923.386
923.615
934.295
922.212
873.589
869.876
878.206
881.037
929.195
923.699
921.878
866.466
877.301
921.369
870.113
878.826
942.094
863.63
876.201
930.746
871.241
863.975
941.442
941.109
868.328
942.194
901.507
933.347
886.007
914.478
903.464
834.324
827.776
844.207
894.963
916.586
902.554
918.75
900.488
901.473
924.368
884.57
883.477
919.776
902.611
904.623
858.227
890.121
901.455
904.208
895.507
916.045
896.579
922.362
892.589
885.412
886.242
923.478
915.054
912.787
885.079
888.654
885.797
845.414
913.362
900.972
914.586
897.983
901.859
922.946
925.048
938.07
913.849
924.86
866.701
863.066
935.636
885.372
928.798
851.583
873.542
911.826
867.155
870.043
880.268
879.417
886.571
890.368
908.976
897.915
896.318
904.056
918.507
934.688
901.675
902.195
902.418
921.25
904.198
882.745
904.724
921.244
922.085
919.761
922.276
902.767
919.627
921.321
908.268
915.086
899.786
911.144
905.014
909.215
922.67
903.981
913.14
896.176
913.357
901.184
907.397
900.973
892.732
907.788
904.329
895.679
905.923
904.499
902.143
892.637
913.124
904.955
892.791
904.771
894.617
887.428
901.192
888.769
922.762
909.644
882.888
903.569
918.14
922.651
885.544
917.126
892.008
916.544
907.971
905.628
904.721
922.483
892.721
913.103
893.444
885.385
883.949
906.879
