797.397
821.391
566.726
635.411
963.427
940.644
943.564
796.573
794.016
789.682
783.519
775.459
765.429
753.352
739.181
722.812
704.012
683.83
660.155
661.055
684.659
704.402
722.186
736.946
748.416
761.24
759.94
787.414
778.715
785.734
785.164
785.13
785.173
780.238
785.944
769.681
764.835
766.183
760.951
759.045
755.849
752.779
752.324
742.579
760.028
747.236
748.926
746.247
744.498
744.594
738.003
750.953
715.482
730.176
723.45
724.274
723.786
722.084
725.764
715.56
733.536
743.645
735.912
740.029
738.556
738.739
739.899
734.065
751.447
702.888
722.578
715.645
716.34
716.109
714.068
721.052
700.731
743.143
744.138
738.937
740.993
740.078
740.587
737.147
738.8
745.349
683.327
706.274
699.149
698.004
696.673
694.619
697.125
673.135
758.224
728.861
733.11
732.253
730.006
727.984
722.589
739.889
677.517
638.093
656.468
647.807
644.864
639.81
630.254
620.146
592.043
713.755
669.791
653.703
639.405
625.888
610.859
592.86
535.551
587.734
642.502
687.834
731.645
763.672
786.732
801.75
811.021
816.483
819.493
820.963
860.117
897.995
929.676
958.354
982.892
1003.68
1021.05
1035.29
1046.74
1055.76
1062.71
1067.92
1071.69
1074.29
1075.96
1076.9
1077.28
1077.23
1076.86
1076.25
1075.46
1074.53
1073.5
1072.41
1071.26
1070.09
1068.87
1067.61
1066.33
1065.02
1063.71
1062.39
1061.05
1059.7
1058.34
1056.96
1055.58
1054.18
1052.78
1051.37
1049.96
1048.54
1047.12
1045.69
1044.26
1042.81
1041.35
1039.91
1038.52
1037.19
1035.87
1034.52
1033.16
1031.82
1030.5
1029.21
1027.96
1026.75
1025.59
1024.48
1023.44
1022.48
1021.62
1020.85
1020.21
1019.69
1019.31
1019.09
1019.03
1019.15
1019.45
1019.92
1020.57
1021.37
1022.34
1023.44
1024.69
1026.05
1027.48
1028.92
1030.32
1031.57
1032.6
1033.27
1033.42
1032.87
1031.4
1028.76
1024.65
1018.77
1010.78
1000.34
987.106
970.776
951.095
927.774
900.456
870.322
834.173
774.145
800.191
765.613
1057
1066.29
1074.92
1034.07
807.448
775.543
1052.86
1044.42
793.009
1017.82
742.486
744.415
730.758
1031.48
699.181
1027.13
1020.97
998.902
774.97
1016.77
747.333
774.782
1025.43
798.441
795.755
957.31
801.876
772.554
755.815
754.948
793.018
1072.16
1066.3
1038.68
1069.93
1062.37
754.049
1035.87
769.194
728.006
719.096
1018.39
1026.98
1021.35
776.802
1033.26
598.866
926.36
666.537
817.85
853.505
733.122
752.872
1030.56
774.734
795.976
760.788
1075.1
772.037
1050.07
771.028
1016.88
571.855
859.218
613.487
868.583
824.514
829.392
685.251
896.887
752.566
768.724
630.188
969.415
981.886
1019.19
746.653
722.189
1024.03
713.206
1029.7
748.903
1031.16
730.807
1017.23
1023.08
753.662
774.523
1027.93
1017.32
742.135
770.232
775.359
1017.2
1019.23
767.104
804.169
773.485
806.827
1072.48
807.393
1059.7
806.614
1002.64
1054.33
768.945
1074.66
789.996
1055.63
1048.66
1047.25
799.151
1043
763.483
1041.57
1068.75
1073.98
1065.01
755.382
787.67
837.299
760.874
770.297
554.962
832.627
711.464
836.922
1067.84
1048.87
855.51
795.735
1036.36
804.716
1040.54
1010.71
851.771
802.506
815.97
827.65
1058.47
1062.37
785.023
1011.86
827.865
954.37
783.087
801.627
852.266
844.509
739.438
585.893
928.516
898.909
611.729
949.716
978.832
781.897
711.773
652.008
985.713
1019.93
738.182
1023.07
1031.67
749.915
1028.41
715.371
1022.63
723.538
1030.77
1018.44
746.181
721.641
711.654
1025.5
1029.74
745.757
716.703
749.228
1009.29
1016.97
762.346
1020.21
769.407
1017.7
1020.03
1034.57
753.029
747.246
1024.23
776.892
774.543
1029.23
1031.92
775.33
774.668
1026.66
778.847
774.537
1021.99
746.078
806.593
773.616
773.789
1016.74
802.672
1037.25
754.494
764.172
773.227
1061.17
1069.96
1074.06
1045.41
1058.35
1075.22
767.208
1054.25
796.182
1061.04
1073.14
807.648
1051.47
1045.84
772.883
804.931
1067.55
1040.13
785.452
753.153
1071.08
1063.7
755.057
824.522
1034.96
820.855
809.257
785.466
717.613
847.53
732.903
857.136
690.288
632.586
859.62
865.159
1061.09
1068.73
1030.2
810.858
1054.35
711.746
981.523
796.907
1022.7
1026.43
757.828
771.367
1023.06
784.124
1018.33
1012.76
803.869
789.728
1016.73
1009.89
793.623
820.577
804.672
1030.76
804.489
1028.18
788.289
1016.51
796.221
1025.19
1021.53
949.3
859.967
872.746
945.634
880.841
680.249
815.165
999.374
1011.28
803.173
794.68
794.169
854.287
798.026
833.922
1057.1
804.676
800.005
1061.09
1064.86
1037.76
790.8
783.24
895.064
762.2
925.768
890.392
800.697
650.293
831.492
826.687
994.587
1004.84
726.356
741.674
775.871
1021.16
786.638
1015.12
787.771
1024.74
1026.12
785.851
761.513
1011.09
797.83
801.13
1017.87
1009.98
1010.27
1019.58
788.362
784.672
1012.79
1023.88
1014.61
1025.29
794.673
779.203
803.544
764.389
855.43
1019.06
796.429
847.61
799.73
1049.77
1066.75
807.429
1066.98
1047.5
1044.73
813.891
821.699
1033.51
850.831
1051.62
1041.94
795.672
854.705
1068.48
830.815
839.53
1050.25
1059.79
804.386
1063.65
818.229
1039.15
843.02
854.792
743.736
817.675
762.141
894.498
843.015
773.075
875.784
835.888
869.352
1056.72
836.35
1035.46
879.818
807.226
835.083
1027.11
833.217
974.448
999.087
1017.23
1013.26
817.075
828.461
835.459
1004.42
853.987
843.516
1051.95
1044.76
1049.71
830.824
1006.85
830.301
1000.81
834.987
1007.55
827.312
786.8
1010.5
874.473
863.056
1024.41
786.093
921.366
694.678
965.257
827.148
665.713
1016.39
922.284
973.232
836.304
987.338
785.371
1012.64
751.562
880.328
1011.97
803.483
787.904
1010.1
998.706
835.081
1026.04
1022.27
793.873
794.003
1026.48
803.3
1022.74
1015.64
800.873
1011.57
829.884
820.376
809.944
1013.88
783.802
1006.57
1013.65
804
794.108
797.255
1020.29
791.558
1024.11
781.067
767.948
1018.03
788.975
1009.85
1055.8
1056.29
1068.1
834.93
856.961
1043.33
1021.72
1052.98
809.369
1065.97
1041.21
1068.81
1029.57
819.708
804.887
1064.49
1046.12
812.187
795.89
853.116
1055.73
1031.99
804.53
834.272
1047.99
1038.18
848.174
883.927
901.939
858.57
815.109
710.499
888.958
870.813
1023.08
1014.17
1051.49
1004.94
1001.05
835.673
832.465
998.996
964.378
833.506
1039.2
890.733
983.449
1000.42
862.395
872.729
1031.27
866.984
835.826
835.538
868.66
1056.31
872.944
833.076
1015.41
877.205
883.138
851.209
1036.87
802.552
1008.29
830.879
1009.96
1007.73
836.12
878.254
1028.48
835.351
1020.33
832.872
1054.67
1040.87
1043.6
854.061
963.829
728.257
759.137
915.728
958.282
808.172
993.221
864.969
855.542
795.169
997.394
878.764
1010.46
870.939
1041.47
880.576
1016.45
999.665
835.475
1009.8
830.616
831.921
1002.67
1017.74
835.212
1003.54
1013.27
834.101
1010.03
835.818
835.511
1005.24
1001.75
830.126
829.782
998.502
998.48
834.222
835.886
1016.21
1014.86
1005.46
823.647
826.39
811.931
814.079
835.19
1000.15
830.858
1034.08
833.484
841.569
838.182
1057.62
1036.88
835.802
1050.89
1046.06
845.755
836.141
1020.86
833.471
876.156
866.715
835.598
872.232
1057.39
866.226
1053.37
851.288
1039.53
1025.77
882.544
844.07
766.344
906.958
808.167
914.076
900.256
999.623
911.205
906.696
866.99
1032.6
1019.99
1008.9
875.722
982.829
866.119
870.734
1005.81
866.603
899.755
1017.57
996.758
872.623
897
871.478
873.469
870.236
990.772
987.456
880.453
1025.07
866.188
1001.49
869.6
988.62
871.717
997.653
873.637
985.525
992.678
819.404
948.489
982.802
984.231
872.168
1030.74
1006.28
893.67
836.773
907.019
929.458
850.976
927.636
744.057
1009.76
882.091
868.201
977.155
859.084
908.918
1005
1033.59
853.343
844.685
1047.34
1003.06
864.028
866.994
1017.57
910.535
1005.01
1002.19
871.181
869.922
998.735
872.878
999.519
988.756
1001.89
1017.19
833.953
983.012
1008.89
872.07
833.416
835.547
1000.36
835.454
866.997
998.651
835.524
835.864
831.366
1003.23
873.118
829.958
870.063
836.781
1037.96
1057.34
866.45
1032.7
887.91
1003.79
1042.26
866.262
1054.42
839.772
1029.88
902.284
1018.67
832.738
1040.31
1028.93
1036.56
1022.13
885.474
938.837
896.179
868.222
786.112
831.205
941.063
869.925
896.673
910.142
1036.48
1040.35
1012.96
983.421
889.585
1021.57
986.378
936.066
991.162
917.327
925.689
894.354
1014.49
917.739
909.342
1008.49
985.786
982.997
936.271
985.05
964.65
915.744
994.513
1005.94
873.377
870.429
991.79
997.572
868.569
987.12
866.688
1010.17
1002.72
865.646
1024.67
897.003
896.515
948.9
1010.72
903.953
904.428
871.693
803.562
998.704
951.854
892.433
987.139
905.468
871.638
910.537
1005.1
1033.42
912.052
908.792
865.314
1003.76
917.267
983.474
916.736
985.107
871.615
873.315
870.565
914.573
870.04
985.395
870.275
988.037
992.67
963.889
986.618
983.02
993.42
871.883
1004.55
867.23
989.844
870.727
873.386
871.293
870.783
984.071
991.316
982.852
873.282
872.028
873.485
1034.94
1016.16
873.828
896.594
883.054
1021.09
866.207
1019.02
1021.77
877.789
866.719
904.381
866.945
1041.07
1016.2
915.067
1007.68
1002.09
1023.48
865.434
896.593
917.991
903.782
1002.22
998.024
987.078
906.628
999.054
986.842
964.132
896.662
896.403
915.536
929.746
952.132
934.118
958.594
996.401
966.975
942.142
912.199
924.298
910.442
968.469
912.657
902.577
968.626
909.954
973.098
902.47
903.878
971.128
969.902
901.866
1012.96
984.346
922.681
1013.65
967.757
988.165
943.417
953.55
982.24
980.103
924.038
909.235
913.658
995.575
976.413
967.974
966.708
904.084
885.269
1011.65
981.69
964.656
904.627
935.172
1028.73
991.674
989.427
914.156
912.722
915.542
935.572
988.408
990.021
986.937
929.652
1038.83
927.696
1041.24
1019.04
957.756
916.07
1017.88
965.953
907.767
910.086
901.731
903.653
963.774
913.191
905.76
965.164
986.612
871.011
873.085
984.797
968.674
988.991
910.136
872.822
902.152
893.517
920.433
1014.64
1001.02
982.308
871.838
896.38
867.847
1011.54
896.179
895.239
1011.16
1001.39
981.824
895.716
922.959
896.515
889.384
855.341
927.097
990.786
897.715
904.928
910.046
988.124
912.769
926.68
946.86
981.953
938.06
994.591
966.847
1004.11
971.173
955.694
953.499
956.694
972.693
971.068
1017.14
954.046
955.338
1019.62
922.755
942.338
946.034
984.66
941.889
994.809
943.15
981.251
938.768
967.897
939.589
985.692
947.878
937.583
943.389
976.854
943.014
893.845
923.448
932.363
958.348
923.306
958.246
932.127
912.65
973.863
914.933
963.793
974.609
923.747
1010.3
933.171
991.158
1015.72
957.066
931.655
969.593
990.066
968.84
902.243
968.197
972.243
972.608
981.278
970.586
905.264
902.122
910.941
914.625
980.099
968.035
966.306
898.822
909.866
969.298
902.047
912.608
1000.23
895.575
912.375
982.242
905.834
896.256
998.571
997.557
901.948
1001.67
944.276
985.947
923.441
960.537
945.029
944.021
907.534
922.488
934.896
975.237
949.91
992.074
956.449
954.957
986.536
921.387
919.925
966.127
951.887
947.44
934.306
927.692
943.081
944.783
934.356
962.659
936.372
972.578
931.525
923.107
924.131
974.814
961.258
958.172
922.78
927.121
960.092
938.131
974.984
955.385
991.065
937.919
942.304
967.347
980.647
992.91
959.591
982.962
899.872
895.33
989.351
923.126
983.095
958.546
950.581
957.082
970.601
943.358
979.529
949.606
953.463
984.814
973.731
987.205
956.711
988.426
974.411
1018.87
953.409
951.576
948.012
991.476
946.193
918.947
947.075
970.089
966.817
965.061
971.605
950.276
967.802
968.523
955.642
958.108
942.325
953.237
947.798
950.443
972.476
947.427
955.171
935.845
958.991
942.844
952.554
942.709
931.341
951.824
947.175
935.186
949.414
947.477
944.656
931.466
958.716
948.167
931.486
947.917
933.773
924.41
943.168
926.021
973.457
989.766
919.062
949.955
965.707
972.258
922.178
964.262
930.05
963.403
948.965
946.35
947.821
972.459
931.476
958.623
932.238
923.119
920.301
947.733
