567.944
565.477
471.697
473.771
769.49
767.574
762.87
567.353
565.579
562.63
558.518
553.262
546.885
539.415
530.882
521.327
510.797
499.312
486.993
487.644
500.818
513.401
525.26
536.475
546.855
556.774
565.429
574.266
581.428
588.555
594.68
600.285
605.306
609.574
613.661
616.755
619.69
622.215
624.244
626.006
627.445
628.548
629.609
630.045
631.03
631.096
631.555
631.679
631.766
631.947
631.673
632.201
631.389
631.911
631.585
631.695
631.665
631.622
631.807
631.617
631.941
632.144
632.119
632.386
632.532
632.693
633.072
632.966
633.881
633.185
634.14
634.077
634.518
634.821
634.988
635.62
635.345
636.372
636.367
636.702
636.955
637.177
637.37
637.582
637.522
638.061
637.106
637.734
637.19
637.071
636.697
635.981
635.758
633.998
634.291
632.07
630.993
628.937
626.804
624.377
621.213
618.314
614.068
609.598
605.076
599.535
593.66
587.17
579.751
572.461
562.901
555.376
544.422
534.467
522.979
511.255
498.642
485.719
484.892
496.971
508.445
518.874
528.411
536.909
544.375
550.751
556.019
560.142
563.103
564.884
586.611
606.885
626.197
644.551
661.875
678.175
693.421
707.619
720.771
732.893
744.007
754.145
763.339
771.633
779.07
785.699
791.571
796.737
801.252
805.166
808.531
811.397
813.813
815.83
817.491
818.836
819.898
820.711
821.306
821.714
821.962
822.072
822.065
821.959
821.77
821.512
821.197
820.834
820.434
820.004
819.552
819.083
818.603
818.116
817.628
817.138
816.648
816.173
815.737
815.339
814.961
814.588
814.227
813.894
813.597
813.338
813.117
812.934
812.79
812.683
812.614
812.577
812.57
812.586
812.616
812.648
812.671
812.67
812.625
812.518
812.322
812.008
811.541
810.883
809.993
808.835
807.366
805.538
803.296
800.579
797.327
793.479
788.977
783.759
777.766
770.941
763.227
754.572
744.931
734.262
722.531
709.711
695.783
680.744
664.586
647.338
628.997
609.632
589.247
657.982
637.982
657.919
820.696
753.043
784.521
706.624
617.853
658.29
819.936
817.35
576.684
811.381
617.093
664.06
639.04
782.599
585.317
753.483
811.377
708.73
664.914
811.435
663.177
661.864
811.879
565.927
555.271
643.55
647.578
656.643
658.439
658.949
653.298
810.16
818.641
815.397
814.577
820.451
659.657
814.481
663.018
659.255
652.423
810.314
799.378
807.607
660.603
813.721
540.19
646.36
524.574
578.407
580.324
529.665
538.6
812.982
660.863
595.175
657.623
795.533
664.284
819.176
657.567
811.283
513.641
585.765
512.958
608.492
582.846
586.124
501.743
605.873
542.641
554.808
564.072
679.801
660.915
811.335
663.695
656.643
804.322
646.696
792.295
629.158
769.811
602.401
733.223
811.553
662.318
661.397
812.357
811.413
664.282
663.876
657.849
811.088
809.659
661.899
603.833
658.07
641.91
770.489
623.872
820.808
629.19
677.221
731.842
657.83
800.037
654.589
820.508
818.747
818.296
649.907
816.864
658.107
816.375
816.235
803.942
819.451
658.465
655.462
570.259
546.047
548.767
499.205
588.276
515.064
671.446
796.399
816.918
646.12
682.429
813.599
682.981
814.982
807.686
624.447
689.197
682.233
677.484
814.863
810.849
687.547
806.622
573.06
640.85
558.683
565.953
597.564
665.163
530.219
527.177
625.132
627.944
552.213
663.626
658.197
566.27
516.061
573.741
694.824
692.451
610.023
743.865
776.621
634.689
796.133
649.601
806.142
658.726
787.804
811.351
623.594
654.774
642.641
802.088
762.116
663.872
593.535
663.917
721.52
811.436
661.821
808.767
663.457
810.777
811.341
814.097
659.263
663.411
811.697
662.807
661.075
812.65
813.347
660.219
661.854
812.099
658.472
658.107
811.447
662.906
611.039
664.125
657.987
811.391
586.824
814.922
659.079
658.213
657.944
742.931
762.216
777.908
719.748
820.802
790.379
657.966
820.251
651.746
820.698
807.301
644.998
819.575
817.829
657.438
634.082
817.58
815.888
656.535
658.086
812.569
820.044
658.72
678.823
813.115
563.362
572.796
557.907
536.091
575.935
527.336
583.635
540.651
527.958
602.45
606.173
749.749
780.995
703.731
682.638
816.67
593.784
691.948
682.424
792.564
773.19
630.966
656.958
807.382
673.92
740.674
807.651
688.547
689.23
807.99
807.692
686.337
681.569
683.638
811.677
684.111
810.836
683.122
802.505
684.426
809.855
808.929
636.779
699.821
589.263
660.801
615.821
569.671
584.207
674.465
807.659
689.044
686.817
685.694
632.515
682.534
673.805
815.668
683.224
682.727
812.482
806.468
814.074
563.288
555.201
625.332
544.76
622.544
599.916
571.846
542.633
584.206
595.681
705.785
718.492
603.453
613.728
662.14
795.791
676.812
803.94
685.047
758.791
779.123
688.176
638.527
807.08
689.588
689.343
808.168
807.738
807.717
798.492
679.317
686.874
805.961
809.488
807.752
784.292
685.112
666.861
687.938
645.353
639.672
808.387
682.425
615.958
682.216
728.751
767.06
682.808
800.276
816.73
816.164
682.431
679.946
812.608
661.498
817.029
815.408
682.539
651.883
791.928
675.832
668.51
817.024
813.805
682.982
808.87
681.831
814.536
591.535
581.803
552.631
575.647
543.281
603.513
600.681
610.249
643.608
705.177
693.358
785.957
704.991
810.723
672.512
650.868
705.261
808.749
705.565
687.106
801.58
773.378
786.687
678.628
695.838
712.166
801.844
590.203
704.779
800.319
808.422
804.916
705.56
796.759
710.769
800.299
707.774
801.296
582.325
688.619
807.391
686.706
698.05
807.853
558.549
618.809
581.807
676.92
587.355
556.494
689.644
643.56
653.922
605.953
700.848
622.111
730.11
622.655
659.605
807.647
688.792
688.903
807.585
801.588
712.282
766.431
750.221
686.806
686.039
810.228
684.766
809.213
807.853
687.702
789.909
698.92
683.692
658.859
805.078
685.432
802.228
807.687
688.221
685.32
682.394
808.642
688.954
788.756
670.454
651.637
800.723
681.449
807.737
790.369
739.737
774.427
705.4
701.26
815.805
806.906
816.918
682.506
803.618
716.779
786.812
811.301
680.634
683.939
758.846
816.476
682.551
682.414
656.88
816.262
812.071
683.385
705.363
806.281
810.823
703.932
595.318
607.473
601.486
579.843
556.014
621.217
609.284
699.172
744.829
744.32
798.84
801.636
711.38
712.339
801.463
680.213
626.128
777.802
720.027
793.229
778.738
668.635
733.291
809.935
725.859
708.697
710.054
697.709
761.39
716.042
706.034
804.426
606.579
617.865
601.242
799.188
642.083
794.917
703.676
803.008
802.487
705.104
677.858
809.17
705.234
806.408
705.584
794.195
810.412
809.365
702.441
648.092
570.732
597.954
639.106
672.122
573.258
670.02
624.215
612.921
632.46
713.452
651.998
735.4
634.194
723.863
666.425
753.31
801.604
711.914
792.606
701.499
712.116
801.713
767.529
709.514
801.77
803.832
707.123
802.777
709.028
710.215
798.024
799.501
707.006
709.869
801.6
801.597
712.31
711.074
778.49
782.924
802.008
688.111
692.261
666.112
672.64
707.966
800.914
711.366
810.532
705.365
704.989
705.01
775.182
810.849
704.625
802.898
807.291
704.469
704.932
807.17
706.421
682.435
725.78
705.201
690.321
780.927
695.913
797.488
703.428
810.69
808.314
599.506
592.482
568.682
633.247
571.087
613.856
651.337
728.24
685.001
701.641
725.616
791.592
802.504
800.242
725.394
793.084
725.919
729.211
759.844
724.906
713.161
802.515
784.616
721.824
744.169
732.202
732.979
730.014
794.038
793.554
724.802
799.508
726.189
797.686
728.349
791.852
725.886
791.245
731.491
791.48
794.279
612.877
665.457
663.803
793.428
732.915
798.068
799.333
718.113
595.806
616.24
649.815
598.091
624.593
584.686
685.129
628.573
615.374
693.895
659.441
669.917
724.972
712.142
649.26
638.052
734.579
737.538
676.913
691.463
760.877
691.332
765.571
774.983
708.097
703.221
782.039
719.154
801.271
793.585
801.692
805.547
706.871
793.137
802.76
712.243
712.569
708.308
801.638
711.613
725.812
801.563
709.274
710.653
711.773
798.715
733.501
708.823
728.494
704.833
782.111
768.703
725.828
810.271
721.583
798.423
809.996
724.391
753.272
705.047
809.572
709.782
805.782
705.665
772.941
793.641
785.854
801.864
723.008
656.14
626.198
608.576
584.067
586.436
631.442
725.186
652.488
675.207
737.017
753.788
801.46
793.132
628.163
705.939
719.7
701.059
750.535
714.959
730.348
742.394
772.083
737.868
751.771
781.01
793.675
788.351
657.283
769.129
782.979
733.309
718.003
753.359
733.166
728.855
794.291
796.12
727.743
793.714
724.402
800.647
798.038
725.709
800.752
744.232
622.074
640.604
788.295
747.763
633.532
613.389
598.81
678.822
671.721
640.406
706.539
661.048
625.679
677.795
745.933
727.708
684.602
696.793
684.477
770.616
720.436
772.501
725.134
793.621
732.474
733.466
729.572
736.476
729.556
792.505
728.645
793.527
794.491
782.618
791.096
793.118
786.369
723.908
799.357
726.893
793.845
729.423
731.918
731.854
730.852
793.125
789.643
788.196
732.606
727.731
730.645
789.056
802.285
725.563
743.856
724.109
802.266
725.879
802.67
796.15
725.07
725.244
705.833
725.709
767.411
768.007
739.515
799.841
797.871
801.435
725.658
715.767
642.254
743.219
789.444
792.51
789.949
750.426
791.461
790.646
782.547
743.535
743.438
654.57
676.264
688.507
713.256
729.391
792.811
783.902
753.854
743.766
759.929
751.997
781.53
749.887
747.192
783.725
750.654
784.489
747.463
748.674
783.832
783.632
746.532
775.738
788.898
648.495
719.313
757.998
756.861
771.114
748.086
775.53
780.695
759.636
743.286
741.512
783.693
785.709
781.631
655.875
641.87
639.412
692.988
709.651
685.49
664.309
693.612
717.461
744.258
728.783
700.894
692.967
708.161
707.548
760.93
756.082
765.398
722.562
745.782
726.698
761.103
758.117
734.981
729.35
763.426
783.552
751.02
752.019
747.304
747.699
782.511
739.072
749.934
782.831
793.784
731.403
732.176
792.971
783.482
789.697
751.594
729.287
747.06
741.591
735.801
801.94
780.633
788.109
725.449
743.612
724.618
801.063
743.76
743.108
778.8
790.39
787.962
742.998
733.203
743.976
624.165
611.075
631.859
791.148
742.541
749.328
750.155
790.29
636.836
651.076
677.255
670.781
662.808
685.063
700.16
698.04
710.033
707.176
697.972
721.651
745.027
749.853
736.754
706.502
714.622
752.034
759.255
770.46
748.325
764.289
767.642
792.454
768.026
769.603
755.006
784.159
766.681
776.491
773.061
765.799
767.825
778.398
770.425
741.334
759.15
763.17
776.336
758.66
776.327
763.083
745.91
779.221
748.577
775.185
698.256
665.834
709.388
685.335
737
728.371
722.314
717.979
754.259
752.461
784.119
747.721
780.248
784.214
784.123
777.512
783.761
749.605
747.157
749.916
749.742
787.463
782.466
783.028
744.785
751.073
783.555
747.347
741.592
791.02
742.903
743.178
788.255
742.967
743.423
792.065
792.874
743.336
788.173
751.426
789.547
759.563
777.732
771.97
646.89
639.117
653.175
764.498
733.719
741.394
741.475
739.841
744.16
760.877
758.493
757.587
761.384
751.363
772.39
666.237
758.264
767.257
771.054
759.191
778.233
765.265
779.572
762.756
758.816
758.851
778.688
777.64
776.326
758.258
760.429
688.908
664.655
726.623
727.432
734.332
757.108
770.288
782.972
771.383
791.883
776.897
767.224
743.062
741.722
790.689
758.692
779.865
661.535
676.441
776.167
675.578
678.334
688.412
689.124
698.617
699.636
718.739
709.405
714.757
718.235
739.8
744.825
732.454
737.103
745.096
747.384
772.497
756.86
772.818
780.967
770.096
764.763
781.365
754.144
780.131
784.229
762.316
768.017
758.639
766.751
772.804
770.772
780.868
765.476
772.126
765.047
776.834
766.641
766.476
765.974
762.769
773.54
772.034
764.746
772.391
771.997
765.278
762.755
776.745
771.863
762.819
771.88
764.043
758.293
765.465
758.387
779.107
726.549
756.676
756.995
779.324
781.271
757.623
778.781
758.284
778.49
771.185
771.415
771.997
780.25
762.787
776.594
763.246
758.36
757.025
771.464
