543.738
541.839
456.717
458.072
739.957
741.72
734.146
543.198
541.583
538.898
535.155
530.371
524.566
517.767
510.002
501.309
491.717
481.295
470.035
470.644
482.756
494.283
505.272
515.632
525.465
534.519
543.284
550.906
558.481
565.066
571.273
576.84
581.848
586.448
590.345
594.062
597.173
599.888
602.297
604.327
606.061
607.566
608.707
609.89
610.468
611.332
611.754
612.207
612.54
612.702
613.058
612.868
613.415
613.161
613.403
613.375
613.444
613.535
613.512
613.731
613.696
613.758
613.974
614.053
614.236
614.442
614.542
614.966
614.801
615.584
615.433
615.899
616.069
616.328
616.67
616.729
617.313
617.142
617.545
617.699
617.879
618.025
618.137
618.163
618.279
617.934
618.325
617.693
617.593
617.063
616.482
615.875
614.705
614.145
612.09
611.093
609.009
607.053
604.634
601.842
598.883
595.139
591.449
587.164
582.158
576.914
571.007
564.558
557.736
549.876
542.379
532.772
524.13
513.926
503.673
492.606
481.169
469.022
468.478
479.762
490.028
499.604
508.221
515.956
522.723
528.508
533.277
537.011
539.69
541.301
561.146
579.702
597.482
614.431
630.533
645.754
660.088
673.523
686.061
697.709
708.481
718.396
727.478
735.757
743.265
750.039
756.118
761.543
766.355
770.596
774.309
777.534
780.315
782.694
784.71
786.4
787.793
788.919
789.81
790.494
790.998
791.345
791.556
791.649
791.642
791.55
791.386
791.162
790.889
790.576
790.231
789.862
789.476
789.077
788.672
788.26
787.845
787.442
787.072
786.735
786.415
786.095
785.784
785.495
785.234
785.002
784.799
784.622
784.47
784.341
784.231
784.136
784.048
783.959
783.859
783.735
783.572
783.354
783.062
782.675
782.167
781.51
780.671
779.613
778.299
776.697
774.769
772.474
769.763
766.585
762.89
758.628
753.752
748.212
741.963
734.959
727.16
718.525
709.022
698.621
687.3
675.04
661.835
647.678
632.582
616.552
599.623
581.809
563.172
638.155
613.504
637.595
790.465
717.388
748.955
672.617
592.692
638.31
790.203
788.298
553.133
782.696
592.287
643.445
614.37
747.137
560.519
717.522
783.066
674.143
642.849
782.192
642.905
642.002
783.632
541.946
532.707
613.52
623.619
635.326
638.762
639.325
630.256
776.385
786.62
786.668
781.528
789.313
639.63
785.89
640.581
637.599
628.785
779.52
765.467
775.548
639.93
785.247
519.623
615.657
505.136
553.306
555.455
509.15
517.06
784.611
640.682
571.088
638.115
760.431
642.469
789.707
636.514
781.514
495.085
560.381
493.809
580.766
557.347
560.33
483.584
578.781
521.098
532.444
541.432
646.816
629.659
782.884
643.244
633.712
771.339
622.382
757.528
604.479
733.917
577.749
697.667
783.304
642.614
641.324
784.065
782.572
643.363
642.079
638.151
781.008
778.465
639.886
578.702
638.219
617.184
734.707
598.725
790.161
604.2
644.887
696.75
636.92
765.231
631.815
790.458
789.394
789.051
626.143
787.899
638.562
787.493
783.541
769.463
787.742
639.007
633.231
546.338
524.467
526.332
482.2
562.289
495.612
645.705
761.866
786.921
619.086
661.722
784.77
662.001
785.856
779.216
597.855
666.885
659.454
652.849
783.091
778.06
664.117
776.054
549.004
611.067
535.703
542.028
570.808
638.945
509.492
507.694
596.514
598.662
531.057
631.704
627.191
543.044
496.596
552.106
660.957
659.205
585.374
708.042
740.903
609.515
761.78
625.896
773.625
635.371
752.664
782.796
598.565
631.363
618.877
768.637
726.136
643.377
569.909
643.591
686.373
782.41
638.155
777.151
641.462
780.354
782.971
785.565
640.308
643.11
783.456
641.88
641.042
784.323
784.926
640.638
641.511
783.835
637.688
638.019
783.175
642.655
586.126
643.055
638.203
781.901
562.135
786.265
639.623
637.596
638.397
707.497
726.449
742.197
685.129
790.372
755.02
637.254
790.366
628.376
789.815
773.168
620.609
789.979
788.683
635.82
608.986
785.229
787.084
634.137
638.747
779.159
788.63
639.143
654.56
784.373
540.095
548.198
534.642
515.113
551.48
506.843
558.452
519.692
507.855
575.259
578.652
714.373
745.708
669.985
660.552
785.774
568.405
658.324
661.347
758.46
737.73
604.995
631.026
778.922
648.008
705.108
779.494
666.509
666.39
779.962
778.422
665.07
657.997
662.498
783.169
663.073
782.457
658.493
770.227
663.774
781.604
780.817
607.373
673.722
563.729
629.12
587.607
546.307
559.508
642.383
779.318
666.796
665.767
664.459
605.532
661.115
648.487
784.208
662.088
661.713
780.043
772.959
785.153
540.181
532.227
596.278
522.859
594.165
573.381
547.936
521.254
558.644
570.186
671.445
683.597
579.112
588.165
635.95
762.128
651.196
772.115
659.943
723.07
743.918
664.92
612.388
776.882
666.683
666.901
780.135
778.928
779.091
765.287
653.952
662.962
774.994
781.291
779.693
749.406
663.795
640.285
666.083
619.189
612.648
780.337
661.41
589.206
661.239
693.931
731.558
660.743
766.067
786.914
786.661
659.95
655.947
783.949
634.685
786.621
786.167
661.515
624.882
757.101
650.83
642.574
786.831
781.707
661.768
775.722
658.906
785.516
565.318
556.966
530.382
550.847
521.391
576.641
574.547
584.621
615.424
682.69
666.18
751.585
682.015
781.11
644.145
622.948
682.965
779.997
683.375
653.891
773.465
738.599
753.002
650.386
668.755
688.703
774.17
564.793
680.82
767.262
777.073
772.551
679.533
764.863
685.575
770.113
685.028
773.534
557.094
665.576
777.534
658.851
671.575
779.302
535.444
590.781
557.898
644.179
562.104
534.11
656.654
613.097
623.31
580.278
666.921
595.096
694.81
596.983
631.167
779.409
666.687
666.116
778.038
773.32
688.726
730.795
714.519
665.233
664.748
781.92
663.083
781.061
779.818
665.713
756.662
672.091
655.822
630.769
773.689
661.996
774.533
779.588
666.327
664.192
661.296
780.566
666.913
754.242
644.498
625.285
767.983
656.3
778.712
756.287
704.579
738.996
682.986
675.54
786.438
778.531
786.276
660.824
769.754
682.426
751.729
782.857
657.239
662.708
723.358
786.823
660.314
661.5
630.144
785.094
783.493
662.275
683.154
774.262
780.805
679.448
569.218
580.504
574.546
555.467
533.905
592.525
581.649
665.843
709.555
709.404
770.886
773.826
688.291
688.082
772.282
647.571
598.592
744.049
692.596
765.599
745.63
639.546
708.435
780.811
702.486
685.978
686.903
668.435
726.351
687.289
683.83
776.35
579.91
589.653
574.755
767.245
614.429
762.581
677.412
775.216
774.766
682.526
649.607
780.305
682.856
778.115
683.441
760.433
779.917
778.316
677.104
618.014
547.494
572.824
609.029
639.787
549.009
638.345
596.657
586.091
605.212
678.974
623.67
700.26
606.538
689.479
637.977
718.018
773.615
688.609
759.818
674.951
687.608
774.002
732.497
686.679
774.084
775.885
684.96
774.969
686.253
687.459
766.56
768.909
681.518
684.469
773.149
772.934
688.678
688.056
744.028
748.83
774.33
660.724
664.903
637.933
644.506
685.408
771.092
686.419
781.096
683.309
681.305
681.831
740.354
781.041
682.015
770.195
775.62
680.169
682.314
778.969
684.181
654.53
702.491
682.783
662.735
746.301
669.057
764.069
678.346
780.443
779.666
573.275
566.339
545.106
603.681
546.845
586.292
621.914
693.682
654.975
672.057
702.097
759.16
773.004
771.997
700.089
765.128
702.499
705.49
725.401
701.225
684.561
773.408
752.378
693.645
719.694
707.718
707.625
706.147
766.803
766.339
698.787
768.751
702.702
769.985
704.628
764.602
698.314
759.72
705.205
761.841
766.965
586.178
633.686
632.69
765.913
708.193
766.531
771.287
690.287
570.197
588.728
619.077
571.634
596.315
560.467
652.552
600.359
587.945
660.542
630.623
640.007
690.092
678.211
620.836
610.198
699.87
702.85
647.662
662.091
725.669
661.39
731.381
741.472
678.822
673.932
749.354
690.684
771.785
766.39
773.939
777.467
684.523
765.359
775.005
683.246
688.249
685.642
773.749
688.42
702.409
772.656
686.432
687.778
687.056
767.69
708.468
682.905
704.959
681.815
748.644
733.732
702.451
780.997
694.546
770.549
779.233
700.677
718.248
681.623
780.583
680.89
777.574
683.499
738.935
761.706
752.701
771.911
696.347
624.858
597.251
581.182
559.344
560.999
602.532
700.706
623.18
644.925
702.724
719.374
772.848
764.725
599.631
672.569
685.843
669.914
716.814
684.168
700.569
717.63
739.366
709.27
725.937
749.296
766.324
761.014
626.202
736.711
755.939
703.501
683.696
718.739
708.06
705.186
767.024
768.597
704.14
766.462
700.296
772.292
770.237
702.278
770.264
719.714
594.317
611.203
757.216
723.093
604.209
585.844
573.038
646.813
639.783
611.617
672.631
631.365
598.034
647.785
711.227
693.599
654.059
667.029
655.137
736.741
689.853
740.478
694.826
766.196
707.882
708.287
705.758
706.969
705.693
763.202
705.013
766.33
767.191
755.447
763.936
764.951
754.699
696.041
771.613
703.349
766.632
705.655
705.908
707.476
706.661
764.447
758.704
758.238
707.064
700.39
704.079
756.243
773.354
700.551
719.412
697.841
772.547
702.415
773.369
765.187
699.452
701.657
676.626
702.257
733.199
735.001
711.331
771.696
770.127
771.221
702.214
687.556
612.17
716.928
759.36
763.627
762.314
724.917
762.162
763.377
754.993
719.182
719.127
624.551
645.443
657.202
682.38
697.584
764.298
757.035
724.24
715.16
734.574
725.823
752.523
722.298
722.412
757.074
723.859
757.739
722.551
723.568
757.165
757.002
721.955
743.327
761.468
618.172
685.929
726.344
724.707
744.742
717.127
743.897
749.881
734.341
716.254
713.684
753.318
758.794
754.995
625.467
612.521
610.935
660.218
676.033
652.83
634.449
662.481
683.648
710.355
694.805
670.099
662.27
677.342
676.494
727.779
722.615
732.589
692.177
711.386
696.585
726.746
724.643
703.299
699.279
730.159
756.604
725.362
726.03
722.307
722.919
755.165
709.877
724.549
755.03
766.486
707.096
706.422
763.993
756.859
759.094
725.164
702.512
722.251
716.725
706.792
773.173
749.416
760.84
700.714
719.248
700.382
772.586
719.135
718.423
746.72
760.574
760.751
718.707
703.804
719.414
595.662
584.399
603.251
763.158
717.136
724.141
723.141
762.553
608.102
621.492
646.379
639.48
631.632
652.989
667.346
665.358
676.988
674.917
666.42
689.47
712.405
717.521
703.115
674.801
682.826
718.413
733.802
743.98
717.905
732.731
740.792
764.122
740.998
738.68
725.862
757.354
740.023
745.983
746.937
739.308
740.645
749.029
743.584
716.419
733.912
737.535
749.695
733.43
749.738
737.512
717.585
748.982
720.361
745.659
665.032
635.393
676.277
654.307
703.008
694.818
690.478
687.375
722.242
720.044
757.417
722.635
751.007
757.503
757.375
746.185
757.113
724.322
722.305
722.638
721.824
760.422
753.785
754.956
720.338
724.477
756.932
722.397
712.692
761.472
718.605
715.688
761.073
716.338
719.125
762.98
764.174
717.356
757.922
721.393
762.01
734.17
751.273
745.673
617.286
609.617
622.841
738.819
700.65
710.271
708.693
708.346
712.918
729.008
732.986
732.013
730.104
720.709
746.376
635.218
731.03
739.948
743.953
731.122
751.3
738.904
751.013
737.109
733.592
733.567
749.623
750.809
749.784
733.042
735.032
656.48
634.369
693.467
695.438
701.507
728.306
743.654
754.604
740.676
763.727
750.166
735.981
717.378
716.585
762.835
733.461
750.087
631.049
644.553
749.879
644.321
646.761
656.552
657.186
666.46
667.353
685.586
676.858
682.491
685.529
706.912
711.15
700.717
705.667
714.31
714.75
746.27
731.181
746.65
753.343
739.528
733.857
753.558
723.803
752.695
757.479
732.43
738.197
729.384
737.357
746.738
742.443
752.697
736.971
743.322
738.783
750.351
739.159
737.56
738.302
736.948
747.427
746.062
738.577
746.366
746.039
737.104
737.069
750.307
745.888
737.045
745.92
737.996
731.666
737.567
731.471
750.311
693.75
730.805
726.936
752.055
753.287
731.281
751.648
730.681
751.464
743.202
744.042
746.038
751.894
737.057
750.082
737.34
733.123
730.937
743.795
