584.049
581.257
481.787
484.3
787.964
783.759
780.769
583.42
581.539
578.414
574.057
568.489
561.732
553.814
544.776
534.649
523.481
511.343
498.212
498.876
512.871
526.065
538.551
550.182
561.17
571.002
580.765
588.479
596.766
603.401
609.759
615.264
620.076
624.515
627.881
631.419
634.048
636.204
638.132
639.603
640.788
641.795
642.311
643.212
642.941
643.628
643.504
643.626
643.635
643.402
643.703
642.859
643.87
643.015
643.343
643.114
643.116
643.19
643.007
643.413
643.141
643.107
643.476
643.494
643.739
644.015
644.05
644.786
644.157
645.832
645.208
646.009
646.143
646.473
646.996
646.882
648.02
647.297
648.002
648.235
648.52
648.805
649.056
649.207
649.619
649.097
650.551
649.57
650.023
649.657
649.369
649.231
648.052
648.581
645.702
645.847
643.787
642.386
640.336
637.84
635.441
631.63
628.662
624.793
619.67
614.627
608.603
601.944
594.996
586.269
579.041
567.191
558.526
546.768
535.449
522.837
509.839
495.784
495.429
508.53
520.526
531.653
541.738
550.797
558.732
565.539
571.151
575.554
578.716
580.62
603.647
625.007
645.358
664.581
682.7
699.652
715.451
730.086
743.573
755.933
767.195
777.398
786.587
794.81
802.123
808.584
814.251
819.186
823.449
827.1
830.195
832.789
834.938
836.694
838.106
839.215
840.056
840.662
841.066
841.299
841.387
841.352
841.214
840.989
840.693
840.339
839.936
839.494
839.021
838.524
838.01
837.483
836.948
836.41
835.872
835.333
834.795
834.275
833.794
833.355
832.936
832.523
832.125
831.756
831.427
831.141
830.897
830.698
830.545
830.439
830.379
830.365
830.393
830.458
830.554
830.671
830.799
830.922
831.026
831.089
831.088
830.994
830.771
830.378
829.776
828.924
827.779
826.288
824.391
822.021
819.111
815.595
811.405
806.47
800.723
794.094
786.519
777.936
768.288
757.523
745.6
732.483
718.148
702.578
685.782
667.746
648.533
628.121
606.632
670.161
654.398
670.958
839.673
776.232
807.342
729.028
634.325
669.944
838.623
835.646
592.659
829.273
632.549
677.188
654.393
805.255
598.679
776.791
829.096
731.449
676.663
829.641
676.05
674.691
829.612
581.937
570.202
663.518
662.877
670.842
670.628
671.368
667.741
831.492
838.743
833.495
835.383
839.981
671.658
832.49
676.187
675.109
667.599
829.495
820.767
827.647
671.722
831.648
554.209
666.713
538.119
595.158
596.944
543.387
552.961
830.832
672.884
612.202
671.162
817.919
677.1
837.712
670.963
829.808
526.283
602.749
524.569
626.913
599.86
603.33
514.004
623.929
556.947
569.713
578.43
701.583
681.678
829.111
676.669
671.716
825.02
661.89
814.358
644.853
792.909
617.441
756.429
829.262
675.708
673.725
830.14
829.39
677.287
677.059
670.536
829.807
829.105
676.05
619.911
670.031
657.393
793.601
640.309
840.035
645.639
698.637
754.818
670.934
822.172
668.71
839.379
837.217
836.704
664.775
835.108
670.428
834.569
836.793
825.814
839.346
671
669.625
586.208
560.584
563.764
511.57
605.608
527.973
687.591
818.347
835.738
663.36
695.912
831.746
696.014
833.3
825.44
641.861
702.794
696.131
692.912
834.796
831.479
702.506
825.66
588.942
660.642
573.896
581.863
615.338
681.968
543.987
540.689
644.228
647.424
567.059
684.768
678.785
581.491
528.984
590.725
717.136
714.419
625.431
767.166
799.521
649.472
817.865
665.165
826.504
672.745
810.177
829.177
638.84
669.758
659.059
823.131
785.353
676.988
609.306
677.961
744.535
829.517
674.173
828.501
676.763
829.715
829.082
832.064
672.829
676.425
829.414
674.24
673.362
830.465
831.234
672.945
673.932
829.855
669.868
670.099
829.156
675.718
627.712
677.591
670.12
829.744
602.2
832.975
671.759
670.522
670.267
766.053
785.398
800.897
742.487
839.897
812.996
670.898
839.025
666.455
840.069
828.903
660.321
838.183
836.179
670.613
650.06
837.902
834.033
669.803
670.761
833.634
839.749
671.134
694.002
831.211
578.868
589.213
573.435
549.546
592.258
541.078
600.476
554.829
540.786
620.514
624.457
772.743
803.623
725.95
696.048
836.036
608.642
714.1
695.698
814.135
795.925
648.195
674.403
825.283
689.668
763.808
825.254
701.899
703.41
825.568
825.906
699.988
695.575
696.591
829.629
697.316
828.705
698.361
822.716
698.429
827.636
826.601
656.304
716.17
606.213
681.785
634.601
584.342
600.542
695.703
825.347
702.494
701.018
699.206
649.76
695.71
689.798
835.396
696.091
695.728
832.866
827.62
832.274
578.634
570.45
644.661
559.315
641.472
617.573
587.671
556.065
601.191
612.282
728.341
741.342
620.903
630.482
678.855
817.022
692.417
823.832
699.172
781.861
801.615
702.944
655.791
825.875
702.927
702.959
825.761
825.68
825.555
819.378
694.717
701.738
825.264
827.228
825.322
806.502
698.351
682.59
701.181
662.659
656.973
826.002
695.662
632.622
696.186
751.535
789.977
695.534
821.963
835.445
834.697
696.191
694.783
830.654
678.014
836.095
833.791
695.622
668.971
814.125
691.514
685.096
835.961
833.957
695.662
829.756
696.079
832.793
608.953
598.27
567.126
592.12
557.853
621.412
617.978
627.796
662.12
718.983
710.588
807.843
718.732
829.287
690.968
668.486
719.04
826.818
719.537
708.991
819.105
795.597
807.991
695.982
713.21
726.966
819.191
607.008
719.795
821.165
828.071
825.26
722.062
816.726
726.103
819.094
721.443
818.755
599.142
703.25
825.968
704.399
714.68
825.807
573.969
637.489
597.219
698.542
604.118
570.625
711.431
663.754
674.231
623.322
723.135
638.944
753.15
639.815
678.243
825.285
702.227
703.458
825.969
819.197
727.236
789.362
773.361
700.202
699.578
828.049
697.226
826.919
825.423
700.689
810.874
716.086
701.309
676.52
824.667
701.37
819.61
825.268
701.604
698.852
695.768
826.284
703.846
810.657
686.586
668.67
821.267
696.614
825.803
812.01
762.666
797.222
718.995
717.34
834.26
824.758
836.127
696.038
825.037
739.33
809.238
829.212
695.569
696.862
781.832
835.095
696.16
695.686
673.959
835.801
830.066
696.321
719.245
826.383
829.628
719.505
612.667
625.407
619.425
596.125
571.074
640.309
627.679
721.096
767.692
766.994
816.409
819.014
726.023
727.169
819.612
701.723
643.813
799.266
737.209
810.444
799.673
687.675
748.59
828.216
740.528
722.666
723.903
716.671
783.988
733.897
720.116
822.093
624.141
636.575
618.783
819.248
659.593
815.203
720.414
820.478
819.896
718.948
696.11
827.304
718.98
824.211
719.629
815.579
829.511
828.817
718.267
668.024
586.47
614.817
659.046
693.477
589.372
690.97
642.13
630.673
649.805
736.03
670.637
758.258
652.81
746.341
684.996
776.103
819.065
726.679
813.225
718.454
727.016
819.057
789.989
723.615
819.112
821.415
721.499
820.262
723.024
724.765
817.686
818.567
723.578
725.4
819.312
819.433
727.391
725.638
800.429
804.555
819.369
706.039
709.794
683.766
690.29
721.929
819.47
726.538
828.992
719.488
719.826
719.548
797.495
829.529
719.144
823.482
827.155
719.65
718.877
824.921
720.53
700.646
740.5
718.977
707.708
803.04
712.821
818.605
718.892
829.635
826.324
616.929
609.886
583.942
652.85
587.216
632.205
670.347
750.718
704.238
720.301
740.355
812.014
820.964
817.975
740.99
810.478
740.413
744.201
781.923
739.733
731.216
820.742
804.885
739.229
759.356
747.279
748.924
745.206
811.128
810.59
740.803
818.763
740.715
815.104
742.966
808.974
742.847
810.978
748.022
809.926
811.439
630.098
686.445
684.357
810.585
748.125
817.849
816.953
735.591
612.819
634.442
670.182
615.652
643.325
601.041
706.623
647.158
633.478
715.808
678.37
689.226
747.738
734.395
668.003
656.536
757.194
760.02
695.999
710.479
783.532
710.444
787.41
796.241
726.305
721.83
802.645
736.783
819.612
810.632
819.049
823.218
720.957
810.431
820.198
730.301
727.015
722.25
819.051
726.311
740.499
819.544
723.286
725.252
726.796
818.075
748.85
724.254
743.444
719.197
803.334
791.181
740.396
828.638
738.476
815.945
829.264
739.343
775.937
719.723
827.776
728.154
823.532
719.724
794.631
813.705
806.824
820.603
739.638
676.863
645.392
626.738
600.081
603.289
650.615
740.242
671.52
694.731
759.259
775.957
819.4
810.794
647.027
727.798
741.717
721.267
772.146
734.474
749.177
757.699
792.801
755.795
767.972
800.956
810.757
805.513
677.816
789.622
799.816
752.224
740.395
775.633
749.06
743.807
811.409
813.424
742.373
810.762
739.121
818.441
815.517
740.191
819.832
759.439
640.346
660.065
807.774
763.291
652.971
631.661
615.469
699.918
692.773
659.373
728.746
680.29
643.975
697.091
768.344
749.906
704.226
715.722
703.551
792.178
739.886
792.685
744.486
810.736
747.609
748.946
744.625
755.152
744.633
810.731
743.567
810.564
811.637
799.525
808.156
810.636
806.224
741.084
816.807
741.465
810.913
744.444
748.276
746.88
745.795
810.955
808.973
806.861
748.67
744.46
747.357
809.763
820.409
740.965
759.012
740.507
820.86
740.311
821.012
815.544
740.879
740.019
724.4
740.417
789.301
788.968
757.14
817.518
815.317
820.338
740.146
733.536
662.191
759.614
808.249
810.561
807.28
766.447
809.764
807.783
799.672
758.867
758.721
674.298
696.482
708.906
733.145
749.755
810.645
800.659
772.412
761.757
775.778
768.355
799.574
766.943
762.622
800.399
767.203
801.279
762.962
764.431
800.559
800.319
762
796.21
806.113
668.533
741.004
778.01
777.255
787.512
767.576
795.415
799.974
775.46
760.183
758.878
802.69
802.614
798.361
675.941
661.223
658.185
714.52
731.59
706.95
683.625
713.885
739.54
766.065
750.8
720.54
712.619
727.759
727.622
782.025
777.452
786.205
741.92
768.014
745.776
783.158
779.504
755.155
748.487
784.614
800.345
767.122
768.319
762.837
763.133
799.514
757.51
765.887
800.106
810.848
746.343
748.376
810.989
800.147
808.796
767.922
746.223
762.504
756.941
754.034
819.969
800.229
805.232
740.67
758.828
739.518
818.926
759.012
758.381
799.018
809.02
805.052
758.28
751.735
759.199
643.052
628.792
650.773
808.677
758.384
765.184
766.841
807.678
655.698
670.466
697.439
691.386
683.362
706.111
721.595
719.418
731.543
728.03
718.46
742.299
765.873
770.433
758.461
727.013
735.125
773.584
775.14
786.918
767.492
784.2
784.354
810.182
784.842
789.033
773.225
800.89
783.28
795.6
789.353
782.301
784.75
796.721
787.111
756.896
774.95
779.278
793.031
774.403
792.992
779.074
763.698
798.105
766.072
793.597
720.013
685.903
730.976
705.613
758.945
750.097
742.771
737.639
774.565
773.084
800.812
763.291
798.451
800.974
800.916
797.167
800.468
765.504
762.625
766.771
767.026
804.45
800.295
800.47
760.179
767.503
800.229
762.86
759.808
809.48
758.197
760.298
805.331
759.587
758.706
810.237
810.816
759.532
807.088
770.295
806.822
775.422
794.332
788.333
666.4
658.605
673.167
780.627
755.008
761.13
762.45
759.792
763.886
781.036
774.401
773.525
781.1
770.611
788.64
686.609
775.144
784.312
787.9
776.624
795.114
781.694
797.377
778.874
774.579
774.644
796.814
794.457
792.965
773.998
776.298
710.165
684.505
748.048
747.882
755.405
775.08
786.849
800.6
790.65
809.509
793.644
786.89
759.072
757.408
808.142
774.428
798.458
681.578
697.4
792.675
696.054
698.959
709.218
709.919
719.479
720.646
740.241
730.513
735.538
739.373
760.894
766.482
752.666
757.086
764.553
768.204
788.829
772.845
789.125
798.242
789.252
784.189
798.745
773.153
797.297
800.94
780.986
786.659
776.885
785.104
789.074
788.404
798.443
783.292
790.07
781.423
793.442
783.805
784.56
783.257
778.984
789.931
788.277
781.073
788.72
788.251
782.878
778.894
793.328
788.154
779.011
788.156
780.325
774.785
782.889
775.062
797.061
747.676
772.71
775.791
796.392
798.749
773.935
795.773
775.405
795.423
788.588
788.43
788.262
797.933
778.951
793.218
779.503
774.118
773.181
788.664
