634.323
631.41
511.695
517.22
839.611
829.684
830.699
633.585
631.383
627.724
622.624
616.103
608.185
598.899
588.3
576.397
563.293
549.009
533.549
534.255
550.533
565.692
579.858
592.829
605.034
615.371
626.358
633.124
642.332
648.411
654.623
659.63
663.751
667.74
669.835
673.213
674.971
676.076
677.262
677.827
678.193
678.516
678.066
678.853
676.927
677.768
676.82
676.63
676.299
675.529
676.079
673.952
676.628
674.531
675.299
674.776
674.761
674.934
674.433
675.425
674.45
674.095
674.882
674.702
675.09
675.461
675.287
676.713
674.81
678.918
676.96
678.492
678.422
678.797
679.647
678.935
681.373
678.816
680.005
680.289
680.577
680.999
681.291
681.496
682.302
681.006
685.161
682.805
684.236
683.825
683.821
684.356
682.658
685.488
679.492
682.113
679.63
679.156
677.658
675.528
674.318
670.014
669.165
666.616
661.245
657.074
651.138
644.627
638.094
628.157
622.864
605.924
598.887
584.939
572.778
558.45
543.714
527.384
528.114
543.014
557.632
570.713
582.825
593.861
603.506
611.885
618.82
624.286
628.23
630.612
657.711
682.471
705.913
727.726
748.057
766.783
783.96
799.59
813.716
826.39
837.676
847.65
856.393
863.992
870.539
876.126
880.845
884.785
888.034
890.673
892.777
894.416
895.657
896.562
897.184
897.567
897.746
897.753
897.618
897.369
897.027
896.61
896.132
895.605
895.04
894.443
893.821
893.18
892.523
891.855
891.178
890.496
889.811
889.126
888.443
887.759
887.077
886.411
885.788
885.209
884.65
884.095
883.554
883.046
882.583
882.169
881.807
881.501
881.257
881.079
880.971
880.937
880.978
881.096
881.29
881.555
881.888
882.282
882.725
883.204
883.701
884.19
884.638
885.006
885.255
885.341
885.218
884.824
884.089
882.929
881.26
878.993
876.033
872.282
867.638
861.999
855.26
847.32
838.084
827.461
815.371
801.743
786.523
769.665
751.166
730.97
709.202
685.718
660.829
703.925
700.841
706.314
894.104
846.239
874.646
798.291
683.216
703.297
892.33
888.338
640.888
879.862
677.198
712.938
697.726
870.906
642.163
846.01
879.538
800.548
711.305
880.855
711.424
709.309
880.368
631.929
616.555
726.424
706.078
708.843
704.84
705.893
708.128
892.901
896.232
885.609
895.039
895.857
706.122
884.32
712.866
715.02
709.103
883.217
881.522
883.915
705.181
883.202
595.971
729.773
578.255
647.413
649.397
586.116
597.928
882.102
707.055
661.968
706.479
883.287
712.851
891.037
707.506
881.778
564.253
656.606
561.272
684.31
652.915
656.974
552.203
681.153
601.48
615.76
622.567
768.512
746.802
879.548
712.274
711.959
883.406
704.567
877.598
688.953
860.65
662.288
826.202
879.822
711.217
708.026
881.139
880.128
713.303
713.087
704.686
882.275
883.588
713.299
669.122
703.671
702.313
862.541
688.692
895.103
693.412
765.534
825.03
706.993
886.529
708.27
893.542
890.372
889.699
706.924
887.654
704.487
886.971
895.663
889.163
896.238
705.448
708.474
636.11
604.888
610.622
547.434
659.636
568.533
733.65
882.026
889.619
714.481
732.662
883.929
732.25
885.935
875.59
694.051
740.414
734.776
736.11
891.686
890.508
742.87
878.949
638.167
722.886
621.28
631.582
670.782
730.02
587.085
580.679
704.537
707.916
610.19
749.992
743.237
628.724
569.51
636.755
785.352
782.69
670.238
836.798
866.275
692.413
879.858
707.357
883.793
712.217
874.647
879.668
683.138
710.637
703.092
882.677
853.929
712.746
654.109
714.401
814.142
880.461
710.952
883.832
713.091
882.765
879.505
883.757
708.132
711.976
880.064
708.082
707.605
881.597
882.647
707.282
708.231
880.727
703.442
703.914
879.645
711.207
676.982
713.324
703.84
881.298
650.574
884.946
706.368
705.385
704.07
836.289
854.96
869.072
812.386
894.628
879.355
706.557
892.948
707.734
895.518
891.264
704.231
891.691
889.02
707.542
696.94
896.05
886.292
707.602
705.321
894.139
896.104
705.581
736.301
883.252
627.09
640.452
621.963
591.484
643.58
584
653.786
597.503
580.024
676.834
681.442
842.021
870.222
794.506
733.404
891.337
655.499
781.838
732.369
875.662
862.193
697.66
722.489
876.634
733.785
832.946
875.233
739.181
742.534
875.761
877.026
737.519
735.249
732.952
881.249
733.801
880.061
739.764
879.557
735.83
878.697
877.263
717.529
761.984
659.233
746.535
692.97
629.126
650.872
761.916
875.398
739.962
738.917
736.628
701.792
732.568
734.896
891.698
732.344
732.072
891.12
888.381
884.602
625.659
618.179
704.701
604.757
701.143
673.279
636.717
597.413
654.224
663.603
796.957
810.462
669.864
679.85
725.623
877.313
735.81
879.661
739.891
849.945
866.786
742.948
705.075
878.491
740.845
740.572
876.056
876.19
875.856
878.462
737.43
742.604
879.316
878.149
875.362
870.495
735.643
727.912
738.189
711.569
708.626
876.41
732.281
684.5
733.392
821.023
858.197
732.133
884.644
889.064
887.869
734.325
736.284
882.551
726.635
890.602
886.592
732.186
719.424
878.805
735.649
732.29
890.137
891.499
731.679
889.622
735.277
885.271
663.311
649.496
611.799
643.599
603.428
678.038
671.271
678.77
717.823
757.551
759.449
871.401
757.615
882.279
744.84
720.285
757.514
878.6
758.513
775.932
868.538
859.967
868.734
746.152
761.131
767.695
868.635
658.92
761.164
880.837
883.963
883.279
767.141
872.848
768.445
871.652
760.543
868.749
651.496
742.918
878.002
755.361
761.474
877.297
622.002
696.207
643.138
764.993
655.994
613.841
779.007
726.339
737.619
675.401
790.947
690.182
822.432
689.279
733.399
875.281
739.581
742.795
877.506
868.781
768.156
856.614
842.087
737.805
737.069
879.248
733.615
877.71
875.53
737.789
870.383
763.241
751.138
728.12
879.568
742.812
869.257
875.264
738.823
736.176
732.496
876.816
742.94
873.425
731.379
717.122
879.196
738.706
876.583
874.583
832.174
864.684
757.457
762.225
887.239
875.972
891.008
733.069
886.739
808.513
874.9
880.706
736.37
733.31
850.669
888.48
733.865
732.267
723.617
891.574
881.816
732.615
757.951
883.639
883.226
762.164
667.191
681.293
675.232
645.73
616.071
699.631
684.884
788.522
835.598
835.081
866.636
868.276
766.373
768.123
870.435
767.553
697.471
861.32
785.4
858.906
859.327
743.027
791.327
880.518
781.418
761.961
763.419
770.288
851.031
784.185
759.274
872.756
678.282
694.669
673.101
876.279
711.382
872.368
766.129
870.487
869.661
757.593
749.147
879.246
757.472
875.289
758.645
877.171
883.874
884.149
762.269
729.99
633.45
664.87
720.869
759.136
639.461
756.085
697.168
684.992
701.371
804.34
726.158
826.577
708.453
814.67
739.589
843.369
868.4
767.255
871.521
764.863
768.268
868.37
855.45
763.048
868.482
871.82
760.898
870.336
762.379
764.729
872.84
871.91
767.943
768.172
869.105
869.498
768.328
765.904
863.627
866.534
868.908
755.472
758.495
735.006
741.021
761.06
871.364
768.476
881.731
758.441
760.681
759.562
862.945
882.81
758.565
882.281
883.681
761.628
757.596
875.875
759.774
752.765
781.386
757.492
757.561
867.566
760.642
879.228
762.116
883.594
877.958
670.929
664.071
631.017
713.657
637.504
689.663
728.394
817.914
761.24
774.653
781.287
870.203
873.373
868.619
784.334
859.29
781.229
786.042
846.265
780.802
782.591
872.581
862.153
787.912
802.08
789.586
792.719
787.259
859.858
858.978
785.481
873.284
781.71
864.932
784.378
857.866
790.089
866.407
793.314
861.447
860.448
682.532
751.003
747.991
858.966
790.698
873.967
867.316
784.808
664.584
690.728
733.081
670.213
701.556
649.71
773.084
704.151
689.314
782.513
733.752
747.204
816.206
802.44
723.141
711.102
825.526
826.799
751.111
764.734
849.97
766.689
850.665
857.121
778.25
774.632
861.095
786.25
870.929
859.151
868.327
873.911
760.313
859.037
870.087
781.396
767.767
761.475
868.334
766.765
781.381
869.951
762.693
765.454
768.366
872.296
791.777
767.612
785.046
758.899
864.426
857.483
781.226
881.149
785.7
866.051
884.086
780.484
843.585
760.125
879.891
780.582
874.456
758.801
857.641
870.694
866.957
873.716
785.98
740.832
704.96
683.174
649.239
655.725
710.505
782.12
728.841
752.854
825.752
841.433
870.542
860.229
705.132
794.359
807.544
780.74
835.107
790.791
802.738
800.503
852.119
806.115
813.058
857.488
859.082
854.391
741.021
847.983
847.107
805.209
807.752
840.948
792.565
785.576
860.253
862.901
783.634
859.123
780.348
869.235
865.507
781.034
873.866
802.165
696.408
720.282
862.813
806.947
713.057
688.17
666.409
764.883
757.242
717.083
795.954
738.422
699.156
754.658
834.484
816.686
762.258
771.05
758.29
854.268
795.443
849.905
799.2
859.079
790.031
792.133
786.586
807.262
786.63
861.636
785.27
859.008
860.59
846.935
856.846
859.726
862.105
788.997
866.756
782.583
859.54
786.346
793.088
789.075
787.857
860.807
863.151
859.015
792.745
791.143
793.14
868.942
872.001
783.769
801.731
786.011
873.603
781.092
873.134
870.417
784.833
781
777.795
781.309
853.228
849.243
806.447
868.025
865.219
873.89
781.035
783.81
723.793
805.005
861.246
861.582
856.577
811.117
861.401
856.688
847.566
801.9
801.572
734.426
757.171
769.595
790.895
808.513
861.153
847.878
824.546
811.565
820.259
813.827
849.905
814.434
806.273
847.63
813.358
849.087
806.766
808.586
848.14
847.726
805.479
854.6
855.127
730.237
805.944
834.972
835.559
833.479
822.855
851.568
854.071
819.918
807.028
807.337
856.179
850.791
845.959
737.773
720.526
714.581
780.469
797.599
772.311
741.495
773.943
806.371
830.001
816.199
777.912
770.36
784.645
786.309
842.744
839.331
845.764
797.559
834.073
800.375
847.927
841.643
813.123
802.329
845.848
847.591
811.977
813.599
806.712
806.807
847.128
808.785
810.408
848.369
859.19
788.444
792.772
861.332
847.404
862.256
813.578
792.469
806.179
799.839
805.413
871.331
855.582
854.018
782.983
801.574
781.003
869.884
801.755
801.136
856.488
861.532
853.76
801.138
804.191
801.918
701.476
682.432
708.997
858.438
802.244
809.485
813.332
857.106
713.321
729.35
757.879
754.549
746.323
770.284
786.046
784.226
795.799
790.056
779.004
802.915
826.171
829.624
822.636
787.233
794.95
836.555
819.603
832.974
821.786
840.645
831.376
860.434
832.101
843.791
824.242
848.11
830.027
849.348
835.308
828.816
832.207
848.125
833.649
800.004
819.379
824.8
840.411
818.923
840.317
824.415
812.883
850.971
814.79
845.019
785.887
746.465
796.023
766.093
823.707
814.729
802.116
794.32
832.66
832.34
848.049
807.269
849.242
848.677
848.731
852.53
847.963
809.91
806.354
813.707
815.15
852.887
850.022
849.162
803.41
813.376
847.558
806.693
810.33
861.528
801.101
807.987
854.014
805.623
801.495
861.549
861.585
804.36
860.391
823.51
855.99
819.877
841.537
834.281
726.216
718.642
734.43
826.252
817.367
817.583
823.412
816.899
820.083
838.408
818.856
817.996
836.964
824.992
834.568
748.705
822.137
831.957
834.838
825.225
842.91
828.046
847.375
824.4
819.011
819.374
847.661
842.112
840.237
818.533
821.271
774.493
744.329
811.22
807.534
817.006
825.287
833.098
849.782
844.879
859.512
841.148
842.465
803.39
800.841
857.722
818.897
850.678
742.709
761.24
839.544
758.189
761.528
771.983
772.596
781.949
783.635
804.059
793.383
796.948
801.924
822.289
830.132
811.251
814.6
819.927
828.36
834.764
817.399
835.06
846.963
843.084
839.001
847.719
826.686
845.744
848.168
833.345
838.859
827.871
836.403
835.016
837.483
847.89
832.88
840.068
827.667
840.66
831.679
834.951
831.406
824.699
836.424
834.207
827.21
835.01
834.229
831.858
824.47
840.475
834.312
824.686
834.247
826.31
820.715
831.396
821.484
847.443
809.806
817.464
828.595
844.602
847.954
819.396
843.805
823.093
843.327
837.02
835.808
834.3
847.633
824.578
840.466
825.328
818.727
818.245
836.539
