738.11
750.801
553.522
588.452
921.546
905.977
909.868
737.198
734.51
730.044
723.791
715.746
705.899
694.263
680.843
665.61
648.856
630.046
610.019
610.692
631.273
650.192
666.858
681.572
695.157
704.237
718.307
715.782
728.251
730.183
734.8
737.166
738.053
740.67
736.991
742.553
742.237
739.455
739.202
737.181
735.748
734.575
731.443
733.838
723.501
727.434
723.865
723.446
722.509
720.291
722.868
714.584
729.509
720.968
724.289
722.739
722.64
723.46
721.111
725.782
718.715
715.025
718.387
716.521
717.591
717.744
716.606
720.918
711.581
732.651
722.615
727.392
726.259
726.454
728.439
724.103
734.065
716.938
718.775
719.859
719.068
719.843
719.172
719.788
720.799
715.044
739.059
726.925
731.803
730.368
730.419
731.791
726.511
739.99
706.247
721
714.757
715.627
714.99
712.92
715.793
704.788
720.897
728.751
718.733
719.579
714.219
709.576
704.836
692.43
700.39
645.645
653.335
634.664
621.738
606.326
589.41
569.777
586.475
598.196
621.658
643.477
661.946
681.226
698.516
713.89
726.855
737.185
744.701
749.264
786.526
818.271
848.142
874.5
898.194
918.989
937.048
952.536
965.63
976.537
985.477
992.675
998.352
1002.72
1005.98
1008.31
1009.88
1010.84
1011.29
1011.36
1011.12
1010.64
1009.99
1009.21
1008.34
1007.42
1006.44
1005.42
1004.38
1003.32
1002.25
1001.17
1000.09
999.002
997.91
996.816
995.717
994.616
993.513
992.408
991.301
990.194
989.087
987.982
986.879
985.773
984.663
983.569
982.525
981.529
980.546
979.551
978.557
977.587
976.657
975.772
974.934
974.152
973.432
972.785
972.219
971.745
971.373
971.113
970.973
970.961
971.087
971.358
971.778
972.351
973.076
973.946
974.949
976.063
977.267
978.541
979.854
981.161
982.394
983.472
984.303
984.78
984.779
984.157
982.755
980.393
976.878
972.001
965.546
957.293
947.022
934.525
919.608
902.112
881.891
858.799
833.094
803.935
772.978
751.061
782.042
760.03
996.749
990.205
1005.82
950.178
774.958
748.745
993.507
986.955
738.29
969.076
729.694
763.873
750.209
982.496
700.205
970.428
970.28
933.086
750.067
969.492
763.13
753.64
972.955
737.396
710.923
872.195
775.272
768.218
756.901
758.257
770.207
1008.21
1004.08
982.57
1006.8
1001.01
758.53
980.448
752.743
768.422
764.233
973.142
981.749
976.758
748.883
978.512
668.738
857.36
647.564
756.578
771.082
677.573
694.34
976.531
752.277
761.906
760.84
1008.36
753.215
991.329
763.308
970.505
632.265
784.56
620.046
802.203
763.319
768.27
635.286
815.985
695.696
711.91
698.752
900.726
895.925
969.455
763.941
765.076
979.406
762.451
983.085
738.021
978.772
717.756
955.779
971.474
762.346
752.587
974.657
969.075
765.43
753.016
752.38
971.241
974.269
752.498
765.329
750.669
776.963
1000.23
777.648
998.891
779.342
916.709
974.109
762.132
1008.82
768.596
995.672
990.237
989.143
773.365
985.86
754.451
984.765
1005.95
1008.9
1003.08
757.783
766.884
746.195
690.8
710.551
611.573
771.515
656.087
807.6
1001.46
990.046
804.417
788.415
980.601
783.709
983.769
963.421
791.654
788.693
791.092
802.831
997.049
999.646
796.691
967.729
737.41
865.776
720.895
736.651
785.649
809.084
679.176
651.565
845.77
831.538
684.455
880.482
889.396
726.094
656.763
712.109
918.199
934.731
724.416
964.001
981.112
738.108
982.593
763.475
978.083
765.57
983.1
969.206
734.22
764.763
763.548
980.657
975.279
764.118
709.916
764.262
945.545
969.211
750.163
975.48
752.917
972.125
969.817
979.483
761.659
763.622
972.183
750.257
752.368
975.573
977.523
752.326
752.859
973.782
749.737
751.446
970.836
764.358
771.093
753.356
750.849
969.922
746.509
981.488
758.541
758.686
751.076
983.025
995.87
1003.49
963.234
997.822
1007.4
761.002
994.591
771.854
999.953
1008.67
774.816
992.42
988.049
764.392
779.806
1005.04
983.672
764.028
758.967
1007.57
1002.05
758.019
801.087
979.538
729.691
747.993
724.913
669.342
760.096
676.502
779.33
670.808
642.729
793.071
798.703
982.845
998.4
943.252
787.476
994.122
727.26
913.97
788.137
977.476
976.194
770.946
787.479
970.176
785.306
959.371
964.083
788.309
796.518
966.311
964.381
792.912
793.553
784.389
976.37
784.89
974.447
787.746
972.824
791.054
972.212
969.568
855.868
833.277
775.15
876.325
813.319
697.751
753.838
910.053
963.528
788.652
793.784
792.1
797.329
788.863
806.163
996.09
783.898
785.641
998.835
1000.97
981.659
716.051
719.564
827.639
701.363
839.614
801.391
738.471
662.851
765.147
767.028
928.762
941.114
745.062
755.787
785.501
976.591
786.343
971.456
788.889
970.49
977.522
796.508
776.463
966.672
790.668
788.648
967.048
963.611
963.447
975.465
787.006
796.503
968.887
971.253
965.038
978.075
791.535
783.06
787.52
781.171
801.477
967.845
787.988
783.736
789.547
966.934
992.807
785.493
1001.57
989.011
986.928
789.785
799.448
978.441
807.052
992.102
984.824
787.966
806.319
1000.97
804.562
809.365
991.08
997.961
783.115
1000.38
792.422
982.714
776.436
757.488
694.296
751.851
700.727
810.264
780.137
760.581
824.39
815.282
838.073
988.866
816.162
979.177
840.008
797.85
815.103
973.171
817.839
906.862
954.143
969.282
969.012
816.029
824.259
825.581
956.654
763.02
824.243
988.954
985.214
988.301
825.649
964.496
824.266
958.523
818.662
958.446
761.572
796.434
965.759
840.23
835.022
971.181
724.008
830.383
712.875
896.503
763.549
681.279
927.952
853.219
879.023
777.995
921.528
771.998
951.245
764.316
834.738
963.754
788.529
796.528
964.994
954.182
825.663
973.915
965.714
793.279
792.466
973.161
785.343
970.427
965.641
789.01
968.076
825.052
819.172
803.692
970.142
795.598
958.078
964.519
787.984
791.816
788.407
968.69
796.258
978.013
784.234
784.881
974.196
787.271
963.921
989.399
975.749
996.059
815.241
831.483
985.878
969.173
993.117
786.454
1001.38
956.199
999.989
975.488
797.641
784.604
988.463
987.972
788.589
787.937
807.219
995.115
977.289
784.103
816.348
987.233
981.079
827.329
789.875
802.677
791.39
740.551
692.812
821.467
803.36
932.218
957.901
970.792
956.068
954.811
824.685
823.973
955.919
896.8
789.874
972.593
860.826
941.583
957.488
829.767
854.64
976.18
844.752
819.347
820.8
848.309
980.65
855.057
818.597
964.403
785.591
814.393
785.218
977.401
790.77
965.724
825.714
960.46
958.884
815.373
841.048
974.168
815.066
968.137
817.962
989.553
982.86
984.581
829.786
865.055
712.687
746.397
846.596
889.46
744.658
899.315
806.149
794.218
782.322
933.743
830.288
951.702
816.761
955.493
837.906
962.567
954.281
825.299
966.875
825.501
823.873
955.639
968.056
820.171
956.128
962.847
819.807
960.448
819.675
822.667
963.025
959.638
825.457
824.402
954.377
954.733
825.237
824.318
969.751
969.626
957.324
821.597
823.011
808.536
812.642
818.682
957.622
824.118
978.198
817.516
822.87
820.471
986.283
980.18
818.19
988.717
985.926
825.729
815.558
968.694
819.152
841.259
844.704
815.159
839.065
987.891
836.636
989.383
828.273
981.985
972.187
784.074
777.448
717.375
837.806
743.763
818.096
840.498
941.215
862.942
866.429
844.583
972.316
966.549
958.931
850.735
941.691
844.577
849.738
956.915
843.986
865.504
965
955.381
855.825
870.248
852.999
855.257
850.532
945.591
943.43
854.144
969.067
845.082
953.552
848.183
943.642
855.91
956.536
856.466
945.71
946.903
774.789
879.653
884.685
941.927
854.003
972.669
957.047
862.512
762.41
807.253
860.051
783.726
826.499
730.521
917.043
818.16
802.904
911.404
822.425
854.814
943.744
945.068
813.41
802.62
964.001
947.242
835.65
844.832
965.897
865.117
957.984
958.139
852.686
850.783
956.668
855.505
956.73
944.192
955.233
965.864
819.604
941.53
959.699
853.989
824.06
818.899
954.537
824.911
844.712
955.253
819.837
823.758
823.94
961.141
855.039
824.401
848.78
819.245
973.155
983.954
844.583
977.209
859.085
955.223
983.757
843.647
976.31
821.595
975.178
866.285
966.889
818.069
971.703
970.238
973.364
967.742
857.585
869.449
827.124
800.059
738.408
765.326
842.81
846.343
830.809
852.329
954.681
964.482
961.779
942.804
822.873
930.445
928.54
886.547
943.303
878.536
889.641
868.067
953.794
885.576
882.431
952.976
942.672
939.062
867.553
943.651
926.362
883.531
933.516
954.948
855.238
849.265
946.319
950.59
847.362
943.331
843.719
959.832
954.431
844.304
969.114
870.266
806.033
847.745
956.492
876.511
835.467
804.301
757.559
902.242
884.391
830.52
923.639
848.508
800.632
859.401
951.783
948.485
859.449
866.113
840.568
958.351
880.581
943.043
881.809
942.366
853.349
855.159
850.063
883.744
849.889
945.34
848.955
943.746
946.947
925.985
942.125
942.162
952.77
855.738
955.983
846.115
944.947
849.961
855.928
852.595
851.347
943.648
951.075
943.692
855.281
856.085
856.666
973.203
964.035
849.322
869.868
856.056
967.187
844.465
965.973
965.89
852.257
844.234
866.414
844.612
970.254
953.404
883.874
958.068
953.982
968.504
844.287
864.005
848.699
875.557
951.144
949.45
942.031
880.159
949.727
942.174
926.675
870.093
869.625
852.18
871.543
878.699
889.946
905.066
948.565
927.793
907.495
884.325
892.773
883.39
931.298
885.23
875.74
928.458
883.036
931.561
876.101
877.654
930.068
929.2
874.619
954.099
940.059
854.31
929.942
928.004
932.137
908.989
909.259
942.522
941.302
892.492
879.937
883.157
945.382
934.091
927.511
866.731
838.764
816.631
917.636
921.136
899.098
842.504
882.83
940.672
941.586
934.288
870.286
865.053
874.67
888.793
944.304
944.16
944.296
890.09
960.087
890.018
968.009
951.425
906.927
882.636
952.765
927.187
881.137
883.069
875.762
876.417
926.137
883.691
879.387
927.761
943.118
852.023
855.379
944.552
928.386
949.045
883.167
856.56
875.557
867.262
887.144
962.977
948.111
938.563
847.808
869.646
844.721
960.791
869.618
868.836
953.981
950.878
938.214
869.11
888.39
869.879
821.038
782.478
827.91
944.604
870.614
878.55
883.145
942.751
824.382
841.073
868.695
884.172
870.998
899.807
906.979
912.788
914.139
902.488
885.485
908.886
928.195
928.422
940.826
890.992
896.225
949.296
891.677
908.275
909.356
932.766
907.171
947.475
908.097
932.515
905.049
928.34
905.43
937.286
912.011
903.895
908.214
932.043
909.176
867.46
891.958
899.509
919.985
891.787
919.908
899.127
885.056
936
886.854
927.384
911.424
862.833
922.692
877.89
938.626
935.836
901.032
889.943
928.497
931.582
928.764
876.263
931.131
930.913
931.157
941.981
929.683
878.904
875.683
883.884
886.709
936.955
930.78
928.931
871.994
882.971
928.792
875.888
884.044
950.324
869.083
882.418
938.563
877.159
869.511
949.631
949.291
874.104
950.497
908.681
941.235
892.149
921.664
910.138
846.579
839.839
856.173
901.453
926.241
910.506
928.208
908.032
908.716
932.653
890.646
889.528
927.47
909.422
911.45
870.016
896.46
907.886
910.805
902.022
923.222
902.961
929.618
898.922
891.643
892.568
930.786
922.189
919.845
891.377
895.042
897.476
855.967
923.436
910.056
924.358
904.671
908.421
930.012
932.744
946.131
920.932
932.772
872.405
868.623
943.602
891.64
936.415
863.738
885.511
918.94
879.151
881.562
892.008
890.597
897.353
901.74
919.475
908.846
906.252
914.552
927.759
945.665
910.346
910.486
910.072
930.378
910.923
888.802
911.492
928.577
929.444
927.26
929.629
909.425
926.914
928.667
915.02
922.166
906.078
918.081
911.833
915.954
929.982
910.446
919.998
902.555
920.466
907.583
914.006
907.348
899.013
914.773
911.167
902.048
912.85
911.36
908.537
898.945
920.241
911.851
899.081
911.659
900.951
893.672
907.559
895.057
930.031
919.759
888.974
910.155
925.381
929.991
891.734
924.337
898.418
923.739
914.659
912.252
911.601
929.762
899.015
920.187
899.745
891.693
890.089
913.532
