557.888
555.652
465.445
467.237
757.487
757.066
751.209
557.32
555.611
552.772
548.813
543.753
537.613
530.422
522.208
513.01
502.874
491.819
479.958
480.594
493.309
505.47
516.96
527.846
537.964
547.624
556.163
564.753
571.9
578.928
585.048
590.66
595.711
600.066
604.192
607.442
610.485
613.121
615.292
617.183
618.756
620.002
621.169
621.784
622.798
623.041
623.57
623.799
623.976
624.211
624.056
624.54
623.937
624.396
624.158
624.273
624.269
624.252
624.419
624.286
624.557
624.736
624.739
624.978
625.123
625.28
625.62
625.564
626.34
625.829
626.638
626.625
627.023
627.308
627.482
628.033
627.85
628.7
628.72
629.022
629.243
629.435
629.592
629.757
629.683
630.084
629.279
629.709
629.172
628.954
628.503
627.74
627.345
625.667
625.576
623.437
622.169
620.051
617.814
615.272
612.071
609.002
604.798
600.327
595.713
590.201
584.328
577.875
570.576
563.297
554.096
546.407
535.901
526.112
514.994
503.61
491.419
478.915
478.156
489.789
500.843
510.87
520.047
528.216
535.39
541.515
546.573
550.532
553.373
555.082
576.024
595.59
614.267
632.048
648.872
664.736
679.616
693.511
706.424
718.366
729.356
739.418
748.584
756.889
764.372
771.078
777.05
782.338
786.988
791.049
794.568
797.591
800.164
802.336
804.148
805.638
806.839
807.782
808.499
809.021
809.373
809.579
809.66
809.634
809.517
809.325
809.069
808.761
808.411
808.027
807.618
807.188
806.745
806.293
805.839
805.38
804.921
804.475
804.066
803.694
803.34
802.99
802.651
802.337
802.057
801.812
801.601
801.423
801.279
801.166
801.083
801.026
800.99
800.967
800.946
800.918
800.868
800.78
800.636
800.415
800.092
799.637
799.015
798.19
797.122
795.776
794.111
792.083
789.638
786.72
783.272
779.24
774.568
769.201
763.085
756.167
748.4
739.735
730.133
719.557
707.978
695.375
681.732
667.046
651.316
634.566
616.801
598.079
578.413
649.95
627.86
649.623
808.403
738.356
769.939
692.554
607.488
650.28
807.841
805.523
566.861
799.741
606.948
655.665
628.998
768.075
575.477
738.681
799.876
694.429
656.229
799.575
654.928
653.71
800.392
555.96
545.921
631.086
637.782
647.871
650.477
650.975
643.923
796.39
805.617
803.7
801.119
807.791
651.626
802.841
654.023
650.14
642.78
797.819
785.553
794.581
652.455
802.13
531.654
633.623
516.422
567.975
569.988
521.136
529.65
801.436
652.746
585.055
649.517
781.172
655.536
807.184
648.992
799.211
505.939
575.211
505.158
596.98
572.25
575.406
494.177
594.617
533.704
545.518
554.847
666.137
647.948
799.784
655.382
647.226
790.9
636.834
778.09
619.028
755.074
592.376
718.553
800.071
654.167
653.255
800.847
799.713
655.837
655.065
649.777
798.888
796.997
652.858
593.532
650.068
631.837
755.785
613.519
808.348
618.886
663.819
717.354
649.35
785.811
645.355
808.287
806.802
806.393
640.237
805.072
650.157
804.616
802.928
789.863
806.557
650.52
646.385
560.324
537.059
539.44
492.019
577.478
506.99
660.962
782.287
804.722
635.026
673.953
801.864
674.456
803.131
796.134
613.444
680.175
673.032
667.465
801.942
797.5
677.996
794.22
563.092
628.489
549.15
556.017
586.454
654.417
521.61
519.037
613.243
615.786
543.338
650.39
645.335
556.673
507.982
564.418
680.806
678.682
599.924
729.102
761.974
624.525
782.113
639.869
792.92
649.367
773.429
799.761
613.418
645.237
632.777
788.464
747.325
655.529
583.68
655.479
707.002
799.662
652.548
795.928
654.563
798.436
799.82
802.481
651.323
655.141
800.215
654.526
652.951
801.124
801.779
652.164
653.676
800.603
650.261
650.033
799.959
654.693
600.709
655.493
649.978
799.431
576.743
803.255
651.103
649.953
649.979
728.318
747.5
763.25
705.439
808.429
775.898
649.576
808.095
642.227
808.143
793.374
635.049
807.534
805.965
648.726
623.823
804.418
804.16
647.546
650.169
798.957
807.271
650.756
668.957
801.415
553.697
562.573
548.238
527.458
565.774
518.81
573.166
531.939
519.659
591.16
594.746
735.179
766.529
689.771
673.731
804.111
583.563
678.031
673.867
778.646
758.649
620.249
646.238
795.8
663.426
726.017
796.217
679.644
680.01
796.596
795.823
677.651
672.099
675.074
800.071
675.525
799.284
673.088
789.38
675.872
798.356
797.491
624.578
689.206
578.666
647.665
604.105
560.09
573.965
661.169
796.157
680.061
678.119
677.049
621.435
673.898
663.478
802.877
674.681
674.213
799.281
792.809
802.303
553.699
545.663
613.268
535.668
610.755
588.896
561.934
533.851
573.591
585.166
691.585
704.078
593.172
603.229
651.422
782.067
666.426
791.009
675.079
744.107
764.705
678.722
627.757
794.831
680.436
680.258
796.769
796.053
796.104
784.968
669.044
677.22
793.392
798.012
796.351
770.021
676.497
656.148
679.093
634.562
628.566
796.978
673.891
605.029
673.573
714.377
752.473
674.014
786.309
804.606
804.164
673.338
670.228
800.941
650.598
804.668
803.511
674.029
640.831
777.682
665.657
657.9
804.749
800.748
674.436
795.367
672.517
802.726
580.649
571.497
543.432
565.35
534.189
592.351
589.851
599.539
631.979
696.077
682.259
771.9
695.764
798.686
660.842
639.431
696.218
797.052
696.551
673.357
790.173
759.134
772.94
667.152
684.766
702.633
790.595
579.675
695.052
786.848
795.677
791.743
694.976
783.791
700.587
788.052
698.62
789.998
571.844
679.253
795.282
675.324
687.27
796.235
548.949
607.169
571.905
663.357
576.88
547.285
675.983
630.922
641.227
595.25
686.819
611.092
715.546
612.025
647.879
796.183
679.852
679.615
795.603
790.122
702.702
751.8
735.526
678.086
677.374
798.705
676.122
797.757
796.459
678.883
776.355
687.965
672.311
647.366
792.331
675.718
790.965
796.273
679.358
676.693
673.806
797.221
679.848
774.654
659.867
640.847
787.4
671.296
795.966
776.445
725.24
759.886
696.355
690.808
803.859
795.358
804.462
673.684
789.804
702.583
772.446
799.721
671.077
675.361
744.248
804.417
673.556
673.9
645.907
803.591
800.437
674.833
696.344
793.254
798.623
693.951
584.482
596.281
590.298
569.714
546.802
609.303
597.808
685.388
730.31
729.944
787.467
790.344
701.983
702.515
789.63
666.701
614.813
764.004
708.87
782.021
765.227
656.643
723.225
798.092
716.367
699.491
700.743
685.681
746.997
704.352
696.994
792.999
595.54
606.16
590.259
786.19
630.743
781.76
692.966
791.7
791.212
695.974
666.267
797.429
696.179
794.893
696.566
780.415
798.019
796.745
692.145
635.622
561.067
587.541
626.629
658.726
563.193
656.896
612.858
601.799
621.254
699.21
640.298
720.919
622.697
709.673
654.71
738.802
790.245
702.432
779.253
690.666
702.216
790.455
753.164
700.242
790.52
792.458
698.035
791.462
699.8
700.92
785.24
787.084
696.548
699.577
790.061
789.974
702.664
701.713
764.393
768.994
790.755
676.848
681.086
654.6
661.136
698.801
788.818
701.284
798.565
696.365
695.378
695.6
760.909
798.734
695.385
789.58
794.411
694.617
695.763
795.691
697.363
670.955
716.299
696.126
679.067
766.752
684.972
783.859
693.279
798.398
796.658
588.621
581.626
558.956
620.981
561.021
602.412
639.222
713.998
672.675
689.56
716.067
778.38
790.518
788.754
715.149
781.748
716.421
719.554
745.72
715.298
701.496
790.687
771.488
710.39
734.245
722.286
722.679
720.274
782.963
782.497
714.276
787.008
716.666
786.413
718.747
780.765
714.711
778.428
720.808
779.456
783.167
601.874
652.295
650.916
782.264
722.905
785.241
787.923
706.784
585.181
604.834
637.068
587.112
612.868
574.619
671.642
616.897
604.012
680.103
647.547
657.608
710.58
698.124
637.515
626.504
720.272
723.26
664.867
679.401
746.422
679.057
751.569
761.293
696.19
691.244
768.715
707.592
789.314
782.531
790.42
794.118
697.795
781.871
791.469
700.439
702.808
699.126
790.317
702.178
716.305
789.842
700.026
701.334
701.786
786.116
723.374
698.416
718.892
695.512
768.444
754.355
716.341
798.369
710.596
787.082
797.493
714.741
738.868
695.542
797.782
697.971
794.301
696.641
759.025
780.643
772.327
789.695
712.182
643.169
614.189
597.211
573.865
575.884
619.451
715.283
640.412
662.754
722.902
739.657
789.828
781.614
616.339
692.158
705.749
688.244
736.71
702.374
718.196
732.367
758.727
726.234
741.274
768.096
782.571
777.232
644.405
755.901
772.011
721.137
703.848
739.145
722.938
719.22
783.201
784.92
718.163
782.645
714.675
789.117
786.725
716.211
788.364
734.293
610.589
628.419
775.656
737.721
621.37
601.964
588.182
665.575
658.5
628.486
692.532
648.812
614.224
665.461
731.665
713.652
672.056
684.603
672.409
756.76
707.928
759.448
712.728
782.49
722.517
723.285
719.878
724.438
719.847
780.621
719.029
782.474
783.386
771.6
780.048
781.698
773.485
712.607
788.067
717.344
782.781
719.747
721.347
721.976
721.056
781.498
777.072
776.037
722.226
716.681
719.848
775.679
790.527
715.44
733.949
713.438
790.192
716.383
790.765
783.562
714.693
715.669
693.887
716.185
753.394
754.52
728.059
788.393
786.581
789.159
716.154
704.269
629.778
732.552
777.222
780.779
778.713
740.055
779.562
779.55
771.377
733.626
733.552
642.159
663.535
675.598
700.584
716.352
781.229
772.998
741.808
732.123
749.633
741.366
769.765
738.708
737.13
772.898
739.802
773.61
737.351
738.463
772.989
772.808
736.533
762.519
777.742
635.931
705.561
745.082
743.724
760.423
735.469
762.649
768.169
749.362
732.307
730.21
771.35
774.759
770.795
643.284
629.72
627.622
679.44
695.781
671.985
652.016
680.786
703.512
730.341
714.799
688.275
680.374
695.546
694.786
747.372
742.378
751.996
710.133
731.641
714.401
747.011
744.409
722.018
717.059
749.818
772.618
740.591
741.457
737.161
737.641
771.424
727.171
739.612
771.562
782.699
721.562
721.709
781.221
772.664
777.268
740.894
718.373
736.987
731.531
723.989
790.247
767.93
777.016
715.441
733.719
714.811
789.484
733.783
733.11
765.728
778.278
776.892
733.117
721.22
734.022
612.345
600.01
620.003
779.774
732.237
739.08
739.214
779.015
624.958
638.853
664.508
657.832
649.901
671.807
686.617
684.547
696.412
693.908
684.977
708.448
731.665
736.629
722.93
693.461
701.557
738.249
748.925
759.726
735.926
751.42
756.75
780.944
757.063
757.012
743.161
773.278
755.864
764.085
762.459
755.049
756.798
766.475
759.543
731.22
748.895
752.74
765.507
748.417
765.518
752.693
734.382
766.937
737.137
763.198
684.533
653.238
695.733
672.536
723.028
714.566
709.248
705.428
741.18
739.203
773.274
737.55
768.385
773.352
773.245
764.764
772.928
739.322
737.068
738.866
738.424
776.461
770.837
771.649
734.838
740.301
772.736
737.221
729.821
779.019
733.017
732.023
777.196
732.16
733.539
780.252
781.217
732.798
775.881
739.198
778.349
749.255
766.972
761.306
634.634
626.895
640.618
754.051
720.139
728.679
728.043
726.978
731.414
747.869
748.144
747.212
748.634
738.881
761.828
653.41
747.229
756.166
760.067
747.809
767.283
754.566
767.981
752.322
748.572
748.581
766.89
766.732
765.535
748.019
750.112
675.508
652.14
712.99
714.323
720.868
745.41
759.489
771.472
758.886
780.443
766.031
754.494
732.645
731.525
779.368
748.45
767.772
648.925
663.253
765.473
662.667
665.301
675.267
675.955
685.373
686.332
705.09
696.007
701.502
704.788
726.312
731.002
719.467
724.249
732.535
734.025
761.859
746.445
762.201
769.744
757.662
752.178
770.07
741.8
768.983
773.367
750.17
755.898
746.76
754.811
762.223
759.279
769.433
753.896
760.436
754.386
766.065
755.48
754.726
754.736
752.265
762.919
761.484
754.122
761.807
761.448
753.835
752.305
765.995
761.3
752.334
761.325
753.463
747.508
754.135
747.483
767.42
713.08
746.197
744.775
768.242
769.907
746.954
767.753
747.096
767.504
759.836
760.317
761.444
768.742
752.319
765.814
752.709
748.11
746.459
760.245
