530.613
529.032
448.367
449.528
722.97
726.896
717.605
530.105
528.576
526.035
522.493
517.966
512.473
506.039
498.692
490.462
481.395
471.51
460.893
461.483
472.936
483.929
494.382
504.333
513.676
522.589
530.694
538.624
545.585
552.287
558.295
563.839
568.891
573.379
577.563
581.111
584.38
587.262
589.75
591.945
593.839
595.432
596.875
597.913
599.066
599.728
600.469
600.978
601.399
601.804
601.946
602.401
602.249
602.631
602.61
602.77
602.848
602.909
603.063
603.056
603.248
603.392
603.455
603.643
603.782
603.931
604.186
604.222
604.714
604.536
605.048
605.114
605.41
605.639
605.803
606.17
606.137
606.626
606.669
606.864
606.986
607.076
607.12
607.142
606.994
607.07
606.479
606.465
605.881
605.41
604.741
603.824
603.026
601.445
600.574
598.536
596.845
594.563
592.086
589.301
586.013
582.624
578.498
574.046
569.315
563.93
558.161
551.894
544.975
537.882
529.568
521.816
512.424
503.226
493.126
482.719
471.699
460.372
459.736
470.185
480.08
489.048
497.257
504.556
510.962
516.43
520.941
524.47
527.002
528.524
547.327
564.958
581.873
598.049
613.445
628.049
641.84
654.813
666.964
678.298
688.825
698.558
707.519
715.729
723.218
730.015
736.154
741.67
746.599
750.979
754.846
758.238
761.192
763.749
765.944
767.811
769.377
770.671
771.723
772.56
773.209
773.691
774.028
774.239
774.341
774.349
774.278
774.139
773.945
773.704
773.426
773.119
772.79
772.445
772.089
771.724
771.353
770.989
770.656
770.352
770.061
769.767
769.479
769.208
768.96
768.736
768.533
768.35
768.183
768.03
767.886
767.746
767.601
767.442
767.258
767.036
766.76
766.413
765.978
765.431
764.75
763.905
762.865
761.596
760.063
758.236
756.079
753.556
750.622
747.231
743.337
738.897
733.869
728.21
721.881
714.842
707.059
698.499
689.134
678.941
667.901
656.003
643.238
629.61
615.123
599.797
583.646
566.709
549.014
626.713
599.303
625.544
773.098
697.6
728.981
653.954
578.666
627.191
773.137
771.653
539.957
766.136
578.597
631.347
600.551
727.183
548.37
697.544
766.761
655.15
631.177
765.293
631.079
630.208
767.407
528.921
520.461
597.186
609.913
622.473
627.498
627.971
617.04
757.137
768.25
770.216
762.631
771.423
628.485
769.515
628.031
623.714
615.109
761.757
746.159
757.132
629.073
768.933
508.184
598.949
494.134
539.673
541.944
497.966
505.379
768.347
629.397
557.14
625.941
740.608
630.233
772.805
624.139
764.313
484.818
546.602
483.896
565.722
543.497
546.322
473.656
564.087
509.387
520.198
529.409
628.792
612.617
766.477
631.32
620.089
752.466
608.694
737.845
590.523
713.848
564.531
678.034
767.058
630.593
629.822
767.832
765.914
631.352
629.578
626.386
763.633
760.492
626.728
565.082
626.948
603.376
714.73
584.632
772.552
590.033
627.227
677.388
624.755
745.525
618.816
773.2
772.565
772.288
612.658
771.308
627.195
770.952
764.822
749.895
769.54
627.582
620.234
533.326
512.559
514.14
472.313
548.176
485.101
631.151
742.309
769.685
604.112
649.438
768.25
649.888
769.152
762.777
583.078
654.106
646.405
638.739
764.86
759.306
650.335
758.42
535.936
594.863
523.22
529.05
556.295
624.047
498.255
496.697
580.955
582.734
518.903
614.29
610.279
530.46
486.063
538.563
642.405
641.004
571.792
688.202
720.869
595.894
742.274
612.006
754.981
622.373
732.829
766.319
584.897
617.811
604.644
749.542
706.083
631.359
556.374
630.975
667.021
765.638
625.866
758.959
628.846
762.791
766.621
769.222
628.372
631.207
767.224
630.731
629.576
768.077
768.639
628.971
630.139
767.609
626.527
626.669
766.905
630.945
572.073
630.499
626.819
764.858
549.094
769.853
628.098
625.994
626.962
687.89
706.539
722.2
666.08
772.888
735.105
625.234
773.208
615
772.071
753.754
606.851
772.999
771.982
623.518
595.014
766.686
770.589
621.639
627.272
760.084
770.588
627.777
640.606
767.906
527.41
534.839
522.012
503.92
538.187
495.686
544.778
508.108
497.013
560.508
563.72
694.733
725.884
651.461
647.919
768.02
555.426
639.907
649.077
739.096
717.84
590.312
615.903
762.607
633.493
685.411
763.264
653.961
653.274
763.85
761.504
652.603
644.773
650.426
766.839
650.827
766.2
644.237
751.718
651.203
765.414
764.691
591.367
658.774
549.855
611.839
572.26
533.82
545.991
624.856
762.963
654.12
652.992
652.128
590.761
648.855
634.024
766.142
650.077
649.641
761.465
753.857
768.576
527.548
519.78
580.475
510.969
578.731
558.981
534.917
509.859
544.781
556.376
652.589
664.384
564.69
574.061
621.056
742.961
636.734
753.831
646.391
703.162
724.108
651.322
597.577
759.448
653.978
654.012
764.03
762.28
762.555
746.331
639.609
649.269
757.15
765.128
763.542
729.714
651.667
625.773
653.615
604.237
597.723
764.231
649.184
574.976
648.482
674.712
711.731
648.555
746.647
769.785
769.723
647.009
642.241
767.531
619.926
769.144
769.391
649.42
609.931
737.427
636.558
627.809
769.478
763.303
649.818
756.792
645.591
768.878
551.098
543.45
518.333
537.403
509.517
562.064
560.267
569.998
599.85
669.76
650.698
732.157
669.044
764.087
628.179
607.581
670.113
763.5
670.551
635.698
757.228
719.028
733.873
634.8
653.141
675.056
758.257
550.957
666.882
748.405
759.074
754.028
664.486
746.572
671.179
752.698
672.295
757.618
543.366
652.097
760.286
643.156
656.445
762.931
522.866
575.53
544.711
626.29
548.326
522.088
638.587
596.522
606.605
565.861
648.293
580.66
675.318
582.425
615.276
763.123
654.051
652.691
760.962
756.987
674.975
710.871
694.685
652.932
652.388
765.701
651.274
764.919
763.691
653.479
737.729
656.597
640.101
615.262
755.627
647.611
758.626
763.404
653.8
651.834
648.915
764.453
653.426
734.7
629.749
610.427
749.248
642.14
761.936
736.975
685.118
719.149
670.263
660.775
769.585
762.268
768.664
648.123
750.487
663.517
731.965
766.564
643.502
650.677
703.599
769.794
647.5
649.265
615.124
767.187
767.124
650.216
670.319
755.915
763.544
665.104
555.044
565.81
559.892
542.059
521.577
576.918
566.619
647.538
689.959
690.01
754.852
757.793
674.839
674.117
755.415
629.695
583.656
724.959
676.889
749.637
726.826
623.23
694.168
764.083
688.951
673.013
673.941
651.762
706.772
671.037
670.948
760.262
565.388
574.306
560.32
748.954
599.259
744.076
662.169
759.274
758.852
669.555
633.711
763.738
670.019
761.901
670.569
741.256
762.384
760.478
662.5
601.592
534.56
558.871
592.665
622.121
535.809
621.032
581.676
571.346
590.239
659.991
607.875
680.799
591.023
670.491
622.031
698.349
757.458
675.018
741.098
659.579
673.594
758.047
712.847
673.561
758.154
759.868
671.868
759.024
673.254
674.116
748.484
751.28
666.383
669.88
756.705
756.364
674.749
674.685
724.574
729.526
758.423
644.847
649.244
622.341
628.808
672.45
753.872
672.15
764.179
670.389
667.526
668.31
720.777
763.903
668.587
751.508
757.453
666.109
669.222
762.812
671.269
638.601
688.935
669.897
647.166
726.784
653.766
745.045
664.008
763.05
763.235
558.961
552.124
532.388
587.596
533.671
571.285
605.874
674.542
638.315
655.539
688.44
740.647
756.03
755.782
685.512
748.966
689.067
691.77
706.079
687.468
668.33
756.665
733.969
677.65
705.613
693.701
692.889
692.223
751.161
750.675
683.886
751.079
689.271
754.106
691.138
748.976
682.596
741.639
689.94
744.738
751.294
571.658
616.33
615.674
750.026
694.025
748.452
755.197
674.392
556.13
573.712
602.312
557.238
580.904
546.962
634.702
584.923
572.974
642.23
614.508
623.517
670.833
659.525
604.986
594.616
680.648
683.578
631.201
645.484
705.984
644.722
712.139
722.495
662.432
657.376
730.738
674.557
754.748
750.756
757.949
761.377
671.651
749.305
759.079
666.889
674.592
672.718
757.66
674.911
688.834
755.945
673.417
674.435
672.917
749.838
694.129
668.408
691.274
668.473
729.668
714.132
688.983
764.178
679.031
754.564
761.55
686.785
698.736
667.985
763.939
664.492
761.41
670.633
719.754
743.436
733.857
754.678
681.019
607.795
581.505
566.286
545.958
547.176
586.787
686.594
607.106
628.211
683.662
700.13
756.406
748.298
584.041
654.178
667.094
652.498
697.898
666.929
683.648
703.349
720.8
692.892
710.983
731.181
750.551
745.323
609.226
718.296
740.31
686.462
664.753
699.38
693.364
691.502
751.371
752.817
690.621
750.767
686.498
756.009
754.297
688.87
752.736
705.599
579.162
595.139
739.398
708.863
588.216
570.818
559.059
629.263
622.295
595.764
653.962
615.031
582.782
631.19
691.883
674.694
637.152
650.394
638.579
717.616
672.594
722.237
677.578
750.37
693.797
693.865
691.971
690.06
691.889
746.278
691.367
750.685
751.524
739.736
748.359
748.664
736.565
680.189
755.711
689.884
750.995
691.902
690.788
693.516
692.843
747.866
740.927
740.975
692.205
684.874
688.678
737.551
756.717
686.136
705.381
682.669
755.447
689.02
756.511
747.409
684.698
687.95
660.131
688.646
713.955
716.319
695.154
755.544
754.221
753.843
688.808
671.483
595.763
701.69
742.061
746.995
746.441
710.154
745.292
747.737
739.059
705.124
705.083
608.079
628.373
639.824
665.001
679.666
747.888
741.523
707.284
698.679
719.922
710.672
735.784
706.462
708.222
741.725
708.462
742.388
708.288
709.076
741.851
741.696
707.789
724.892
745.719
601.61
667.411
708.361
706.478
729.506
699.563
725.833
732.204
719.73
700.609
697.681
735.882
743.353
739.705
608.826
596.446
595.188
642.208
657.475
634.903
618.018
645.129
664.962
691.399
675.93
652.951
645.229
660.127
659.073
709.062
703.781
714.008
675.008
692.21
679.543
707.478
705.8
685.436
682.134
711.381
741.036
710.51
710.969
707.993
708.742
739.353
693.109
709.863
738.953
750.753
693.219
691.439
747.246
741.538
741.49
709.995
686.906
708.046
702.401
690.22
756.635
731.549
745.192
686.455
705.204
686.403
756.227
704.943
704.19
728.433
743.418
745.138
704.675
687.054
705.267
580.123
569.702
587.597
747.066
702.384
709.571
707.623
746.616
592.387
605.262
629.29
622.307
614.561
635.348
649.212
647.333
658.669
657.022
648.852
671.503
694.027
699.257
684.344
657.098
665.016
699.54
719.076
728.673
700.579
714.75
725.351
747.822
725.45
720.988
709.139
741.888
724.698
728.488
731.881
724.085
724.991
732.142
728.043
701.924
719.338
722.791
734.407
718.94
734.484
722.849
701.224
731.605
704.197
728.662
646.745
618.552
657.963
637.069
684.064
676.151
672.595
670.072
704.105
701.717
742.03
708.29
734.148
742.171
742.028
728.264
741.805
709.701
708.075
706.972
705.804
744.91
737.22
738.725
706.234
709.194
741.623
708.111
696.064
744.463
704.573
699.864
745.48
700.919
705.062
746.231
747.653
702.286
740.536
704.242
746.198
719.487
736.097
730.487
601.064
593.508
606.232
724.053
682.141
692.639
690.285
690.572
695.239
710.893
718.218
717.197
712.284
703.277
731.4
618.193
715.313
724.169
728.263
714.958
735.807
723.762
734.569
722.356
719.064
719.064
732.899
735.387
734.56
718.567
720.469
638.613
617.658
674.969
677.518
683.131
711.748
728.238
738.209
723.09
747.533
734.82
718.143
702.472
701.982
746.825
718.965
732.979
614.305
627.045
734.776
627.125
629.415
638.978
639.581
648.679
649.496
667.15
658.801
664.535
667.33
688.445
692.303
682.885
687.924
696.824
696.363
731.135
716.301
731.558
737.424
722.018
716.204
737.53
706.511
736.89
742.054
715.323
721.074
712.62
720.455
731.723
726.076
736.473
720.521
726.701
723.704
735.164
723.278
720.891
722.311
722.079
732.42
731.109
723.559
731.406
731.093
720.834
722.291
735.146
730.95
722.207
730.984
723.037
716.283
721.449
715.928
733.735
675.444
715.86
709.775
736.352
737.159
716.061
736.028
714.767
735.911
727.022
728.198
731.098
735.565
722.252
734.877
722.418
718.642
715.866
727.787
