759.978
780.078
550.574
604.887
936.021
919.465
923.321
759.056
756.347
751.843
745.52
737.353
727.312
715.388
701.552
685.786
668.38
648.601
627.717
628.365
649.73
669.401
686.367
701.226
714.755
723.074
737.964
731.248
744.893
745.303
749.261
750.758
750.629
752.924
747.22
754.321
753.731
749.619
749.179
746.469
744.652
743.075
739.272
742.435
728.578
733.911
729.575
729.064
727.947
725.392
728.587
718.047
738.482
727.465
731.584
729.801
729.614
730.573
727.535
733.745
723.546
718.028
722.552
719.918
721.146
721.105
719.783
724.8
712.681
741.598
728.378
734.021
732.727
732.813
734.901
729.339
742.361
718.043
719.348
721.182
719.767
720.458
719.369
720.413
720.729
713.705
747.62
731.408
736.911
735.431
735.246
736.165
730.188
747.04
698.905
717.975
710.768
710.99
710.277
708.298
711.619
696.98
722.648
736.421
723.072
725.512
720.568
716.028
711.091
699.339
711.039
635.392
648.726
630.547
617.08
602.071
585.407
566.005
593.77
603.466
628.952
656.394
678.864
701.881
722.326
740.134
754.726
765.951
773.852
778.525
818.247
851.466
882.739
909.906
934.028
954.911
972.736
987.737
1000.15
1010.24
1018.28
1024.54
1029.29
1032.76
1035.18
1036.74
1037.62
1037.95
1037.85
1037.43
1036.76
1035.9
1034.92
1033.85
1032.73
1031.58
1030.39
1029.19
1027.96
1026.73
1025.49
1024.26
1023.02
1021.78
1020.54
1019.3
1018.05
1016.81
1015.57
1014.33
1013.08
1011.84
1010.6
1009.35
1008.12
1006.88
1005.63
1004.4
1003.23
1002.1
1000.99
999.865
998.733
997.623
996.55
995.518
994.532
993.596
992.719
991.911
991.182
990.542
990.003
989.575
989.269
989.095
989.063
989.182
989.46
989.903
990.513
991.286
992.213
993.278
994.465
995.759
997.139
998.565
999.978
1001.31
1002.46
1003.35
1003.84
1003.8
1003.07
1001.45
998.735
994.698
989.094
981.667
972.157
960.309
945.887
928.68
908.487
885.156
858.911
828.712
796.741
756.138
797.119
768.169
1019.28
1021.9
1034.03
985.256
793.332
753.192
1015.6
1008.23
759.102
987.208
726.761
769.999
750.116
1002.09
700.322
993.094
989.063
958.853
750.109
987.165
769.794
756.051
992.36
760.641
733.318
907.533
786.465
777.78
764.457
765.598
779.742
1033.22
1027.78
1003.32
1031.19
1024.16
765.987
1000.94
751.247
772.366
768.266
990.283
999.505
993.871
752.288
998.749
677.08
883.706
655.811
780.164
802.164
698.478
716.269
996.501
755.522
783.337
768.897
1035.23
752.69
1013.15
771.977
987.916
640.409
816.245
625.764
826.948
786.982
791.977
654.64
849.121
716.967
733.317
707.506
927.282
931.679
987.913
770.237
769.542
996.718
766.935
1001.59
733.867
999.785
714.719
980.131
990.575
768.069
755.522
994.35
987.048
771.733
752.36
757.504
988.543
991.367
750.555
785.552
755.622
789.814
1030.07
795.09
1021.72
795.793
952.538
1007.66
770.653
1035.14
777.718
1018.05
1011.92
1010.69
783.954
1007
760.764
1005.78
1030.08
1034.73
1026.59
765.212
775.453
774.546
709.256
733.041
619.14
795.254
676.272
819.722
1027.05
1011.83
820.641
796.078
1001.2
789.652
1004.74
981.069
810.617
792.24
798.769
813.21
1019.98
1023.28
800.841
984.502
760.632
900.838
743.162
760.031
810.202
822.297
700.143
659.871
880.3
857.336
693.324
907.067
924.836
747.429
676.857
718.299
944.464
970.312
721.55
987.522
1001.38
734.154
1000.68
767.723
995.269
770.554
1002.1
987.5
730.846
768.82
767.366
998.156
997.1
770.222
707.452
768.632
970.66
987.031
749.259
992.565
751.942
989.335
988.438
999.847
768.71
770.013
991.438
752.552
755.451
995.406
997.63
755.39
755.689
993.333
754.89
756.683
989.779
771.45
790.298
752.715
755.829
987.458
766.784
1002.1
765.823
766.869
755.83
1015.67
1026.62
1032.48
997.618
1020.5
1034.9
769.338
1016.83
781.837
1022.95
1034.07
786.258
1014.37
1009.46
773.459
795.47
1028.95
1004.55
772.375
766.935
1032.25
1025.38
765.47
811.057
1000.01
755.44
771.448
747.846
683.03
790.195
697.715
810.862
679.468
648.92
817.718
823.413
1013.96
1025.93
977.893
794.581
1016.52
733.723
940.19
796.128
995.351
996.321
775.852
789.961
989.666
786.29
982.81
982.187
792.366
801.354
985.006
981.485
799.763
801.83
790.159
996.468
790.523
994.315
789.439
989.718
797.785
991.809
988.804
890.266
844.608
804.645
902.875
838.898
703.861
776.165
945.526
981.326
792.39
799.934
799.055
815.447
797.042
817.601
1018.83
789.815
792.606
1022.21
1025.24
1002.38
735.186
742.361
853.397
723.213
873.907
833.807
760.869
669.051
789.328
789.016
954.477
966.167
750.604
760.872
787.382
994.113
787.314
988.257
791.325
992.202
996.959
800.885
781.032
983.497
794.789
792.324
985.883
980.972
980.948
992.711
788.038
800.155
985.634
990.727
983.443
996.905
798.662
784.73
792.054
785.312
818.674
986.818
795.928
803.63
797.463
999.976
1022.01
792.671
1026.66
1010.66
1008.3
797.296
809.005
998.783
820.573
1014.19
1005.93
795.869
821.556
1027.13
815.425
822.18
1013.01
1021.1
789.322
1024.31
800.306
1003.56
800.844
784.233
708.616
775.698
722.778
843.202
803.617
769.509
845.598
823.49
851.077
1013.77
824.717
999.767
857.341
806.704
823.239
993.005
825.98
933
971.018
988.456
986.535
822.62
828.24
831.767
974.451
787.121
833.787
1011.92
1006.83
1010.69
829.58
980.938
829.808
974.685
826.462
976.676
785.913
801.012
982.66
854.771
846.848
990.785
746.977
864.093
719.38
923.022
787.123
687.322
963.134
879.527
913.722
799.194
947.147
781.512
975.525
769.396
854.037
981.706
792.485
801.345
981.989
970.925
831.688
994.805
988.285
799.961
799.33
992.879
791.311
989.786
984.193
794.238
985.216
829.031
824.762
811.952
986.896
798.651
976.12
982.774
792.154
798.941
796.518
987.796
800.828
996.322
785.509
788.312
991.236
788.446
981.148
1013.73
1007.84
1024.39
823.388
842.384
1007.12
988.552
1015.36
793.433
1026.03
990.107
1026.79
995.48
806.64
790.231
1018.6
1009.48
795.909
795.876
821.494
1017.68
997.497
789.986
824.452
1009.33
1001.94
837.291
821.226
833.253
816.565
760.398
701.639
847.155
828.777
965.934
980.306
1000.81
974.094
972.102
831.31
830.191
972.244
922.809
804.118
995.669
872.974
957.449
974.531
841.557
863.374
996.378
854.246
826.753
827.982
857.688
1008.69
863.274
826.617
983.266
810.042
840.078
809.612
998.543
800.157
982.33
829.624
978.84
977.046
823.643
857.403
994.12
823.2
987.401
826.094
1013.38
1004
1006.04
840.341
898.363
721.416
754.978
872.833
915.905
768.076
933.978
828.812
817.379
791.996
958.685
850.578
974.993
838.761
987.526
856.21
984.09
971.296
831.684
983.705
829.467
829.85
973.193
987.946
827.449
973.806
981.53
827.582
978.855
827.005
829.567
979.344
975.795
829.723
829.782
970.999
971.243
831.316
830.976
988.289
987.614
975.244
826.219
827.131
816.279
819.895
826.374
973.824
829.744
998.656
825.613
832.224
829.496
1012.59
1000.91
826.863
1011.37
1007.74
835.468
823.954
987.989
827.093
856.664
854.209
823.326
852.802
1013.46
849.01
1012.76
838.525
1002.98
991.906
811.797
802.273
732.141
863.927
767.502
850.633
863.189
964.283
881.81
882.472
854.133
993.382
985.795
977.26
861.209
957.336
854.237
858.643
976.466
853.525
879.256
984.035
971.672
863.784
881.374
861.944
863.027
859.267
962.519
959.986
865.041
988.849
854.619
971.326
857.581
960.455
863.576
972.559
863.845
961.059
964.013
789.308
905.975
917.877
957.931
862.822
993.139
975.174
875.139
782.508
835.375
886.407
808.557
857.536
739.09
951.358
842.104
827.209
936.881
835.013
875.674
967.895
978.009
826.696
816.432
995.045
969.394
846.642
854.634
986.574
883.011
976.785
975.683
861.363
859.785
973.301
863.576
972.986
960.922
972.661
984.861
827.435
957.278
977.975
862.374
830.34
826.424
971.694
831.44
854.224
971.663
827.123
830.455
829.698
977.35
863.616
829.346
857.977
828.082
995.65
1011.09
854.168
997.537
870.812
973.162
1005.06
853.247
1005.31
830.779
995.252
880.694
986.017
826.142
995.457
990.722
995.354
987.186
868.965
895.928
853.068
825.385
753.271
789.539
875.927
856.374
849.634
869.537
982.96
990.754
980.429
958.305
847.842
961.815
951.304
905.915
962.427
891.745
904.228
879.028
973.932
898.655
893.178
971.745
958.934
955.379
893.686
960.133
941.061
894.92
957.468
975.315
863.248
858.22
963.34
968.069
856.874
959.811
853.479
978.261
972.29
853.904
988.821
881.403
830.503
878.884
975.146
887.699
861.37
829.332
772.298
935.037
910.217
853.906
948.414
870.333
820.479
879.255
973.025
977.86
875.625
883.063
850.885
976.481
893.219
959.093
893.945
958.509
862.225
863.479
858.814
894.835
858.572
960.729
857.996
960.387
964.047
940.57
958.797
957.727
968.703
863.539
973.996
855.651
961.784
858.795
863.319
861.588
860.235
959.104
966.734
958.88
862.863
863.625
864.053
994.738
982.95
859.621
880.951
867.167
986.533
854.121
985.133
985.427
862.935
853.769
881.587
854.147
994.778
974.137
896.566
976.303
971.796
988.08
853.832
877.162
874.869
886.986
968.87
966.818
958.622
890.843
967.16
958.832
941.141
880.952
880.568
876.186
893.86
900.321
907.414
922.068
965.822
942.77
921.43
894.913
905.313
894.049
945.784
895.625
886.816
943.75
893.377
947.274
887.047
888.43
945.643
944.666
885.71
973.755
956.466
880.178
956.995
943.906
950.116
922.446
923.692
958.235
956.537
905.034
891.809
895.562
962.6
950.013
942.848
897.7
863.373
836.032
949.814
944.821
924.374
860.558
903.174
971.108
961.561
956.108
884.691
880.239
888.405
907.193
961.931
962.499
961.312
905.938
987.33
905.203
993.386
973.644
923.147
894.346
974.204
942.034
891.838
893.796
886.521
887.58
940.648
894.541
890.082
942.225
959.502
861.007
862.825
959.973
943.717
964.56
893.703
863.99
886.577
878.149
900.665
981.766
966.042
954.841
857.96
880.68
854.626
979.329
880.708
879.865
973.205
968.514
954.469
879.979
902.41
880.992
846.577
802.543
856.085
961.446
881.646
889.33
893.425
959.41
848.647
864.931
891.251
914.731
896.549
929.769
930.329
941.971
936.54
923.45
905.929
927.925
946.022
945.515
965.681
910.334
914.668
972.377
904.083
921.629
924.132
949.718
920.156
964.614
921.148
948.777
918.611
943.436
918.277
953.74
925.906
916.636
921.261
947.608
922.49
878.328
904.473
912.437
934.491
904.266
934.434
912.082
895.593
950.857
897.479
941.711
935.966
886.05
950.892
899.232
959.507
961.756
918.717
906.542
944.958
950.257
944.026
886.995
945.612
946.569
946.835
957.486
945.212
889.638
886.661
894.178
897.263
953.131
945.26
943.403
882.944
893.386
944.195
886.738
894.751
967.853
879.911
894.578
954.865
888.768
880.49
967.033
966.632
885.389
968.203
923.007
957.751
904.618
936.472
923.731
874.563
865.329
881.325
914.558
945.783
926.377
948.481
923.552
923.635
950.08
902.955
901.734
942.904
923.451
925.387
894.588
908.988
920.884
924.18
914.979
937.943
915.661
944.868
911.77
904.134
905.052
946.183
936.839
934.39
903.812
907.694
921.71
879.244
943.912
928.179
945.432
918.021
921.733
944.492
948.871
963.129
935.495
949.349
883.556
879.544
960.343
904.12
952.517
891.323
910.495
933.549
906.166
905.372
918.26
913.515
919.308
926.987
940.915
932.931
926.248
937.503
946.418
969.618
927.62
927.011
925.36
949.827
924.631
900.927
925.296
943.73
944.257
942.315
944.88
923.138
941.911
943.858
928.945
936.427
918.906
932.048
925.76
929.579
945.265
923.626
933.876
915.27
935.116
920.533
927.593
920.252
911.683
929.041
925.112
914.779
926.97
925.343
921.52
911.757
934.901
925.898
911.813
925.689
913.652
906.005
920.46
907.48
945.331
941.718
901.074
923.725
940.243
945.276
903.956
939.117
911.105
938.484
928.198
925.683
925.619
945.024
911.79
934.788
912.411
904.133
902.228
927.015
