607.724
604.639
496.149
499.757
813.376
806.217
805.361
607.042
605.008
601.628
596.916
590.893
583.584
575.016
565.237
554.27
542.184
529.038
514.808
515.495
530.576
544.71
558.017
570.314
581.908
592.051
602.385
609.832
618.535
625.003
631.339
636.668
641.219
645.475
648.336
651.77
654.02
655.732
657.323
658.394
659.207
659.895
659.982
660.783
659.837
660.528
660.039
659.996
659.835
659.358
659.724
658.359
659.96
658.61
659.092
658.735
658.721
658.825
658.517
659.139
658.618
658.475
659.003
658.953
659.254
659.578
659.536
660.548
659.44
662.018
660.896
661.988
662.052
662.41
663.068
662.738
664.378
663.003
663.92
664.179
664.488
664.839
665.133
665.321
665.915
665.12
667.585
666.123
666.986
666.642
666.503
666.671
665.338
666.79
662.841
663.974
661.802
660.809
659.013
656.703
654.791
650.84
648.65
645.263
640.062
635.332
629.326
622.674
615.84
606.574
599.986
586.19
578.004
565.262
553.472
540.011
526.163
511.015
510.991
525.047
538.181
550.213
561.217
571.135
579.82
587.305
593.482
598.337
601.829
603.934
628.853
651.825
673.643
694.12
713.323
731.166
747.678
762.855
776.722
789.312
800.67
810.848
819.908
827.914
834.937
841.05
846.327
850.842
854.667
857.873
860.525
862.686
864.417
865.776
866.815
867.577
868.098
868.411
868.55
868.543
868.415
868.187
867.877
867.498
867.065
866.587
866.072
865.529
864.964
864.382
863.787
863.185
862.577
861.968
861.361
860.753
860.148
859.56
859.015
858.512
858.03
857.553
857.092
856.663
856.278
855.939
855.648
855.409
855.225
855.097
855.029
855.022
855.074
855.184
855.347
855.556
855.804
856.079
856.368
856.652
856.909
857.113
857.227
857.211
857.024
856.624
855.964
854.988
853.629
851.812
849.461
846.499
842.845
838.417
833.129
826.899
819.645
811.286
801.75
790.97
778.885
765.447
750.62
734.374
716.714
697.611
677.15
655.268
632.152
686.889
676.894
688.424
866.101
809.577
839.706
761.695
657.765
686.483
864.681
861.198
615.513
853.998
654.503
694.882
675.825
837.124
619.862
810.061
853.678
764.335
694.047
854.73
693.513
691.861
854.293
605.451
592.091
692.954
684.017
689.565
687.472
688.352
687.627
861.294
866.697
858.773
864.372
867.14
688.618
857.637
694.576
694.879
688.152
855.883
850.484
855.275
688.343
856.67
574.123
696.499
557.218
619.75
621.465
563.485
574.092
855.728
689.812
635.832
688.559
849.475
694.996
863.577
689.015
855.302
544.34
627.866
542.17
653.964
624.834
628.585
531.934
650.643
577.926
591.443
599.548
733.302
712.202
853.724
694.255
691.699
853.648
682.965
845.186
666.639
825.635
639.355
789.795
853.872
693.215
690.736
854.92
854.208
695.092
695.117
687.456
855.56
855.869
694.743
643.378
686.686
679.274
826.601
663.573
866.787
668.677
730.051
788.093
688.746
853.291
688.213
865.669
862.996
862.404
685.454
860.59
687.227
859.983
865.411
856.49
867.009
687.948
688.804
609.642
581.581
585.789
528.61
631.047
547.025
710.134
849.173
861.923
688.021
713.993
857.072
713.92
858.849
849.962
666.827
721.509
715.277
714.175
862.488
860.195
722.556
851.842
612.212
689.796
596.229
605.257
641.456
705.381
564.255
559.732
672.407
675.956
587.682
715.623
709.023
603.82
548.03
612.776
749.531
746.545
647.399
800.549
831.85
670.802
848.14
686.039
854.618
692.343
841.541
853.835
660.672
690.024
680.709
852.296
818.399
694.66
631.166
696.002
777.741
854.455
692.679
855.679
694.98
855.765
853.671
857.149
690.159
693.976
854.056
691.095
690.339
855.301
856.193
689.953
690.943
854.582
686.558
686.851
853.745
693.198
651.27
695.47
686.82
855.018
625.197
858.187
688.792
687.743
686.992
799.423
818.615
833.607
775.532
866.478
844.971
688.512
865.193
686.745
867.014
859.137
681.784
864.14
861.804
688.852
672.735
866.175
859.379
688.501
687.739
863.02
867.146
688.081
714.853
856.468
601.576
613.32
596.253
569.475
616.299
561.239
625.361
575.149
559.613
647.051
651.311
805.776
835.683
758.316
714.557
862.942
631.278
746.265
713.771
844.185
828.018
672.198
697.977
850.237
711.633
796.953
849.639
720.408
722.792
850.001
850.977
718.474
715.224
714.557
854.686
715.356
853.639
719.081
850.615
716.83
852.436
851.225
685.024
738.71
631.137
712.412
662.117
605.916
624.352
726.827
849.803
721.119
719.689
717.626
674.713
713.882
711.918
862.8
714.001
713.655
861.216
857.14
857.671
600.943
592.902
672.977
580.7
669.378
643.642
610.826
575.924
626.16
636.606
760.995
774.313
644.503
654.294
701.919
846.516
714.056
851.251
719.53
814.669
833.252
722.808
679.771
851.72
721.788
721.698
850.233
850.416
850.17
848.321
716.041
722.029
851.823
851.965
849.707
837.636
716.69
705.076
719.549
686.524
681.818
850.519
713.703
657.376
714.54
784.501
822.667
713.665
852.349
861.496
860.519
715.089
715.258
855.842
701.677
862.601
859.424
713.622
693.378
845.383
713.201
708.13
862.297
861.965
713.47
858.863
715.499
858.263
634.553
622.417
588.367
616.349
579.283
647.872
643.187
652.296
688.703
738.026
734.498
838.613
737.944
855.079
716.97
693.683
738.021
851.987
738.7
740.773
843.296
826.847
837.664
720.634
736.886
747.088
843.283
631.565
740.226
850.208
855.326
853.533
744.428
844.281
747.192
844.93
740.707
843.073
623.794
722.938
851.517
729.21
737.666
850.829
596.572
664.991
619.398
730.031
628.606
591.405
743.263
693.311
704.016
648.07
755.402
663.645
786.28
663.749
704.716
849.695
720.786
722.972
851.26
843.48
747.469
821.852
806.394
718.718
718.036
852.912
715.208
851.599
849.827
719.056
839.992
739.421
725.824
701.687
851.64
721.977
843.782
849.646
720.074
717.223
713.88
850.853
723.21
841.257
708.861
692.362
849.676
717.648
850.69
842.354
795.725
829.625
737.959
739.455
859.983
849.645
862.822
714.392
854.985
772.07
840.911
854.21
715.723
714.87
814.737
861.026
714.846
713.705
698.056
862.943
855.184
714.254
738.307
854.295
855.732
740.561
638.234
651.7
645.719
619.676
592.522
668.281
654.639
752.982
800.329
799.515
840.858
843.07
745.927
747.526
844.569
732.969
669.531
829.378
760.91
834.183
828.821
714.481
769.696
853.652
760.637
742.049
743.409
742.914
816.17
758.717
739.368
846.719
649.791
663.985
644.434
847.084
684.72
843.246
743.079
844.804
844.117
738.037
721.779
852.554
737.973
849.032
738.812
845.49
856.004
855.795
739.971
697.201
608.893
638.798
688.238
724.585
612.978
721.626
668.277
656.425
674.751
768.612
697.21
791.008
679.299
778.812
711.273
808.517
843.189
746.717
841.79
741.446
747.532
843.109
821.693
743.087
843.179
845.92
740.883
844.616
742.441
744.474
844.782
844.791
745.623
746.705
843.714
843.987
747.669
745.488
831.179
834.775
843.497
730.388
733.815
708.828
715.17
741.227
844.975
747.414
854.653
738.648
740.005
739.305
829.057
855.47
738.606
852.121
854.718
740.374
738.012
849.676
739.822
725.942
760.605
737.986
732.049
834.221
736.268
848.081
740.224
855.924
851.418
642.403
635.408
606.347
681.555
610.89
659.171
698.014
782.927
731.709
746.71
760.508
840.404
846.54
842.635
762.407
834.422
760.484
764.763
813.087
759.974
756.348
846.021
832.955
763.322
780.341
768.139
770.591
765.901
834.877
834.207
762.864
845.411
760.869
839.356
763.317
832.793
766.259
838.2
770.466
835.27
835.309
655.175
717.024
714.379
834.267
769.138
845.263
841.47
759.76
637.432
661.035
699.92
641.381
670.764
624.306
737.981
674.185
659.897
747.541
705.119
717.012
780.476
766.651
694.568
682.761
789.749
792.114
722.762
736.965
815.629
737.628
818.122
825.931
751.842
747.735
831.253
761.234
844.824
834.293
843.097
847.854
740.304
834.258
844.472
755.473
747.241
741.597
843.133
746.278
760.611
844.282
742.737
745.066
747.479
844.724
770.058
745.83
763.887
738.793
833.029
823.083
760.472
854.181
761.732
840.334
855.988
759.635
808.33
739.677
853.115
753.747
848.28
738.937
825.15
841.542
836.095
846.543
762.484
707.115
673.505
653.358
623.512
628.011
678.766
760.929
698.978
722.713
791.091
807.459
844.317
835.075
674.524
759.419
773.269
749.923
802.645
761.941
775.37
778.773
821.715
780.53
790.169
828.614
834.38
829.352
707.745
818.147
823.009
778.293
772.598
807.188
770.575
764.33
835.207
837.511
762.654
834.376
759.467
843.178
839.849
760.273
846.236
780.434
666.95
688.488
834.722
784.696
681.364
658.351
639.789
730.634
723.363
686.808
760.796
708.074
670.305
724.757
800.215
781.793
732.243
742.537
730.202
822.394
767.051
820.7
771.304
834.383
768.536
770.29
765.255
780.828
765.289
835.766
764.057
834.198
835.483
822.793
831.881
834.733
833.653
764.818
841.109
761.679
834.618
765.041
770.476
767.676
766.502
835.453
835.602
832.519
770.485
767.6
770.051
838.605
845.559
762.115
779.987
762.961
846.61
760.364
846.438
842.379
762.593
760.205
750.407
760.542
820.199
818.297
781.407
842.107
839.605
846.5
760.249
758.179
691.308
782.012
834.217
835.518
831.334
788.42
835.045
831.614
823.207
779.977
779.749
702.883
725.484
738.05
761.124
778.334
835.329
823.784
798.029
786.367
797.601
790.766
824.35
790.407
784.028
823.482
789.985
824.602
784.454
786.119
823.779
823.465
783.321
824.712
830.021
697.744
772.091
805.857
805.708
810.084
794.677
822.948
826.557
797.263
783.288
782.75
828.923
826.109
821.589
705.183
689.347
685.148
745.774
763.145
738.036
711.412
742.743
771.368
796.957
782.231
748.385
740.572
755.436
755.977
811.58
807.501
815.258
769.011
799.719
772.421
814.393
809.618
783.412
774.932
814.352
823.499
789.195
790.624
784.372
784.547
822.897
782.805
787.778
823.835
834.465
767.08
770.361
835.739
823.235
835.083
790.432
769.152
783.926
778.073
779.252
845
827.346
829.023
761.575
779.812
760.003
843.748
780.034
779.421
827.105
834.745
828.803
779.309
777.437
780.199
670.653
654.339
678.327
832.975
780.017
786.952
789.8
831.801
683.097
698.526
726.384
721.322
713.231
736.595
752.405
750.279
762.343
757.837
747.616
771.587
795.161
799.25
789.344
756.094
764.088
804.031
796.977
809.55
794.088
811.834
807.435
834.733
808.051
815.897
798.323
824.001
806.218
821.981
811.863
805.118
808.071
821.974
810.007
778.144
796.731
801.558
816.188
796.208
816.117
801.258
788.006
824.105
790.144
818.907
751.422
714.768
762.03
734.594
790.153
781.119
771.571
765.172
802.91
801.945
823.907
784.883
823.453
824.249
824.242
824.337
823.651
787.331
784.077
789.957
790.802
828.065
824.77
824.42
781.382
790.132
823.344
784.371
784.754
834.971
779.246
783.807
829.065
782.301
779.708
835.347
835.638
781.651
833.21
796.406
830.808
797.244
817.382
810.88
694.762
687.021
702.227
802.95
785.142
788.678
792.012
787.687
791.39
809.082
796.249
795.395
808.459
797.311
811.119
716.133
798.311
807.743
811.002
800.576
818.486
804.424
821.921
801.16
796.354
796.543
821.79
817.756
816.06
795.807
798.31
740.834
713.082
778.493
776.781
785.208
799.799
809.59
824.8
817.266
833.931
816.865
814.13
780.936
778.825
832.345
796.214
824.1
710.626
727.758
815.568
725.648
728.783
739.187
739.874
749.417
750.802
770.913
760.695
765.129
769.483
790.639
797.185
781.121
785.089
791.629
797.441
811.354
794.768
811.637
822.101
815.695
811.074
822.737
799.467
821.015
824.042
806.75
812.333
802.012
810.351
811.568
812.582
822.692
807.725
814.695
804.091
816.503
807.364
809.381
806.965
801.379
812.65
810.751
803.683
811.346
810.741
807.011
801.208
816.353
810.719
801.382
810.692
802.857
797.42
806.783
797.945
821.802
777.661
794.741
801.768
819.988
822.866
796.332
819.275
798.913
818.855
812.446
811.757
810.777
822.319
801.294
816.297
801.955
795.961
795.374
812.244
