641.575
638.849
516.15
521.887
846.269
835.735
837.154
640.832
638.592
634.865
629.665
623.011
614.933
605.465
594.629
582.508
569.094
554.493
538.814
539.555
555.992
571.474
585.797
599.121
610.96
622.54
631.09
642.148
648.271
655.839
661.318
666.329
670.659
673.605
677.298
678.289
680.02
681.555
682.173
682.802
683.077
682.942
683.297
681.987
683.542
681.82
682.028
681.35
680.839
680.847
679.448
681.127
677.468
679.316
678.061
678.356
678.198
677.931
678.529
677.537
678.892
679.626
679.123
679.791
679.876
680.051
680.874
679.959
682.813
678.875
681.848
680.918
681.791
682.18
682.041
683.658
681.721
685.468
684.955
685.405
685.858
686.119
686.517
686.955
686.695
688.72
684.467
687.563
686.284
686.953
687.012
686.296
687.852
684.051
689.984
685.708
686.732
684.983
683.753
682.531
679.441
678.938
673.373
668.579
665.743
660.086
654.884
648.617
640.613
634.503
621.175
619.07
603.495
593.55
579.466
565.626
550.188
534.475
532.139
548.227
562.417
576.238
588.786
599.979
610.038
618.638
625.821
631.481
635.563
638.028
665.547
690.97
714.694
736.959
757.52
776.486
793.809
809.532
823.697
836.36
847.594
857.479
866.105
873.565
879.956
885.378
889.926
893.695
896.775
899.251
901.2
902.695
903.802
904.584
905.096
905.38
905.47
905.399
905.195
904.885
904.49
904.026
903.507
902.944
902.346
901.719
901.07
900.404
899.723
899.032
898.334
897.63
896.924
896.218
895.513
894.808
894.104
893.416
892.772
892.171
891.59
891.012
890.448
889.916
889.43
888.992
888.608
888.281
888.017
887.82
887.696
887.648
887.68
887.793
887.987
888.259
888.605
889.021
889.495
890.016
890.566
891.121
891.649
892.112
892.469
892.679
892.694
892.455
891.887
890.907
889.427
887.356
884.596
881.044
876.594
871.137
864.564
856.766
847.642
837.094
825.034
811.387
796.091
779.103
760.378
739.966
717.759
694.005
668.467
708.987
705.013
709.808
901.411
856.024
883.856
808.191
689.049
709.604
899.548
895.422
647.045
886.536
685.117
716.249
703.794
879.647
653.694
855.434
886.239
810.17
719.99
887.572
714.798
713.795
887.144
638.961
623.006
735.616
711.387
711.52
708.823
709.346
713.342
901.142
903.921
892.61
903.025
903.34
710.482
891.277
719.239
714.765
712.402
890.207
889.478
891.232
713.169
890.116
599.149
738.747
582.385
654.758
656.921
592.038
604.309
888.97
712.77
666.126
708.036
892.156
719.094
898.207
711.278
888.568
567.2
664.396
568.784
692.579
660.372
664.518
557.318
689.616
607.761
622.171
627.156
777.928
756.223
886.227
715.473
714.839
891.015
708.764
885.94
695.913
869.767
670.596
835.813
886.557
713.355
713.446
887.96
886.809
716.489
719.083
708.887
889.119
890.672
718.453
675.846
708.997
708.568
872.071
694.396
902.487
698.788
775.195
834.956
710.89
895.23
713.428
900.816
897.52
896.825
712.554
894.718
708.494
894.014
903.539
897.701
903.85
708.656
713.077
643.176
610.797
617.199
549.2
667.237
574.427
739.828
890.609
896.833
722.238
735.97
890.929
737.537
892.996
882.198
701.85
746.224
740.346
741.674
899.273
898.386
746.531
885.876
645.213
731.96
628.183
638.786
678.798
736.325
593.46
583.654
713.271
716.445
613.362
759.183
752.536
635.438
575.364
636.717
794.898
792.496
678.283
846.333
875.209
701.619
888.004
710.47
891.248
716.383
883.188
886.342
691.258
713.82
704.656
890.454
863.211
715.724
661.219
715.964
823.784
887.156
720.316
891.025
719.144
889.676
886.193
890.693
709.076
715.01
886.82
715.999
713.041
888.442
889.538
711.717
714.073
887.526
710.765
709.286
886.362
714.168
682.61
718.264
708.891
888.047
658.741
891.925
709.521
709.962
708.609
846.162
864.629
878.447
822.323
901.972
888.394
710.427
900.194
713.027
902.948
899.649
710.462
898.885
896.125
712.125
702.837
903.827
893.314
713.572
707.868
902.247
903.648
709.064
741.757
890.233
633.873
647.658
628.798
597.929
650.902
589.949
661.471
602.325
587.218
684.966
689.658
851.676
879.308
804.277
738.854
898.722
664.859
791.32
736.331
883.744
871.062
702.315
726.047
883.497
740.933
842.415
881.852
745.085
746.279
882.444
883.71
741.266
741.651
738.513
888.168
739.192
886.941
746.367
886.95
738.613
885.531
884.032
726.418
767.878
666.949
755.662
701.202
637.224
658.109
771.453
882.005
745.92
741.599
740.417
709.78
736.78
740.725
899.208
737.905
736.902
898.89
896.51
891.623
632.324
625.169
713.167
611.295
709.76
681.476
643.755
605.153
661.909
671.015
806.514
820.037
673.581
684.58
731.318
885.206
742.844
886.916
747.627
859.161
875.461
746.564
709.653
885.338
747.108
746.794
882.759
882.819
882.471
886.176
744.357
746.397
886.338
884.961
882.008
878.972
739.653
736.165
744.373
716.089
716.508
883.135
736.242
693.49
736.422
830.819
867.599
738.456
893.067
896.247
894.998
739.843
741.647
889.511
734.518
897.891
893.674
736.318
727.048
887.554
741.357
738.114
897.386
899.172
737.716
897.619
740.773
892.311
671.177
656.911
618.401
651.074
609.981
686.399
678.726
684.498
724.918
763.015
765.786
879.955
763.376
889.344
751.482
728.251
762.976
885.521
762.945
785.307
875.036
868.535
876.709
753.878
766.124
772.06
875.2
666.136
765.979
888.779
891.379
890.984
771.702
880.14
774.661
878.475
766.425
875.412
658.874
746.501
884.782
761.99
767.523
884.179
628.72
704.649
651.361
774.345
663.264
621.748
788.687
735.25
746.726
682.128
800.396
698.191
831.976
693.972
740.299
881.891
745.507
746.389
884.232
875.287
772.373
865.665
851.445
741.818
740.847
886.104
740.184
884.501
882.194
743.803
878.168
768.139
757.563
736.009
886.7
745.494
875.862
881.895
744.594
739.993
736.467
883.563
745.386
881.702
738.516
721.758
886.742
745.493
883.235
882.975
841.917
873.933
763.168
767.976
894.344
882.817
898.341
738.273
895.01
818.321
883.817
887.607
741.131
738.884
860.208
895.634
739.332
736.192
730.923
899.017
888.754
738.169
762.869
891.238
890.362
766.922
675.17
689.23
683.109
652.506
621.04
707.995
692.954
798.089
844.846
844.525
873.317
874.784
770.72
774.193
877.056
776.778
705.11
869.613
791.644
865.257
867.154
749.895
797.219
887.503
786.388
767.682
769.49
776.814
860.227
791.094
763.67
879.52
685.913
702.971
680.838
883.817
719.434
879.809
770.806
877.154
876.287
763.061
755.623
886.186
762.94
882.114
763.037
885.405
891.1
891.495
767.93
738.841
638.698
670.399
729.679
768.381
646.567
765.423
704.958
692.59
709.456
813.807
733.177
835.936
715.233
824.258
746.365
852.476
874.897
771.605
879.125
769.659
774.345
874.903
864.21
768.836
875.031
878.547
765.139
877.012
768.121
769.272
880
878.831
772.392
774.474
875.626
876.044
772.896
770.249
871.997
874.704
875.492
760.52
763.58
742.806
748.712
766.769
878.107
774.623
888.766
762.638
765.416
764.17
871.83
889.909
762.839
890.096
891.179
766.511
763.092
882.688
764.181
758.849
786.328
762.958
764.291
876.286
766.843
887.313
767.73
890.772
884.859
678.55
671.729
638.019
722.329
644.662
697.876
736.918
827.122
769.34
782.3
786.271
877.89
880.31
875.352
790.168
865.665
786.86
791.084
854.875
785.764
789.321
879.454
869.616
794.569
807.752
795.437
797.843
792.29
866.32
865.374
791.522
880.472
787.376
871.562
790.038
864.352
796.524
873.604
798.584
868.122
866.955
690.182
760.1
757.065
865.318
796.569
881.369
874.015
791.208
671.758
698.765
741.956
678.003
709.915
655.102
782.563
712.184
697.249
791.814
740.66
755.54
825.641
812.043
730.1
718.148
835.06
835.895
757.903
771.329
858.912
774.639
859.082
865.143
785.393
781.471
868.736
793.019
877.606
865.576
874.847
880.683
764.724
865.397
876.734
788.43
774.011
767.178
874.835
771.104
786.357
876.529
768.459
769.643
774.474
879.331
797.691
774.044
790.13
763.44
872.561
866.529
786.517
888.158
791.796
872.717
891.368
785.477
852.915
764.795
886.853
787.426
881.26
763.179
866.099
878.206
874.94
880.734
791.94
749.853
713.463
691.252
656.525
663.284
719.152
787.798
736.758
760.822
834.92
850.358
877.333
866.664
713.325
803.699
816.56
788.62
843.524
798.247
809.734
806.145
859.957
812.608
818.729
864.899
865.446
860.859
749.934
855.633
853.286
811.892
817.038
849.739
797.712
790.606
866.734
869.48
789.325
865.509
785.946
875.985
872.158
786.677
880.995
807.834
704.21
728.83
870.024
812.542
721.547
696.146
673.923
774.095
766.283
725.201
805.273
746.846
706.733
762.886
843.439
825.948
770.164
778.843
764.977
862.488
802.662
857.378
806.186
865.437
795.885
797.846
791.605
813.81
791.641
868.237
790.304
865.417
867.089
853.117
863.301
866.127
869.367
795.556
873.408
788.27
865.983
791.386
798.316
794.926
793.472
867.288
870.175
865.765
797.886
797.378
798.489
876.778
878.844
789.531
807.395
791.88
880.579
786.732
880.039
877.637
790.757
785.969
784.963
786.29
861.85
857.236
812.793
874.741
871.859
880.961
786.686
790.373
732.49
810.702
868.182
868.29
863.091
816.745
868.175
863.174
853.788
807.357
807.011
742.779
765.371
777.888
798.443
816.301
867.806
854.07
831.307
817.814
826.025
819.617
856.408
820.627
812.069
853.851
819.396
855.402
812.594
814.261
854.419
853.977
811.011
862.291
861.61
738.945
814.884
842.431
843.241
839.454
830.023
858.88
861.084
825.689
812.925
813.559
863.154
857.164
852.239
746.537
728.836
722.301
789.774
806.696
781.428
749.457
781.954
815.696
838.598
825.101
785.629
778.174
792.238
794.031
850.775
847.557
853.604
804.843
843.127
807.545
856.708
849.959
820.761
809.161
854.004
853.776
817.622
819.303
812.531
812.569
853.325
815.209
816.022
854.63
865.566
794.287
797.956
867.867
853.631
869.183
819.527
797.967
811.992
805.446
812.065
878.148
862.819
860.476
788.693
807.131
786.651
876.654
807.41
806.789
864.039
868.41
860.209
806.572
811.009
807.576
709.742
689.788
717.212
865.002
807.745
815.103
819.405
863.633
721.333
737.508
766.188
763.449
755.159
779.278
794.937
793.258
804.608
798.553
787.223
811.116
834.189
837.45
831.362
795.358
802.974
845.026
825.353
838.954
828.875
848.034
837.501
867.057
838.249
850.927
830.844
854.312
836.122
856.344
841.32
834.883
838.369
854.784
839.681
805.458
825.154
830.747
846.63
824.76
846.531
830.38
819.083
857.812
821.083
851.658
795.021
754.702
805.034
774.213
832.468
823.57
810.032
801.688
840.302
840.177
854.266
813.074
855.803
854.976
855.047
859.725
854.229
815.518
812.173
819.831
821.408
859.301
856.451
855.47
808.893
819.37
853.797
812.523
816.652
868.35
806.543
814.088
860.463
811.405
806.943
868.288
868.267
809.988
867.361
830.432
862.491
825.633
847.757
840.265
734.64
727.126
743.041
832.218
825.758
825.021
831.54
824.376
827.398
845.941
824.601
823.742
844.251
832.022
840.587
757.393
828.218
838.124
840.915
831.516
849.196
834.094
853.867
830.34
824.808
825.246
854.25
848.376
846.446
824.375
827.181
783.42
752.584
819.773
815.552
825.256
831.776
839.096
856.147
851.938
866.105
847.388
849.722
808.952
806.301
864.266
824.72
857.456
751.26
770.152
845.721
766.828
770.257
780.653
781.288
790.561
792.278
812.753
801.953
805.308
810.394
830.501
838.74
819.078
822.227
827.188
836.347
840.757
823.156
841.061
853.354
850.062
846.127
854.134
833.587
852.104
854.378
840.097
845.606
834.414
843.028
841.031
843.817
854.336
839.263
846.518
833.703
846.87
837.871
841.436
837.622
830.662
842.547
840.234
833.235
841.104
840.269
838.166
830.413
846.677
840.386
830.642
840.31
832.313
826.668
837.649
827.496
853.976
818.171
823.267
835.388
850.935
854.385
825.29
850.118
829.261
849.628
843.271
841.934
840.354
854.097
830.526
846.677
831.301
824.582
824.087
842.723
