884.217
891.713
980.667
757.09
1092.42
1092.39
1086.04
883.641
881.673
878.018
872.31
864.198
853.49
840.088
823.665
803.353
779.126
759.341
704.624
686.09
712.41
741.462
758.035
734.58
832.122
800.601
892.46
868.61
885.13
755.965
828.041
763.907
782.156
744.243
900.97
905.297
912.349
922.626
923.869
910.421
870.569
972.335
1009.06
965.689
968.27
1021.77
984.779
865.171
913.266
936.184
943.232
931.445
854.25
552.367
534.198
531.764
534.986
556.263
911.381
1013.9
1038.29
1046.12
1048.69
1049.58
1049.89
1050
1050.04
1050.06
1050.06
1050.06
1050.07
1050.06
1050.06
1050.06
1050.06
1050.06
1050.06
1050.06
1050.06
1050.06
1050.06
1050.06
1050.06
1050.06
1050.06
1050.06
1050.06
1050.06
1050.06
1050.06
1050.06
1050.06
1050.06
1050.06
1050.06
1050.06
1050.06
1050.06
1050.06
1050.05
1050.04
1050.01
1049.96
1049.88
1049.73
1049.48
1049.05
1048.35
1047.25
1045.58
1043.13
1039.67
1034.96
1028.79
1021.04
1011.9
1001.77
990.076
985.876
985.433
969.302
935.421
912.099
915.006
905.513
900.655
897.28
894.772
893.059
892.059
930.37
972.405
1003.2
1028.57
1048.86
1064.28
1075.61
1083.7
1089.32
1093.09
1095.54
1097.07
1097.99
1098.53
1098.84
1099.01
1099.1
1099.15
1099.18
1099.19
1099.2
1099.2
1099.2
1099.2
1099.2
1099.2
1099.2
1099.21
1099.2
1099.2
1099.2
1099.2
1099.2
1099.2
1099.2
1099.2
1099.2
1099.2
1099.2
1099.2
1099.2
1099.2
1099.2
1099.2
1099.2
1099.2
1099.2
1099.2
1099.2
1099.2
1099.21
1099.21
1099.21
1099.21
1099.2
1099.2
1099.2
1099.2
1099.2
1099.2
1099.2
1099.2
1099.2
1099.2
1099.19
1099.19
1099.19
1099.18
1099.18
1099.17
1099.17
1099.16
1099.15
1099.14
1099.13
1099.12
1099.1
1099.07
1099.02
1098.96
1098.85
1098.71
1098.51
1098.22
1097.83
1097.25
1096.4
1095.11
1093.16
1090.22
1085.86
1079.55
1070.68
1058.52
1042.26
1021.22
995.278
964.233
922.291
864.105
929.474
1000.23
1099.09
1096.96
1098.89
1083.68
874.716
1027.67
1099.09
1099.09
843.87
1099.08
1058.38
1059.44
1059.33
1097.93
1052.22
1094.61
1099.08
1078.88
1059.44
1099.06
1059.44
1059.43
1099.09
887.873
950.004
1028.55
953.609
843.562
1058.14
1059.38
921.244
1099.08
1099.09
1099.08
1099.08
1099.09
1059.43
1099.08
1059.44
1059.44
1059.43
1099.01
1098.78
1098.97
1059.44
1099.09
1028.88
1020.23
986.415
907.921
932.259
839.928
834.278
1099.09
1059.44
818.943
996.327
1099.04
1059.44
1099.09
900.141
1099.04
1007.91
930.268
995.613
962.682
914.056
918.214
762.993
972.167
860.736
877.93
1043.66
1057.75
1048.9
1099.08
1059.44
1059.43
1098.92
1059.41
1098.49
1059.09
1096.85
1056.51
1089.62
1099.08
1059.44
1059.44
1099.09
1099.07
1059.44
1059.44
908.083
1099.03
1099
1059.44
827.14
917.43
934.435
1098.42
916.194
1099.09
934.104
1064.32
1093.02
947.267
1099.06
884.293
1099.09
1099.09
1099.09
955.172
1099.09
1048.86
1099.09
1099.09
1099.07
1099.09
1058.97
855.232
938.197
962.362
856
995.382
920.896
782.069
997.56
1098.69
1098.72
927.153
1051.17
1098.72
1068.52
1098.72
1098.69
906.008
1069.58
964.269
974.912
1098.72
1098.72
1069.57
1098.57
987.99
1028.8
856.518
894.003
948.561
974.036
813.009
1018.98
1003.02
994.083
1037.13
1041.39
1049.15
853.936
813.494
1048.59
1069.96
1075.62
1057.66
1092.61
1097.48
1059.25
1098.66
1059.42
1098.95
1059.43
1098.25
1099.08
1058.83
1059.43
1059.38
1098.86
1095.94
1059.44
1054.77
1059.44
1085.22
1099.07
1059.44
1098.99
1059.44
1099.02
1099.08
1099.09
1059.44
1059.44
1099.08
1059.43
1059.44
1099.09
1099.09
1059.44
1059.44
1099.09
951.48
869.103
1099.08
1059.44
861.715
1059.44
870.923
1099.05
815.994
1099.08
1059.42
1007.28
970.702
1095.45
1097.88
1098.72
1089.27
1099.09
1098.99
977.02
1099.09
941.943
1099.09
1099.08
943.715
1099.09
1099.09
863.656
947.792
1099.09
1099.09
840.815
1055.75
1099.08
1099.09
1059.27
951.654
1098.72
943.031
899.345
873.546
973.452
934.835
808.46
930.82
1007.46
1010.78
955.246
959.942
1096.64
1098.53
1083.62
1036.17
1098.72
1057.82
1067.64
997.973
1098.04
1096.33
1067.67
1069.37
1098.04
1069.56
1090.78
1098.7
1069.57
1069.57
1098.71
1098.65
1069.57
920.888
1069.51
1098.72
1069.57
1098.72
1069.56
1098.47
1069.58
1098.71
1098.72
1029.62
1023.19
979.335
1038.69
978.998
1045.09
889.515
1064.5
1098.7
1069.57
1069.56
1069.57
910.732
1012.29
1000.08
1098.72
1069.17
1062.1
1098.72
1098.72
1098.72
993.912
871.012
991.134
835.654
1003.31
973.855
873.693
1024.17
927.453
895.538
1076.68
1083.13
1061.78
1064.56
1069.47
1098.23
1069.57
1098.5
1069.56
1094.44
1096.94
1069.57
1068.45
1098.58
1069.58
1069.58
1098.71
1098.68
1098.69
1098.35
1069.57
1069.57
1098.55
1098.71
1098.71
1097.42
1069.58
1069.52
1069.57
1068.93
919.744
1098.72
1003.96
900.807
1026.76
1092.78
1098.06
1037.73
1098.71
1098.72
1098.72
994.734
930.296
1098.72
962.392
1098.72
1098.72
1035.33
939.639
1098.67
992.911
987.517
1098.72
1098.72
1066.76
1098.72
936.841
1098.72
939.491
983.119
1001.22
912.394
841.951
972.604
924.27
1063.95
944.504
1051.3
1031.08
1097.99
1059.02
1098.05
962.734
1074.93
1063.37
1098.04
1076.24
1063.19
1097.99
1094.98
1096.84
1076.79
1076.98
1077.01
1098.03
1014.62
1019.79
1098.03
1098.03
1098.06
1076.93
1097.57
1077.01
1097.65
1077.02
1097.74
922.244
1069.57
1098.6
1008.47
1031.55
1098.04
866.767
1004.51
1052.35
1055.22
908.659
1035.68
1075.68
1017.29
1049.73
899.882
1072.43
1068.4
1087.66
1066.44
947.196
1098.7
1069.57
1069.57
1098.63
1097.97
1077.01
1095.52
1092.93
1069.56
1069.57
1098.7
1069.57
1098.72
1098.71
1069.56
1097.16
1076.98
1076.89
1075.77
1098.52
1069.56
1098.04
1098.71
1069.57
1069.58
1002.11
1098.72
1069.57
1097.78
1069.54
1069.21
1098.43
1069.56
1098.67
1098.02
1095.15
1098.36
1068.87
1011.95
1098.72
1098.04
1098.72
1042.04
1098.71
1089.11
1098.62
1098.72
918.945
1069.55
1097.53
1098.72
1020.7
1016.82
950.014
1098.72
1098.71
1069.41
1072.84
1098.04
1098.05
997.68
976.345
1008.92
956.859
1018.39
1024.42
986.159
969.397
1083.54
1089.57
1096.03
1096.98
1098.02
1076.99
1076.99
1097.83
1055.8
1068.41
1096.94
1054.6
1096.86
1094.83
1080.75
1083.05
1098.05
1077.74
1077
1076.92
1082.82
1097.41
1082.96
1076.88
1097.93
1035.74
981.606
940.974
1097.35
1073.58
1097.51
1076.94
1098.03
1098.04
1052.06
976.722
1098.04
1057.69
1098.04
1076.64
1098.03
1098.05
1098.04
1001.88
1050.47
1038.31
1057.72
1012.2
1050.5
888.876
1064.81
941.468
935.458
1071.5
1079.07
945.164
1087.14
944.093
1092.36
952.998
1091.41
1098
1077
1097.37
1076.96
1076.97
1098.03
1094.02
1076.91
1098.03
1097.98
1077.02
1097.96
1076.99
1076.95
1097.6
1097.61
1076.93
1076.99
1097.95
1097.92
1077.01
1076.99
1095.76
1096.38
1098.03
1076.94
1076.96
1076.29
1076.6
1077.01
1097.72
1076.99
1098.05
1075.18
1035.42
1058.17
1097.86
1098.05
1062.01
1098.05
1098.02
1006.06
1055.12
1098.28
1076.94
992.543
1079.54
1053.17
1021.86
1097.95
1034.49
1098.03
996.425
1098.05
1098.04
1011.59
941.273
1022.04
1004.76
898.183
1006.52
975.712
1080.86
988.537
1023.6
1073.51
1096.92
1097.03
1096.99
1054.62
1096.77
1082.46
1082.99
1089.98
1074.11
1054.5
1097.05
1095.73
1082.9
1085.68
1082.96
1082.96
1082.79
1096.98
1096.97
1044.93
1096.91
1082.76
1097.06
1083.13
1096.44
1082.83
1096.52
1083.02
1095.99
1096.89
1061.29
1042.95
1065.01
1096.91
1083
1097.06
1096.99
1057.71
1037.54
1034.1
1026.14
946.171
1032.57
1049.32
1075.78
966.51
956.036
1065.31
1079.28
978.812
1083.8
1088.86
1076.96
1073.45
1094.62
1083.72
1081.64
1082.58
1092.85
998.131
1091.56
1094.02
1082.94
1082.9
1095.42
1082.92
1097.78
1096.96
1098.03
1098.13
1076.99
1096.82
1098.04
1082.93
1076.99
1076.99
1098.01
1076.98
1075.82
1097.88
1076.94
1076.97
1076.97
1097.57
1083.06
1076.96
1083.11
1062.16
1096.96
1097.7
1080.99
1098.05
1050.04
1096.99
1098.04
1074.9
1096.9
1048.96
1098.05
1047.14
1098.02
1076.77
1096.91
1096.82
1096.97
1096.99
1046.2
1033.74
994.728
965.694
1038.67
921.482
1031.02
1072.51
1077.11
1083.67
1095.09
1096.4
1097
1096.63
981.798
1088.38
1071.1
1021.7
1083.53
1087.5
1070.12
1083.71
1095.47
1073.09
1087.77
1095.4
1096.96
1095.47
1032.23
1091.78
1095.19
1087.54
1077.25
1088.19
1082.99
1082.99
1096.98
1096.98
1083.06
1096.99
1075.41
1096.99
1097
1082.6
1096.98
1085.05
1052.04
1050.96
1095.78
1088.13
1002.33
966.151
1051.58
1075.69
1045.13
972.551
1072.27
977.156
1063.34
982.026
1086.12
1093.79
1085.22
1010.19
1082.2
1092.93
1087.57
1092.76
1087.56
1096.95
1082.95
1083.03
1082.87
1087.5
1082.76
1096.24
1083.04
1096.96
1096.97
1095.09
1096.41
1096.71
1095.79
1082.83
1097.36
1082.9
1096.98
1082.94
1082.95
1082.95
1082.88
1096.53
1095.98
1095.36
1082.91
1082.88
1083.04
1096.97
1097.04
1061.69
1086.22
1044.33
1097.02
1081.93
1097.05
1096.63
1048.41
1073.44
1036.35
1074.27
1096.84
1095.47
1071.41
1096.99
1097.04
1096.99
1082.64
1057.85
1015.78
1073.94
1095.47
1095.62
1095.52
1087.57
1095.51
1096.12
1094.86
1087.31
1087.23
1000.12
1007.97
1086.84
1038.84
1090.92
1095.68
1095.4
1083.95
1087.51
1090.23
1087.77
1093.5
1087.7
1087.79
1095.47
1087.51
1095.47
1087.57
1087.48
1095.45
1095.47
1087.91
1095.48
1095.49
1018.89
1092.57
1087.25
1093.52
1092.78
1090.94
1093.42
1094.02
1090.39
1070.4
1070.6
1094.86
1095.47
1094.92
1064.84
992.761
1071.35
1083.25
1067.26
1054.91
1081.05
1015.26
1091.69
1080.73
1074.48
1086.76
1086.12
1087.18
1029.61
1088.42
1086.14
1090.39
1057.26
1095.9
1064.78
1096.69
1095.41
1090.99
1087.53
1095.47
1095.31
1087.65
1087.79
1087.33
1088.01
1094.99
1087.44
1087.53
1094.73
1096.99
1082.92
1082.89
1096.4
1095.45
1095.85
1087.66
1082.98
1087.67
1083.61
1073.87
1097.03
1094.99
1095.51
1067.96
1086.68
1074.83
1097
1084.06
1083.79
1095.47
1095.5
1095.55
1087.21
1072.96
1084.42
986.258
1052.33
1051.46
1095.53
1081.82
1087.55
1087.47
1095.51
1064.19
1073.14
1083.98
1075.16
1031.6
1082.52
1053.04
1087.45
1057.09
1041.57
1088.48
1053.14
1077.93
1081.77
1094.49
1089.45
1090.11
1095.29
1089.73
1092.59
1082.59
1093.5
1091.25
1095.65
1091.3
1093.48
1083.06
1095.46
1091.1
1094
1093.39
1090.98
1091.24
1093.63
1092.2
1083.48
1090.5
1091.35
1093.46
1090.8
1093.54
1091.55
1087.59
1093.25
1087.91
1091.6
1062.12
1004.54
1090.62
1010.86
1077.7
1093.76
1090.59
1048.11
1084.98
1093.54
1095.51
1087.33
1093.05
1095.47
1095.37
1093.67
1095.47
1087.53
1087.59
1087.54
1087.89
1095.71
1093.9
1094.54
1087.56
1087.56
1095.47
1087.44
1087.47
1095.51
1087.2
1070.77
1095.66
1071.23
1087.02
1095.57
1095.67
1077.07
1095.36
1083.76
1095.52
1089.93
1094.16
1092.99
1064.61
1002.49
1014.44
1091.7
1069.52
1076.84
1093.4
1090.98
1090.95
1093.52
1089.47
1089.23
1088.77
1090.91
1093.42
1022.88
1084.33
1091.13
1091.97
1083.37
1093.57
1090.94
1093.55
1091.18
1090.62
1090.8
1093.55
1093.54
1093.62
1090.73
1091.07
1047.97
1079.57
1065.06
1059.47
1093.09
1083.06
1092.42
1094.27
1093.5
1095.6
1093.48
1093.49
1079.79
1082.96
1095.51
1090.73
1094.03
1074.35
1041.09
1094.04
1081.31
1028.98
1086.02
1033.42
1037.21
1089.03
1060.94
1090.84
1046.88
1091.93
1073.85
1095
1065.8
1071.82
1080.39
1093.52
1093.14
1089.01
1093.26
1093.78
1091.13
1089.76
1093.82
1090.89
1093.67
1095.5
1091.6
1089.47
1090.45
1088.35
1093.42
1089.67
1093.71
1091.16
1090.08
1090.96
1093.88
1091.03
1091.55
1090.93
1090.83
1093.63
1093.42
1090.98
1093.47
1093.46
1090.97
1091.09
1093.93
1093.42
1090.93
1093.45
1090.91
1087.04
1090.9
1085.76
1093.53
1092.63
1088.8
1090.96
1093.58
1093.78
1087.87
1093.54
1083.25
1093.55
1090.29
1091.56
1093.48
1093.62
1091.01
1093.75
1090.84
1090.74
1088.46
1090.98
