664.424
662.877
528.001
537.202
866.513
854.171
856.665
663.623
661.242
657.288
651.773
644.717
636.141
626.075
614.575
601.632
587.403
571.823
554.988
555.701
573.297
589.58
604.628
618.257
631.052
641.384
653.152
658.513
668.394
673.74
679.685
684.159
687.609
691.237
692.171
695.659
696.801
697.064
697.783
697.704
697.547
697.454
696.326
697.27
693.833
695.095
693.543
693.244
692.741
691.607
692.528
689.227
693.851
690.571
691.833
691.076
691.065
691.369
690.545
692.166
690.33
689.542
690.761
690.33
690.855
691.254
690.862
692.919
689.678
696.471
693.093
695.307
695.004
695.372
696.504
695.129
698.883
694.152
695.675
696.006
696.186
696.703
696.899
697.112
698.156
695.992
703.137
699.163
701.409
700.785
700.887
701.844
699.432
704.381
694.448
699.387
696.235
696.385
695.218
693.204
693.005
687.88
689.439
688.379
682.579
679.356
673.525
667.369
661.374
650.574
647.673
625.246
620.538
605.087
592.694
577.571
561.932
544.361
546.808
562.138
578.819
593.263
606.742
619.375
630.386
640.052
648.114
654.501
659.129
661.934
691.633
718.401
743.67
766.908
788.397
807.966
825.703
841.633
855.821
868.349
879.314
888.819
896.978
903.908
909.728
914.555
918.503
921.68
924.188
926.12
927.56
928.585
929.262
929.658
929.823
929.801
929.621
929.311
928.898
928.405
927.849
927.244
926.599
925.924
925.224
924.504
923.769
923.021
922.263
921.497
920.725
919.95
919.172
918.394
917.618
916.84
916.062
915.299
914.58
913.905
913.248
912.591
911.947
911.333
910.764
910.245
909.78
909.374
909.033
908.764
908.573
908.466
908.449
908.525
908.696
908.963
909.326
909.781
910.325
910.947
911.633
912.364
913.111
913.839
914.51
915.085
915.519
915.75
915.703
915.291
914.419
912.989
910.893
908.014
904.23
899.416
893.441
886.176
877.495
867.276
855.409
841.794
826.346
809
789.73
768.449
745.334
720.104
693.295
720.932
726.295
724.467
924.277
887.2
912.877
840.127
710.941
719.99
922.137
917.568
669.274
907.167
699.559
731.019
719.165
906.549
664.799
884.776
907.034
840.511
727.683
908.258
729.494
726.483
908.23
662.039
644.038
765.406
728.895
728.553
722.545
723.787
729.026
926.892
927.944
914.469
927.963
926.739
723.974
912.989
730.213
734.981
729.819
911.599
913.795
913.57
721.742
911.682
619.701
767.162
601.15
678.8
681.93
611.91
625.136
910.377
724.135
691.113
724.791
919.989
729.912
920.64
726.276
909.425
586.05
690.355
581.574
718.584
684.748
689.132
575.423
716.885
628.225
643.25
647.416
807.76
786.942
906.916
730.431
731.876
914.243
726.063
911.506
710.652
897.978
685.29
865.928
907.489
729.389
725.071
909.206
907.436
731.627
730.162
721.889
910.114
912.33
730.774
697.545
720.647
726.418
902.253
715.862
925.587
719.97
806.515
866.78
725.528
922.494
728.661
923.582
919.879
919.112
728.997
916.793
721.947
916.019
928.134
924.424
927.637
723.3
728.392
666.462
630.734
638.933
568.059
692.007
593.118
757.972
917.435
919.359
742.772
751.72
912.773
750.643
915.04
902.598
723.763
758.922
754.348
758.496
922.918
922.925
762.93
907.06
667.239
761.301
649.676
661.509
703.97
755.75
613.103
603.533
742.092
743.951
634.476
788.469
782.798
656.762
594.037
662.419
825.088
824.228
692.935
876.119
902.778
713.103
912.929
728.45
914.005
731.845
909.418
906.994
705.157
730.98
725.582
914.203
892.02
730.928
677.156
732.735
854.092
907.801
728.087
912.998
730.261
910.847
906.93
912.333
726.526
730.123
907.827
724.619
724.651
909.768
911.026
724.425
725.289
908.691
720.18
720.971
907.222
729.513
705.166
730.371
720.837
908.803
678.762
913.71
724.262
723.313
721.142
877.717
895.339
908.06
854.282
924.947
916.818
724.888
922.867
729.212
926.188
925.866
727.487
921.393
918.341
726.541
722.755
928.118
915.246
726.872
723.361
927.57
927.227
723.44
758.123
912.009
656.068
671.269
651.239
615.686
675.135
610.015
687.062
621.789
601.682
710.511
715.487
882.366
907.867
835.73
752.31
921.76
680.813
821.314
751.32
908.469
898.429
724.034
747.198
904.851
755.11
871.997
902.349
757.688
762.228
903.197
904.247
756.839
755.371
751.403
909.739
752.244
908.379
759.493
909.504
755.138
906.813
905.091
755.066
785.777
691.365
784.753
727.83
653.468
680.664
802.306
902.423
758.471
758.369
755.936
731.17
751.618
758.534
922.622
750.764
750.715
923.094
921.845
913.533
652.993
646.948
740.488
632.127
738.153
707.704
665.94
620.156
686.052
693.787
836.656
850.144
696.515
706.725
749.098
909.321
756.7
909.052
759.461
887.768
902.163
762.856
731.098
906.299
759.576
758.989
903.587
903.238
902.87
909.722
757.928
762.913
907.791
906.167
902.622
905.002
754.965
750.129
756.591
737.16
737.497
904.04
751.223
714.31
752.556
862.154
897.306
750.688
919.359
918.677
917.261
753.621
757.639
911.218
752.753
920.642
915.788
751.14
747.079
914.941
758.648
757.442
920.018
923.079
749.949
922.535
755.12
914.288
695.89
680.169
637.529
674.543
630.947
713.257
702.818
706.854
749.838
777.337
785.268
906.623
777.55
911.328
774.651
747.685
777.279
907.058
778.772
814.973
895.061
894.901
901.097
771.798
785.19
788.419
895.54
689.51
782.434
913.429
914.398
914.893
789.506
902.371
789.256
899.309
780.664
896.085
682.937
762.709
905.563
782.755
785.902
905.593
650.934
732.392
667.89
803.982
686.91
637.512
819.943
763.469
776.265
705.741
830.208
718.172
861.889
715.941
764.5
902.343
758.072
762.486
904.873
895.315
788.892
893.674
880.584
757.187
756.395
907.458
752.083
905.635
902.876
756.458
901.944
786.804
776.486
755.159
908.471
763.205
896.343
902.447
757.318
755.451
751.455
904.545
762.584
907.068
753.111
742.295
909.767
758.838
903.699
909.095
872.983
903.077
777.257
785.432
916.53
904.109
921.226
751.781
920.803
849.793
911.786
909.115
757.262
751.79
890.437
917.978
752.941
751.193
750.546
922.231
910.388
751.035
777.955
914.815
912.554
784.117
700.592
715.068
708.65
674.491
641.596
735.02
719.091
828.775
873.646
874.429
894.019
894.898
787.023
788.469
897.343
805.99
727.507
895.334
810.474
884.781
891.074
772.844
813.192
909.241
802.713
782.066
783.592
798.136
889.165
809.678
779.606
900.539
710.023
729.295
705.423
907.123
739.036
902.495
788.866
897.847
896.84
777.39
778.231
907.787
777.242
903.343
778.914
911.005
913.558
914.305
784.945
767.427
659.983
692.737
757.581
797.693
669.478
795.529
729.288
716.91
729.212
843.58
757.767
865.18
740.692
854.815
770.082
880.744
894.939
787.937
902.325
787.982
788.694
895.121
891.24
783.142
895.309
899.445
781.269
897.739
782.494
785.185
901.827
899.947
789.855
789.182
895.678
896.144
788.931
786.558
897.691
899.733
895.901
780.498
783.06
761.588
767.105
781.111
898.718
789.145
910.661
778.654
781.679
780.154
899.645
911.992
778.835
914.347
914.446
783.228
777.411
903.886
780.154
781.068
802.679
777.265
784.106
903.524
785.752
912.422
784.363
913.088
906.335
703.18
696.567
658.042
749.805
667.743
724.761
761.889
855.9
792.928
804.06
802.546
901.621
901.782
896.222
806.595
885.219
802.48
807.797
881.437
802.063
809.775
900.746
892.367
812.4
824.498
811.348
814.908
809.008
886.305
885.123
808.467
902.651
803.047
892.099
805.943
884.401
813.792
895.528
816.076
888.469
887.089
712.131
788.959
786.185
884.863
812.517
904.218
894.773
810.538
694.444
724.171
770.283
702.82
736.562
677.041
813.061
737.59
722.325
821.171
763.858
780.042
855.218
842.744
753.381
741.317
865.343
864.227
780.52
793.156
886.582
797.661
884.979
889.704
804.904
801.876
892.053
811.213
898.036
885.431
895.011
901.737
780.736
884.924
897.359
807.447
788.141
781.549
894.909
787.42
802.66
896.707
782.796
786.08
788.908
900.782
813.707
788.969
806.695
779.346
897.75
894.918
802.496
909.972
810.175
893.368
913.991
801.735
882.364
780.897
908.52
808.51
902.414
779.092
892.378
901.37
899.627
902.43
809.92
778.623
740.417
716.86
677.318
687.099
746.897
803.659
761.095
785.019
863.788
878.291
898.384
886.361
739.45
833.412
844.768
813.808
869.509
820.607
831.123
822.807
884.056
832.366
836.429
887.613
885.064
880.797
778.232
879.002
872.214
832.452
846.155
876.94
814.657
807.308
886.783
889.846
805.115
885.217
801.618
896.911
892.76
802.294
903.01
824.559
729.085
756.276
892.155
829.925
748.689
721.759
695.347
803.598
794.936
750.666
834.593
771.656
730.614
786.961
871.238
855.215
794.063
801.241
787.228
887.712
824.598
880.168
827.676
885.017
811.815
814.141
808.361
833.938
808.383
888.379
806.971
885.216
887.196
872.043
883.254
885.739
891.484
813.049
894.031
803.982
885.906
808.113
815.654
810.821
809.605
887.102
891.559
886.319
815.033
814.557
816.102
900.988
900.054
805.757
824.16
809.458
902.156
802.337
901.425
899.876
807.418
802.256
806.449
802.57
888.698
881.86
832.08
895.559
892.427
902.807
802.318
810.242
760.275
828.451
889.456
888.94
883.188
834.34
888.994
883.2
872.812
824.505
824.074
769.399
791.853
803.604
822.428
840.057
888.316
873.069
851.8
836.893
843.74
837.325
876.211
838.718
829.24
872.988
837.076
874.882
829.765
831.663
873.785
873.245
828.347
885.91
881.601
766.609
842.977
865.214
866.681
857.731
851.784
881.151
882.417
843.41
831.241
832.467
884.493
876.815
871.589
774.493
755.298
746.525
819.475
835.254
810.234
773.804
807.642
845.263
865.224
852.858
808.79
801.707
815.008
818.644
875.422
872.877
877.606
827.452
871.55
829.503
884.119
875.696
844.015
830.159
879.184
872.738
835.263
837.03
829.709
829.797
872.283
834.943
833.582
873.759
885.232
810.185
815.172
887.829
872.799
890.27
837.139
815.639
829.142
822.147
832.337
899.279
884.947
880.383
804.73
824.017
802.368
897.64
824.097
823.449
887.203
889.519
880.091
823.645
831.822
824.278
736.165
713.198
743.396
885.251
824.945
832.602
837.169
883.772
746.688
763.198
792.061
791.789
783.176
807.834
822.829
821.843
832.142
824.855
812.596
836.32
858.838
861.452
858.6
820.332
827.553
871.315
842.996
857.213
850.424
870.496
856.119
887.483
856.928
872.589
850.825
873.353
854.649
877.644
859.756
853.337
857.078
875.141
858.043
822.37
842.877
848.97
865.75
842.527
865.645
848.53
837.911
878.614
839.642
871.844
823.79
781.385
833.456
800.345
859.691
851.258
834.207
825.005
863.69
864.164
873.382
830.291
875.769
874.404
874.526
881.626
873.549
833.05
829.327
837.731
839.739
879.084
876.045
874.729
826.129
837.003
873.015
829.688
836.047
889.303
823.632
832.676
880.349
829.4
823.958
889.017
888.854
827.528
888.73
851.441
882.543
843.306
866.882
858.584
761.326
754.067
770.32
850.514
851.713
847.715
856.606
847.124
849.645
868.877
842.197
841.296
866.469
853.332
859.052
784.799
846.534
856.86
859.403
850.458
868.449
852.504
873.747
848.55
842.533
843.109
874.403
867.587
865.551
842.149
845.157
811.533
778.449
846.32
840.123
850.793
851.399
857.387
875.561
873.375
886.444
866.547
871.761
826.309
823.341
884.455
842.46
878.175
778.325
798.311
864.685
794.106
797.593
807.962
808.406
817.32
819.416
839.836
828.76
831.094
836.797
855.821
865.53
842.992
845.518
849.296
860.883
859.112
840.7
859.455
872.899
871.287
867.823
873.759
854.493
871.553
873.458
860.53
866.11
854.179
863.138
859.486
863.042
874.081
858.576
866.112
852.094
865.979
856.637
861.091
856.448
848.884
861.316
858.711
851.601
859.772
858.776
857.248
848.632
865.764
858.989
848.869
858.88
850.626
844.608
856.574
845.606
873.974
844.153
840.833
855.972
870.3
874.073
843.072
869.427
847.842
868.904
862.26
860.564
858.895
873.902
848.752
865.787
849.563
842.39
841.745
861.519
