578.546
575.857
478.256
480.665
781.736
778.317
774.751
577.932
576.089
573.024
568.752
563.29
556.663
548.9
540.032
530.102
519.156
507.218
494.417
495.083
508.737
521.759
533.998
545.55
556.191
566.376
575.123
584.228
591.372
598.592
604.698
610.277
615.249
619.401
623.441
626.341
629.146
631.546
633.413
635.028
636.319
637.263
638.213
638.446
639.418
639.284
639.675
639.686
639.681
639.811
639.406
640.003
638.939
639.552
639.126
639.238
639.184
639.113
639.326
639.067
639.463
639.702
639.64
639.942
640.09
640.254
640.68
640.508
641.596
640.658
641.791
641.663
642.152
642.472
642.625
643.352
642.954
644.2
644.158
644.525
644.809
645.058
645.286
645.545
645.49
646.187
645.019
645.884
645.314
645.3
645.005
644.33
644.305
642.42
643.188
640.845
639.992
638.001
635.987
633.693
630.567
627.882
623.575
619.106
614.71
609.148
603.292
596.783
589.247
581.985
572.02
564.773
553.313
543.22
531.345
519.275
506.224
492.867
491.951
504.511
516.42
527.284
537.206
546.057
553.84
560.486
565.983
570.286
573.377
575.238
597.793
618.809
638.782
657.729
675.567
692.308
707.92
722.413
735.792
748.077
759.296
769.484
778.682
786.937
794.299
800.824
806.567
811.586
815.94
819.685
822.875
825.565
827.807
829.654
831.152
832.342
833.258
833.934
834.403
834.695
834.837
834.85
834.756
834.571
834.31
833.987
833.613
833.197
832.748
832.274
831.78
831.272
830.755
830.234
829.713
829.19
828.669
828.164
827.699
827.273
826.869
826.47
826.085
825.729
825.412
825.135
824.9
824.708
824.559
824.454
824.392
824.372
824.39
824.44
824.515
824.605
824.699
824.781
824.836
824.843
824.776
824.608
824.302
823.819
823.119
822.161
820.904
819.297
817.279
814.787
811.756
808.122
803.819
798.782
792.944
786.241
778.611
769.996
760.343
749.603
737.738
724.716
710.513
695.122
678.532
660.774
641.838
621.806
600.667
666.157
648.412
666.339
833.273
768.341
799.604
721.377
628.622
666.46
832.319
829.47
586.984
823.25
627.595
672.584
649.351
797.585
595.589
768.87
823.125
723.7
673.761
823.516
671.566
670.176
823.632
576.435
565.107
656.688
657.626
665.554
666.549
667.071
662.873
824.288
831.965
827.385
828.363
833.396
667.842
826.411
672.16
668.489
662.249
823.043
813.551
820.901
668.933
825.598
549.104
659.761
533.123
589.403
591.231
538.651
548.038
824.808
669.146
605.74
665.84
810.341
673.176
831.456
666.276
823.577
521.697
596.911
521.154
620.623
594.016
597.423
509.723
617.755
552.049
564.576
573.687
694.145
674.567
823.124
672.14
666.218
818.046
656.775
806.902
639.604
785.075
612.815
748.527
823.292
670.606
669.705
824.14
823.34
672.85
672.832
666.054
823.511
822.563
671.089
614.58
666.22
652.282
785.751
634.608
833.551
639.855
691.314
746.984
666.441
814.684
664.008
833.013
830.983
830.491
659.812
828.95
666.202
828.428
829.859
818.42
832.638
666.554
664.711
580.729
555.494
558.602
506.721
599.658
523.58
682.202
810.924
829.391
657.638
691.053
825.621
691.677
827.119
819.463
635.936
698.38
691.589
687.716
828.076
824.52
697.239
819.257
583.543
653.874
568.719
576.428
609.272
676.229
539.298
535.686
637.673
640.746
561.474
677.537
671.735
576.347
524.579
583.427
709.519
706.909
620.498
759.24
791.762
645.164
810.527
659.53
819.647
668.237
802.611
823.175
634.11
664.477
652.723
816.036
777.464
672.344
603.79
672.469
736.692
823.433
671.271
821.86
672.498
823.345
823.105
825.999
667.338
671.816
823.44
671.264
669.365
824.454
825.197
668.436
670.197
823.865
666.833
666.321
823.187
671.255
621.793
672.897
666.14
823.57
597.386
826.881
667.204
666.601
666.055
758.177
777.516
793.095
734.727
833.457
805.334
666.482
832.691
661.48
833.538
821.605
655.227
831.904
829.985
666.291
644.68
831.049
827.908
665.691
666.14
826.524
833.105
666.832
688.888
825.104
573.539
583.573
568.101
545.161
586.651
536.328
594.687
549.783
536.672
614.348
618.215
764.919
795.952
718.364
691.691
829.508
604.458
706.537
691.122
806.852
788.221
642.057
667.967
819.243
684.656
755.939
819.324
697.618
698.584
819.641
819.78
695.186
691.21
692.379
823.57
692.876
822.674
693.348
815.91
693.139
821.635
820.639
649.629
710.664
600.427
674.607
628.16
579.702
594.966
688.443
819.392
698.191
695.669
694.502
644.062
691.307
684.383
828.746
691.939
691.401
825.992
820.479
826.132
573.365
565.258
638.035
554.34
634.975
611.54
582.27
551.848
595.394
606.708
720.648
733.555
614.145
624.627
673.145
809.86
687.425
817.136
695.197
774.029
794.001
697.767
649.652
819.554
698.897
698.592
819.828
819.644
819.552
812.336
689.803
696.67
818.771
821.242
819.4
798.99
693.891
677.861
696.958
656.48
651.224
820.06
691.102
627.391
690.991
743.768
782.195
691.751
814.633
829.133
828.445
691.675
689.848
824.563
672.751
829.667
827.589
691.199
663.332
806.613
686.237
679.412
829.576
827.162
691.699
822.708
691.307
826.632
603.009
592.652
562.291
586.502
552.867
615.294
612.053
621.421
655.738
714.44
704.746
800.438
714.375
823.029
684.593
662.733
714.475
820.722
714.751
701.519
813.207
788.075
800.799
690.449
707.155
721.859
813.343
601.267
714.664
814.13
821.449
818.4
716.328
810.002
721.125
812.773
717.119
812.865
593.365
698.12
819.72
698.424
709.075
819.749
568.662
631.079
592.166
691.158
598.368
566.148
703.985
656.856
667.279
617.159
715.533
633.597
745.306
633.675
671.792
819.344
697.899
698.326
819.786
813.272
722.018
781.585
765.497
695.685
694.866
822.035
693.593
820.944
819.501
696.692
803.802
710.103
695.387
670.762
818.075
695.293
813.748
819.344
697.253
694.112
691.123
820.333
698.191
803.256
681.304
662.743
814.345
691.801
819.725
804.693
754.857
789.488
714.62
711.924
828.034
818.734
829.652
691.474
817.802
731.636
801.642
823.166
690.362
692.693
774.019
828.815
691.694
691.075
668.226
829.215
823.992
692.111
714.555
819.606
823.29
714.085
606.742
619.256
613.27
590.478
565.664
633.762
621.37
713.612
759.922
759.282
810.482
813.161
720.945
722.332
813.509
694.379
637.946
792.008
731.426
804.651
792.605
681.075
743.544
822.051
735.529
718.095
719.551
710.097
776.316
728.012
715.251
816.131
618.17
630.184
612.791
812.486
653.869
808.368
714.585
814.584
814.024
714.393
689.833
821.187
714.458
818.204
714.776
808.354
823.075
822.262
712.936
661.203
580.85
608.825
652.235
686.185
583.853
683.81
636.106
624.584
644.128
728.336
664.18
750.482
646.209
738.681
678.575
768.365
813.187
721.558
806.274
712.544
722.183
813.213
782.378
718.975
813.268
815.482
716.392
814.363
718.447
719.687
811.068
812.154
717.645
720.341
813.353
813.434
722.117
720.605
793.009
797.246
813.516
699.657
703.699
678.013
684.51
717.324
813.23
721.618
822.768
714.535
714.752
714.568
789.934
823.232
714.013
816.538
820.46
714.484
714.26
818.931
715.66
694.273
735.442
714.442
701.889
795.552
707.122
811.475
713.762
823.251
820.248
610.956
603.917
578.89
646.155
581.692
625.911
664.003
743.073
697.792
714.107
735.333
805.125
814.744
811.995
735.812
804.627
735.612
739.066
774.442
734.677
725.13
814.6
798.052
733.504
754.286
742.311
743.451
739.949
805.366
804.85
735.517
812.276
735.912
809.228
738.154
803.2
737.28
804.333
742.356
803.723
805.652
624.387
679.277
677.336
804.81
743.112
811.183
811.01
729.703
606.954
628.228
663.215
609.648
636.926
595.211
699.279
640.818
627.307
708.334
671.8
682.74
739.986
726.805
661.485
650.094
749.495
752.38
689.387
703.907
775.848
704.046
780.017
789.058
720.325
715.539
795.694
730.978
813.445
804.886
813.202
817.255
716.126
804.613
814.316
724.346
722.498
717.682
813.188
721.213
735.493
813.497
718.711
720.143
721.929
811.561
743.813
719.412
738.296
714.3
796.163
783.557
735.5
822.445
732.795
810.034
822.771
734.203
768.235
714.701
821.636
721.921
817.542
714.865
787.291
806.941
799.743
814.29
734.043
669.774
638.837
620.538
594.764
597.543
644.064
735.255
665.091
688.163
751.696
768.434
813.353
804.856
640.578
720.346
734.229
714.354
764.825
727.935
742.819
752.598
785.802
749.755
762.467
794.23
805.004
799.727
670.804
782.705
794.152
745.778
732.771
768.079
743.57
738.688
805.637
807.586
737.525
805.018
734.292
812.442
809.62
735.402
813.404
754.362
634.12
653.406
801.211
758.022
646.318
625.402
609.942
692.713
685.585
652.887
721.178
673.818
637.671
690.619
760.736
742.352
697.629
709.394
696.949
784.886
733.309
785.877
737.883
804.974
742.623
743.827
739.463
748.792
739.46
804.603
738.459
804.822
805.855
793.838
802.403
804.745
799.536
735.44
810.919
736.643
805.16
739.297
742.667
741.927
740.845
804.96
802.467
800.584
743.159
738.986
741.628
802.775
814.302
735.855
753.96
734.978
814.596
735.566
814.832
809.01
735.629
734.984
718.136
735.404
781.886
781.882
751.206
811.556
809.431
813.97
735.359
727.547
655.37
754.066
801.919
804.483
801.437
761
803.603
802.002
793.914
753.653
753.527
667.564
689.544
701.948
726.352
742.847
804.637
795.018
766.163
755.643
770.425
762.824
793.507
761.27
757.471
794.782
761.701
795.618
757.791
759.096
794.92
794.695
756.746
789.298
800.309
661.688
733.628
771.254
770.364
782
761.023
788.713
793.484
770.115
754.461
753.035
796.296
796.914
792.717
669.088
654.612
651.738
707.173
724.12
699.63
677.119
706.942
732.019
758.67
743.319
713.95
706.02
721.189
720.762
774.892
770.22
779.176
735.359
760.462
739.338
775.68
772.263
748.335
741.961
777.446
794.694
761.649
762.778
757.661
757.974
793.796
751.234
760.461
794.299
805.1
741.441
742.819
804.931
794.532
802.369
762.489
740.395
757.35
751.825
747.886
813.893
793.624
799.459
735.624
753.704
734.589
812.904
753.921
753.287
792.196
802.749
799.289
753.084
745.482
754.116
636.592
622.671
644.306
802.769
753.017
759.786
761.293
801.816
649.28
663.863
690.55
684.352
676.342
698.933
714.289
712.135
724.218
720.968
711.478
735.322
758.811
763.47
751.094
720.031
728.152
766.283
769.779
781.386
761.029
777.481
778.751
804.209
779.203
782.483
767.094
795.257
777.714
789.165
783.874
776.767
779.065
790.558
781.497
751.62
769.613
773.832
787.408
769.12
787.379
773.704
757.663
791.751
760.233
787.402
712.599
678.998
723.628
698.663
751.496
742.716
735.821
730.924
767.703
766.11
795.189
758.104
792.33
795.323
795.253
790.546
794.836
760.094
757.464
761.165
761.27
798.722
794.301
794.607
754.945
762.039
794.61
757.689
753.61
803.266
752.996
754.541
799.572
753.961
753.509
804.119
804.774
754.051
800.721
763.938
800.998
770.068
788.738
782.833
659.742
651.951
666.343
775.179
747.78
754.463
755.347
753.07
757.248
774.229
769.032
768.148
774.449
764.144
783.172
679.666
769.49
778.559
782.232
770.78
789.423
776.185
791.388
773.423
769.271
769.344
790.718
788.789
787.361
768.716
770.972
702.913
677.729
740.767
740.979
748.262
769.036
781.278
794.675
784.159
803.57
788.003
780.258
753.653
752.09
802.259
769.146
792.203
674.739
690.248
787.105
689.076
691.955
702.133
702.864
712.408
713.499
732.926
723.339
728.508
732.195
753.74
759.138
745.85
750.339
757.987
761.158
783.339
767.459
783.642
792.421
782.8
777.64
792.889
766.771
791.511
795.313
774.718
780.383
770.757
778.927
783.601
782.471
792.53
777.278
784.031
775.93
787.848
778.012
778.456
777.423
773.501
784.401
782.807
775.594
783.212
782.772
776.937
773.436
787.741
782.659
773.534
782.667
774.848
769.262
777.008
769.477
791.022
740.508
767.335
769.482
790.639
792.863
768.473
790.045
769.669
789.715
782.732
782.705
782.778
791.984
773.484
787.618
774.01
768.83
767.77
782.877
