808.575
830.121
402.539
645.294
978.75
948.503
950.491
807.704
805.179
800.958
794.955
787.072
777.186
765.184
750.943
734.466
715.851
693.98
671.453
672.032
694.852
716.064
733.346
748.062
760.538
766.519
783.349
762.245
779.519
775.707
777.4
776.482
773.82
775.229
763.428
776.975
776.635
768.198
767.582
763.206
760.337
757.397
752.209
757.514
731.317
741.112
734.931
733.654
731.954
728.868
733.062
715.979
755.949
737.331
743.028
741.13
740.534
741.299
736.554
747.828
725.078
711.908
720.772
715.541
716.539
715.951
714.562
719.901
700.098
758.153
735.23
741.721
740.828
740.314
741.189
733.081
755.629
702.455
698.256
704.139
700.419
699.538
697.466
699.545
693.637
686.006
760.852
732.512
736.006
734.382
732.02
730.129
724.974
744.212
632.266
660.586
655.844
653.512
651.158
645.646
639.425
611.215
686.4
731.627
699.071
699.384
698.848
700.615
700.598
685.368
657.249
437.467
433.813
426.717
423.668
420.208
415.604
409.607
528.188
601.112
668.96
731.968
771.517
798.094
813.128
821.507
825.977
828.253
829.401
829.944
873.268
908.589
942.195
970.479
994.855
1015.43
1032.42
1046.22
1057.21
1065.81
1072.37
1077.25
1080.78
1083.22
1084.81
1085.75
1086.21
1086.3
1086.11
1085.72
1085.18
1084.5
1083.73
1082.89
1082
1081.06
1080.07
1079.03
1077.96
1076.85
1075.71
1074.54
1073.34
1072.11
1070.85
1069.56
1068.26
1066.93
1065.59
1064.23
1062.85
1061.45
1060.03
1058.6
1057.15
1055.68
1054.19
1052.71
1051.3
1049.93
1048.57
1047.18
1045.76
1044.35
1042.96
1041.6
1040.26
1038.97
1037.71
1036.51
1035.36
1034.29
1033.31
1032.42
1031.64
1030.98
1030.46
1030.1
1029.9
1029.87
1030.02
1030.35
1030.85
1031.52
1032.34
1033.32
1034.44
1035.69
1037.03
1038.42
1039.79
1041.07
1042.17
1042.99
1043.37
1043.12
1042.05
1039.87
1036.31
1031.02
1023.64
1013.81
1001.15
985.287
965.866
942.709
915.748
883.608
849.932
758.195
829.048
781.837
1069.6
1076.28
1084.45
1045.56
834.376
753.433
1065.66
1057.33
807.296
1029.13
654.688
772.258
701.541
1041.18
619.629
1038.26
1032.78
1012.41
729.214
1027.66
775.186
744.921
1037.62
815.129
836.514
969.891
806.881
795.153
775.706
775.255
796.208
1082.72
1077.93
1051.47
1080.94
1074.52
775.616
1048.57
717.434
751.43
751.621
1028.57
1036.42
1031.14
748.003
1045.88
581.386
941.337
698.382
834.202
870.306
749.553
769.48
1043.06
748.103
833.259
780.959
1084.82
725.293
1062.94
787.271
1027.49
560.522
872.758
620.316
881.875
840.679
845.38
702.723
907.835
768.508
784.607
597.251
983.962
994.333
1030.76
772.851
755.33
1033.61
740.475
1039.16
659.603
1041.41
653.141
1029.51
1035.09
768.509
747.222
1040.29
1028.49
771.728
724.25
759.512
1027.67
1029.28
716.412
832.411
756.748
815.262
1082.08
833.537
1072.12
831.629
1014.9
1064.99
785.246
1084.56
792.938
1068.31
1061.56
1060.17
803.114
1055.89
766.888
1054.43
1079.98
1084.09
1076.82
775.523
789.214
862.693
808.093
787.004
546.143
848.479
725.994
842.371
1079.59
1061.97
853.488
805.428
1049.21
794.824
1053.5
1021.66
851.465
787.661
809.692
831.543
1071.25
1074.85
786.187
1021.76
867.026
968.382
796.604
815.616
865.929
847.391
751.29
572.213
941.445
914.232
589.659
964.525
992.809
797.738
726.337
615.522
999.795
1031.84
655.335
1034.74
1041.6
670.561
1037.84
748.661
1032.31
755.13
1040.32
1029.89
654.566
753.135
730.804
1035
1040.38
772.411
644.365
760.107
1022.19
1028
718.517
1030.13
721.319
1028.03
1031.72
1047.23
775.201
773.811
1036.34
743.016
747.961
1041.66
1044.49
747.937
745.953
1038.94
758.334
758.994
1033.9
777.07
833.875
726.739
757.44
1027.49
813.682
1049.99
775.57
780.569
756.119
1071.47
1079.72
1083.59
1056.48
1070.87
1084.82
783.363
1066.99
799.479
1073.33
1083.47
807.38
1064.31
1058.76
790.062
829.415
1078.98
1052.96
786.212
778.659
1081.87
1075.69
775.429
828.327
1047.76
853.309
825.785
802.238
762.051
867.754
749.578
871.824
721.969
640.781
873.117
878.53
1073.09
1080.24
1043.48
803.76
1067.34
705.373
995.699
807.291
1032
1036.32
735.136
740.468
1035.66
769.426
1030.05
1024.09
789.493
791.848
1028.48
1020.3
803.56
814.774
794.1
1043.35
794.326
1040.64
775.478
1025.97
802.237
1037.52
1033.65
965.929
865.501
896.227
960.55
896.585
680.773
828.406
1013.26
1022.36
788.072
801.059
804.137
853.589
808.534
838.601
1069.96
794.472
800.661
1073.68
1077.08
1050.65
836.565
797.168
910.486
776.101
940.008
904.75
813.987
656.652
845.486
839.513
1008.18
1017.8
719.613
728.601
747.831
1030.46
771.223
1024.67
777.224
1035.39
1035.76
788.905
734.267
1021.11
788.622
787.621
1029.72
1020.66
1021.09
1028.91
771.91
783.21
1022.56
1036.14
1026.16
1034.75
803.801
756.95
791.833
733.862
854.224
1031.01
806.826
847.606
808.179
1062.35
1078.38
802.198
1078.88
1060.58
1057.77
807.688
824.997
1046.24
846.642
1064.69
1054.93
806.133
851.693
1080.1
834.94
846.275
1063.34
1072.49
795.717
1076
812.033
1052.08
856.862
885.624
789.373
831.738
776.177
906.62
858.183
795.853
891.315
836.169
876.048
1071.25
838.258
1049.04
892.266
812.698
835.58
1039.99
836.109
988.763
1009.43
1026.75
1022.34
812.427
822.026
833.257
1015.57
896.134
849.36
1066.56
1059.08
1064.13
821.448
1015.96
831.438
1010.2
836.653
1019.15
843.388
790.97
1020.65
883.15
868.898
1037.11
802.202
938.03
692.831
979.909
842.622
669.394
1030.01
937.372
990.007
846.862
1001.05
804.741
1024.96
734.199
894.321
1023.18
788.805
792.032
1020.38
1008.92
833.185
1036.27
1033.41
802.442
803.842
1038.87
795.435
1034.93
1027.3
794.792
1020.6
821.884
815.099
811.453
1023.54
781.96
1017.93
1025.09
790.454
804.419
808.067
1032.32
792.039
1033.46
765.275
735.248
1027.41
773.026
1020.39
1070.33
1068.55
1079.63
835.369
862.283
1056.35
1034.22
1066.02
802.465
1078.03
1054.13
1080.35
1042.1
821.13
793.833
1076.27
1059.19
805.699
806.613
849.261
1068.65
1044.65
794.364
835.582
1062.42
1051.97
854.163
901.951
928.208
874.652
863.402
742.131
904.527
886.741
1039.47
1025.33
1066.87
1016.95
1011.77
834.276
834.758
1008.73
978.864
871.255
1057.06
895.822
992.957
1009.18
883.077
876.755
1044.48
869.976
836.414
835.392
880.953
1071.26
879.405
836.07
1027.5
919.56
898.912
866.625
1052.68
812.804
1017.36
820.731
1021.59
1019.19
836.641
889.781
1041.46
835.629
1032.73
836.111
1069.22
1054.84
1057.78
859.338
984.947
758.216
784.167
930.979
973.088
823.909
1010.05
879.761
870.442
810.594
1010.46
893.619
1022.22
887.098
1057.29
893.767
1027.08
1010.14
833.645
1018.83
821.083
834.538
1013.62
1027.55
835.981
1014.59
1025.15
836.894
1021.7
836.323
835.106
1014.41
1011.04
823.61
829.303
1008.59
1008.45
833.68
834.335
1025.52
1024.03
1016.71
818.173
820.635
810.563
810.846
836.82
1009.66
832.968
1047.54
835.986
847.295
843.461
1072.27
1050.56
840.161
1065.43
1060.52
851.569
837.346
1033.1
836.181
886.795
870
835.833
879.514
1071.95
872.404
1067.95
856.512
1053.41
1038.56
916.36
860.223
812.9
922.396
824.173
934.649
913.346
1011.42
921.107
914.561
869.963
1049.61
1034.1
1021.32
880.308
992.099
870.549
872.453
1015.49
869.552
905.752
1031.26
1005.38
875.393
902.32
875.842
876.149
872.601
1001.38
997.659
885.13
1040.62
870.498
1013.04
872.969
999.354
872.874
1006.43
876.69
994.243
1003.51
860.742
963.474
1004.1
993.877
876.464
1046.86
1018.42
899.068
884.884
941.218
944.714
866.727
954.294
771.721
1026.42
896.532
883.235
991.015
883.723
920.429
1017.4
1049.67
882.375
878.243
1062.92
1014.22
881.488
880.499
1027.75
919.78
1014.36
1011.08
881.008
881.005
1007.41
877.343
1009.14
999.152
1012.73
1029.27
836.362
992.397
1020.44
880.323
834.117
836.537
1010.97
833.95
869.959
1008.5
836.154
834.513
833.934
1012.44
876.752
826.251
872.879
841.52
1055.57
1072.12
870.169
1046.04
892.717
1015.67
1056.33
869.576
1069.58
845.309
1042.97
908.758
1030.95
835.918
1058.44
1045.84
1053.95
1036.71
890.112
953.911
911.799
884.058
831.963
846.866
961.818
874.192
935.261
942.144
1056.38
1059.56
1025.96
992.505
904.789
1042.04
998.218
945.603
1000.7
939.395
932.668
899.383
1034.49
923.936
916.241
1026.95
995.686
993.981
951.437
993.422
973.14
930.423
1006.99
1016.04
876.24
872.277
1002.5
1008.8
872.532
997.238
870.331
1022.77
1014.47
870.091
1039.86
902.35
938.604
975.988
1027.96
909.236
920.008
887.234
847.619
1019.86
966.522
906.324
1000.31
917.876
916.616
921.202
1015.69
1053.47
941.209
917.428
880.434
1012.85
937.681
991.718
935.333
994.889
876.031
876.481
872.286
927.353
871.888
994.228
872.431
998.334
1003.46
972.26
997.17
992.193
1001.99
873.423
1016.14
871.419
1000.35
872.407
876.452
875.408
873.753
993.074
999.941
991.316
876.039
873.389
876.147
1052.13
1029.63
878.267
901.846
887.731
1035.43
870.341
1032.92
1038.01
882.517
869.64
911.519
869.917
1059.5
1036.82
921.021
1019.96
1013.74
1038.34
869.823
902.288
933.424
908.76
1018.07
1011.71
998.562
913.365
1013.39
997.67
972.352
901.575
901.418
929.276
941.659
985.216
942.444
984.384
1009.56
975.749
949.168
921.645
930.962
917.062
976.458
920.921
907.777
977.772
916.578
982.861
907.708
909.626
980.692
979.298
907.01
1032.37
995.479
937.989
1038.68
975.767
1010.02
950.807
972.671
990.411
988.247
930.693
914.603
919.44
1012.33
986.535
977.544
993.948
918.666
927.278
1032.47
994.245
978.673
939.779
945.422
1048.91
1001.68
1000.59
939.125
939.498
938.978
944.466
997.224
999.163
995.503
937.164
1058.42
934.929
1060.01
1041.01
981.965
932.705
1039.16
974.593
914.617
916.879
906.936
908.912
972.058
924.373
912.321
973.353
996.632
874.671
875.985
993.721
977.885
997.59
916.567
874.895
907.333
898.341
926.883
1027.88
1019.03
993.18
876.181
901.562
871.975
1024.33
901.485
900.426
1030.07
1016.68
992.591
900.639
929.663
901.854
905.022
902.412
961.538
1003
902.428
911.004
917.068
999.811
953.838
965.962
981.824
1008.86
952.858
1020.87
979.459
1029.76
983.034
966.597
984.967
966.282
981.618
979.621
1041.36
984.023
983.921
1042.29
929.289
949.609
953.432
1004.36
951.339
1007.67
952.794
999.404
945.607
976.796
948.736
1002.89
955.732
946.422
953.133
991.754
950.186
898.566
930.056
939.89
967.899
929.784
967.747
939.309
921.738
981.835
924.209
971.445
987.903
936.591
1035.54
944.225
1001.71
1040.43
984.283
939.522
977.849
1013.13
977.931
907.626
976.114
981.914
982.368
989.423
980.072
911.606
907.324
918.541
923.54
990.478
976.095
974.466
903.832
916.278
978.604
907.235
922.734
1015.01
900.451
917.983
992.939
910.963
901.355
1012.55
1010.98
906.808
1017.85
951.475
997.256
930.041
969.745
952.56
978.241
922.877
937.278
942.476
985.138
957.807
1017.51
978.978
975.752
1007.25
927.808
926.202
973.952
969.517
955.364
948.381
933.888
952.915
951.983
940.878
972.709
944.948
985.546
939.106
929.659
930.67
988.986
971.112
967.614
929.203
933.897
973.476
975.237
985.479
964.417
1017.69
944.666
949.506
975.467
998.245
1005.45
969.268
1001.8
904.641
900.002
1001.28
929.631
998.877
991.912
964.706
965.919
1002.77
956.635
1010.54
962.066
965.124
1014.94
984.886
1016.61
966.929
1017.06
983.791
1042.31
961.974
959.773
955.644
1015.74
953.844
925.079
954.83
981.603
974.508
972.761
983.421
966.672
978.952
977.529
971.187
965.531
955.665
960.506
955.699
957.673
984.773
959.938
962.556
944.214
968.316
952.867
966.148
953.065
939.046
960.277
955.119
943.364
957.669
955.472
956.278
939.122
967.914
956.303
939.197
956.003
941.744
930.5
954.056
932.157
986.967
1017.46
925.089
965.455
976.498
984.316
928.201
974.747
936.358
973.647
956.183
953.566
955.868
985.039
939.172
968.018
940.036
929.567
926.298
954.954
