595.552
592.581
488.812
491.803
800.559
794.864
792.965
594.897
592.942
589.692
585.162
579.372
572.346
564.111
554.712
544.177
532.561
519.934
506.268
506.945
521.47
535.124
548.014
559.977
571.266
581.264
591.305
598.924
607.411
613.984
620.342
625.775
630.474
634.831
637.971
641.455
643.907
645.859
647.627
648.91
649.918
650.771
651.084
651.928
651.349
652.025
651.728
651.766
651.69
651.34
651.663
650.582
651.842
650.764
651.156
650.866
650.858
650.943
650.704
651.203
650.824
650.744
651.183
651.172
651.443
651.742
651.743
652.604
651.766
653.834
652.993
653.926
654.03
654.376
654.961
654.755
656.116
655.115
655.919
656.166
656.467
656.785
657.061
657.233
657.733
657.096
658.995
657.812
658.454
658.108
657.895
657.903
656.667
657.613
654.285
654.875
652.777
651.567
649.638
647.234
645.056
641.192
638.561
634.901
629.744
624.833
618.811
612.143
605.232
596.248
589.279
576.562
568.074
555.847
544.283
531.252
517.835
503.245
503.022
516.603
529.135
540.701
551.226
560.691
568.982
576.108
581.984
586.599
589.915
591.913
615.855
638.001
659.068
678.908
697.563
714.96
731.12
746.034
759.722
772.212
783.539
793.748
802.892
811.027
818.215
824.521
830.012
834.754
838.814
842.256
845.142
847.531
849.479
851.044
852.276
853.216
853.899
854.361
854.634
854.747
854.728
854.596
854.371
854.069
853.703
853.286
852.826
852.333
851.814
851.274
850.72
850.155
849.584
849.01
848.438
847.865
847.295
846.742
846.23
845.76
845.311
844.868
844.44
844.043
843.689
843.378
843.114
842.898
842.732
842.619
842.558
842.551
842.595
842.686
842.819
842.986
843.177
843.379
843.578
843.753
843.883
843.937
843.882
843.675
843.277
842.645
841.735
840.493
838.853
836.747
834.101
830.846
826.905
822.203
816.665
810.215
802.779
794.287
784.675
773.884
761.864
748.574
733.984
718.07
700.841
682.276
662.448
641.316
619.032
678.474
665.469
679.632
852.714
792.532
823.231
744.928
645.807
678.164
851.477
848.245
603.796
841.505
643.396
685.977
665.016
820.95
609.106
793.102
841.242
747.502
685.341
842.065
684.714
683.222
841.795
593.358
580.85
677.797
673.325
680.129
678.978
679.783
677.597
846.188
852.544
845.959
849.689
853.389
680.063
844.891
685.361
684.927
677.801
842.573
835.457
841.333
679.987
843.989
563.93
681.204
547.432
607.104
608.832
553.15
563.221
843.113
681.291
623.729
679.791
833.44
686.024
850.467
679.927
842.439
535.088
614.915
533.177
640.061
611.992
615.6
522.706
636.874
567.145
580.284
588.756
717.037
696.495
841.28
685.397
681.648
839.19
672.337
829.571
655.64
808.991
628.24
772.75
841.415
684.388
682.177
842.367
841.672
686.127
686.067
678.945
842.568
842.368
685.377
631.38
678.305
668.186
809.769
651.719
853.239
656.954
713.899
771.048
679.779
837.49
678.383
852.35
849.929
849.377
675.008
847.672
678.761
847.1
850.919
840.924
853.004
679.398
679.143
597.586
570.81
574.459
519.875
617.968
537.223
698.734
833.527
848.663
675.47
704.873
844.236
704.901
845.903
837.574
654.076
712.106
705.648
703.45
848.473
845.656
712.478
838.637
600.266
674.789
584.754
593.228
628.031
693.517
553.831
549.98
657.888
661.297
577.137
699.79
693.467
592.361
538.233
601.509
732.934
730.04
636.273
783.514
815.425
660.058
832.818
675.52
840.425
682.488
825.64
841.372
649.64
679.823
669.77
837.557
801.573
685.76
620.071
686.922
760.76
841.863
683.418
841.967
685.852
842.625
841.236
844.435
681.407
685.133
841.58
682.629
681.796
842.718
843.545
681.39
682.384
842.058
678.175
678.425
841.302
684.384
639.238
686.504
678.417
842.263
613.423
845.407
680.2
679.075
678.573
782.348
801.654
816.94
758.587
853.015
828.709
679.645
851.934
676.503
853.37
843.805
670.923
850.985
848.814
679.67
661.211
851.86
846.53
679.091
679.17
848.132
853.275
679.532
704.343
843.668
589.904
600.923
584.516
559.262
603.921
550.866
612.534
564.74
549.995
633.411
637.509
788.897
819.369
741.709
705.249
849.324
619.749
729.785
704.663
828.978
811.713
659.999
686.047
837.596
700.588
780.039
837.309
711.101
713.04
837.634
838.326
709.151
705.34
705.507
841.987
706.27
841.003
708.688
836.532
707.545
839.87
838.752
670.247
727.339
618.32
696.695
647.977
594.913
612.137
710.828
837.444
711.758
710.273
708.334
661.982
704.727
700.743
848.931
704.979
704.62
846.865
842.182
844.8
589.504
581.356
658.428
569.706
655.004
630.216
598.937
565.784
613.323
624.136
744.28
757.453
632.473
642.161
690.276
831.602
703.184
837.415
709.318
797.965
817.196
712.822
667.597
838.685
712.313
712.289
837.843
837.928
837.739
833.695
705.333
711.827
838.427
839.432
837.37
821.851
707.436
693.752
710.312
674.424
669.158
838.104
704.61
644.72
705.295
767.62
805.999
704.547
836.936
848.302
847.438
705.587
704.942
843.076
689.68
849.182
846.436
704.546
680.971
829.505
702.254
696.468
848.962
847.789
704.503
844.121
705.732
845.356
621.393
610.01
577.485
603.891
568.261
634.238
630.253
639.794
675.114
728.436
722.406
822.992
728.273
842.025
703.742
680.89
728.458
839.239
729.031
724.488
831.078
810.988
822.649
708.172
724.949
736.953
831.092
618.963
729.939
835.502
841.541
839.226
733.175
830.373
736.602
831.902
730.993
830.758
611.121
713.039
838.63
716.635
726.062
838.154
584.951
650.832
608.099
713.884
616.032
580.799
726.915
678.133
688.702
635.396
738.884
651.058
769.356
651.571
691.216
837.355
711.457
713.159
838.501
831.219
737.282
805.328
789.556
709.379
708.726
840.313
706.151
839.096
837.477
709.811
825.269
727.665
713.439
688.923
838.033
711.619
831.546
837.315
710.785
707.956
704.755
838.41
713.466
825.758
697.653
680.361
835.329
707.09
838.129
826.961
778.814
813.12
728.402
728.306
846.951
837.037
849.309
705.163
839.804
755.288
824.809
841.541
705.574
705.798
797.942
847.891
705.45
704.622
685.822
849.207
842.454
705.221
728.696
840.174
842.524
729.956
625.075
638.183
632.205
607.604
581.54
653.908
640.784
736.63
783.692
782.907
828.48
830.909
735.896
737.298
831.981
716.958
656.397
814.103
748.952
822.197
814.073
700.848
759.066
840.773
750.494
732.279
733.581
729.629
799.77
746.201
729.653
834.244
636.636
649.905
631.264
833.006
671.949
829.085
731.672
832.485
831.854
728.426
708.735
839.766
728.405
836.458
729.133
830.327
842.602
842.15
729.035
682.209
597.419
626.545
673.247
708.633
600.849
705.876
654.886
643.224
662.057
751.95
683.643
774.296
665.744
762.194
697.889
792.013
831.001
736.623
827.357
729.869
737.225
830.944
805.586
733.277
831.004
833.508
731.103
832.282
732.655
734.539
831.111
831.566
734.539
736.007
831.397
831.596
737.466
735.482
815.59
819.469
831.286
718.093
721.694
696.132
702.582
731.499
832.113
736.929
841.663
728.982
729.846
729.358
813.006
842.342
728.806
837.625
840.776
729.938
728.38
837.134
730.086
713.103
750.463
728.411
719.727
818.378
724.42
833.148
729.479
842.624
838.707
629.319
622.289
594.873
666.813
598.719
645.297
683.863
766.491
717.723
733.312
750.349
826.04
833.608
830.152
751.627
822.34
750.359
754.385
797.255
749.775
743.636
833.235
818.774
751.189
769.752
757.626
759.685
755.461
822.859
822.264
751.755
831.943
750.7
827.076
753.046
820.737
754.478
824.462
759.174
822.493
823.226
642.358
701.341
698.966
822.307
758.552
831.404
829.058
747.557
624.823
647.384
684.657
628.163
656.667
612.409
721.885
660.332
646.344
731.296
691.5
702.833
763.751
750.126
681.029
669.382
773.106
775.754
709.167
723.541
799.305
723.805
802.536
810.895
738.941
734.635
816.79
748.913
832.109
822.323
830.937
835.373
730.54
822.232
832.181
742.769
737.073
731.845
830.963
736.217
750.468
831.802
732.936
735.076
737.09
831.282
759.379
734.99
753.569
728.925
817.977
806.843
750.344
841.249
750.006
827.986
842.47
749.413
791.805
729.631
840.283
740.789
835.743
729.242
809.655
827.466
821.268
833.43
750.971
691.589
659.065
639.683
611.52
615.31
664.292
750.516
684.956
708.453
774.847
791.418
831.708
822.829
660.418
743.231
757.168
735.332
787.152
748.02
762.121
768.151
807.073
768.048
778.977
814.633
822.442
817.29
692.394
803.715
811.304
765.132
756.147
791.14
759.744
753.971
823.162
825.316
752.42
822.437
749.221
830.658
827.529
750.141
832.891
769.842
653.314
673.895
821.108
773.885
666.788
644.648
627.35
714.878
707.686
672.761
744.405
693.88
656.836
710.655
783.988
765.503
717.982
728.918
716.679
807.076
753.299
806.538
757.741
822.437
757.991
759.543
754.845
767.874
754.867
823.144
753.714
822.244
823.413
811.053
819.873
822.577
819.805
752.872
828.802
751.479
822.624
754.646
759.306
757.193
756.058
823.1
822.169
819.582
759.506
755.958
758.634
824.004
832.836
751.469
769.401
751.65
833.592
750.248
833.58
828.818
751.662
750.031
737.227
750.395
804.497
803.433
769.169
829.659
827.307
833.277
750.106
745.726
676.362
770.732
821.104
822.909
819.166
777.337
822.277
819.552
811.339
769.316
769.133
688.246
710.666
723.186
746.912
763.838
822.853
812.106
785.101
773.97
786.585
779.471
811.862
778.592
773.217
811.814
778.51
812.802
773.601
775.172
812.033
811.76
772.552
810.289
817.925
682.76
756.223
791.77
791.302
798.697
780.979
809.039
813.144
786.256
771.649
770.716
815.678
814.22
809.838
690.182
674.932
671.367
729.757
747.024
722.12
697.236
728.032
755.091
781.246
766.209
734.244
726.36
741.395
741.557
796.599
792.254
800.546
755.28
783.558
758.93
798.504
794.328
769.093
761.571
799.268
811.81
778.063
779.38
773.5
773.731
811.103
770.052
776.734
811.871
822.527
756.624
759.299
823.26
811.562
821.825
779.09
757.617
773.107
767.425
766.517
832.335
813.647
816.985
751.053
769.22
749.69
831.186
769.434
768.814
812.9
821.754
816.785
768.691
764.448
769.607
656.483
641.261
664.193
820.689
769.121
775.966
778.238
819.6
669.065
684.168
711.604
705.978
697.922
720.985
736.665
734.492
746.626
742.643
732.763
756.693
780.301
784.644
773.615
741.296
749.367
788.557
785.96
798.136
780.646
797.863
795.786
822.322
796.339
802.33
785.664
812.327
794.639
808.663
800.495
793.598
796.307
809.233
798.465
767.439
785.733
790.298
804.48
785.192
804.424
790.045
775.763
810.991
778.021
806.147
735.358
700.003
746.162
719.803
774.264
765.302
756.947
751.202
788.557
787.319
812.235
773.983
810.85
812.474
812.44
810.619
811.925
776.317
773.244
778.282
778.829
816.114
812.434
812.347
770.674
778.732
811.656
773.51
772.183
822.097
768.617
771.961
817.054
770.861
769.106
822.663
823.095
770.512
820.019
783.219
818.674
786.232
805.723
799.502
680.224
672.444
687.333
791.667
769.818
774.73
777.002
773.564
777.478
794.893
785.23
784.367
794.63
783.826
799.762
701.016
786.64
795.926
799.359
788.507
806.672
792.946
809.536
789.897
785.357
785.477
809.189
805.978
804.381
784.789
787.186
725.148
698.475
762.993
762.102
770.06
787.336
798.124
812.602
803.828
821.584
805.125
800.367
769.925
768.037
820.105
785.21
811.16
695.75
712.215
803.991
710.507
713.528
723.87
724.57
734.139
735.406
755.279
745.304
750.063
754.146
775.53
781.564
766.683
770.896
777.932
782.61
799.984
783.716
800.271
810.05
802.349
797.495
810.621
786.184
809.033
812.37
793.754
799.383
789.345
797.62
800.205
800.398
810.451
795.41
802.284
792.643
804.84
795.486
796.868
795.013
790.065
801.163
799.395
792.263
799.907
799.376
794.848
789.932
804.708
799.311
790.079
799.3
791.475
786.017
794.74
786.418
809.319
762.404
783.637
788.661
808.066
810.689
785.048
807.399
787.07
807.013
800.425
800.002
799.397
810.011
790.004
804.625
790.613
784.925
784.191
800.362
