772.573
795.766
574.377
614.672
943.893
926.299
930.018
771.709
769.054
764.584
758.274
750.09
740.004
727.972
713.993
698.056
679.903
660.434
638.23
639.102
661.416
680.719
698.225
713.205
725.086
738.184
739.722
762.3
757.76
765.136
765.94
767.139
768.239
765.072
769.807
758.552
755.512
756.31
752.414
750.968
748.443
745.789
745.613
737.853
750.097
740.273
741.721
739.312
737.844
738.175
732.582
742.687
717.147
728.425
722.849
723.905
723.523
722.051
725.154
717.753
729.975
736.73
731.46
734.665
733.504
733.814
735.362
730.219
744.176
710.241
725.587
719.69
721.131
721.227
719.267
725.549
710.625
739.803
738.999
736.433
738.082
737.279
738.258
736.49
736.364
743.38
701.989
719.94
713.403
713.845
713.215
711.626
716.598
696.792
753.666
730.744
736.779
735.503
734.405
734.093
728.439
742.604
706.482
684.242
695.244
686.092
683.32
678.823
672.649
669.818
640.706
713.029
675.074
667.533
653.695
637.688
619.778
600.87
567.475
608.373
636.525
661.277
690.546
716.071
738.988
757.859
772.582
783.317
790.451
794.479
833.032
868.968
899.749
927.791
952.042
972.918
990.618
1005.36
1017.42
1027.11
1034.72
1040.55
1044.88
1047.95
1050.01
1051.25
1051.83
1051.91
1051.59
1050.98
1050.14
1049.15
1048.05
1046.88
1045.67
1044.43
1043.17
1041.89
1040.59
1039.28
1037.97
1036.66
1035.35
1034.04
1032.73
1031.42
1030.11
1028.79
1027.48
1026.16
1024.85
1023.53
1022.22
1020.9
1019.59
1018.28
1016.96
1015.66
1014.41
1013.21
1012.03
1010.83
1009.62
1008.43
1007.27
1006.16
1005.09
1004.07
1003.1
1002.2
1001.37
1000.64
999.997
999.469
999.062
998.787
998.655
998.676
998.86
999.212
999.737
1000.43
1001.29
1002.3
1003.44
1004.7
1006.07
1007.51
1008.97
1010.38
1011.66
1012.71
1013.42
1013.65
1013.23
1011.98
1009.69
1006.1
1000.97
994.014
984.956
973.516
959.421
942.425
922.35
899.029
872.081
842.588
808.135
768.149
789.785
762.99
1031.42
1037.98
1048.55
1003.06
791.993
769.835
1027.53
1019.73
769.044
996.902
753.584
753.487
751.128
1011.91
724.299
1004.48
999.148
972.059
775.802
996.567
754.312
771.003
1002.8
771.854
746.157
925.657
791.259
768.508
756.508
756.053
784.548
1046.41
1040.47
1014.52
1044.13
1036.61
756.051
1011.99
771.481
743.373
740.931
999.286
1008.54
1002.75
772.845
1009.66
641.877
897.581
661.182
791.449
818.429
708.3
727.013
1007.27
770.343
777.147
758.325
1049.18
772.288
1024.93
767.44
997.14
607.105
831.221
634.473
840.839
798.268
803.278
662.461
866.879
727.473
743.789
668.412
941.031
949.926
997.804
753.87
742.758
1005.62
737.44
1010.91
761.284
1010.3
744.188
992.472
1000.84
756.898
770.868
1004.96
996.644
751.339
771.715
768.692
997.685
1000.31
771.23
786.321
767.657
795.203
1045.31
793.235
1034.01
793.628
970.762
1024.66
765.676
1048.85
782.051
1030.12
1023.63
1022.33
789.407
1018.43
761.007
1017.13
1042.94
1048.23
1039.19
755.997
780.028
791.1
718.398
743.981
587.148
806.586
687.052
825.585
1040.63
1023.62
836.477
792.171
1012.31
799.846
1016.08
990.471
828.559
803.357
808.312
818.296
1032.36
1035.96
790.306
993.283
776.119
919.566
756.221
773.632
824.155
830.851
713.426
625.272
897.547
870.504
655.372
920.935
943.663
757.45
687.493
682.909
958
988.393
749.189
999.388
1011.52
765.49
1009.84
739.104
1004.15
742.959
1011.65
997.293
757.617
742.234
734.909
1007.1
1008.04
753.698
736.195
755.297
983.456
996.528
770.507
1001.47
771.402
998.403
998.426
1010.83
753.978
754.185
1001.8
774.477
770.666
1006.09
1008.47
770.356
770.976
1003.86
772.494
768.366
999.958
752.546
789.743
773.118
767.881
996.769
780.03
1013.23
756.061
762.057
767.276
1032.21
1042.27
1047.33
1015.04
1032.71
1049.11
764.245
1028.83
787.045
1035.31
1047.4
795.71
1026.23
1021.03
769.225
793.339
1041.71
1015.83
778.778
753.768
1045.31
1037.9
755.913
815.772
1011.05
770.792
782.724
758.935
689.929
806.947
707.693
826.414
685.975
656.19
831.658
837.327
1030.21
1040.4
996.121
804.021
1028.63
736.706
953.728
793.186
1004.39
1006.39
764.28
780.801
1000.16
796.376
994.648
991.866
803.267
792.258
995.032
990.535
793.271
812.453
800.244
1007.3
800.726
1005.01
798.703
998.423
793.72
1002.35
999.142
909.657
849.753
823.96
916.752
852.063
712.146
788.956
964.29
990.821
803.314
794.039
793.336
832.465
793.92
823.276
1031.12
799.9
796.019
1034.77
1038.21
1013.57
746.855
755.728
866.567
735.628
891.765
852.943
773.933
677.281
803.205
801.207
967.678
978.952
742.775
751.568
787.273
1003.01
797.369
996.953
797.519
1003.09
1006.7
790.836
769.162
992.333
799.94
802.897
995.991
990.191
990.258
1001.51
798.218
790.449
994.371
1001.2
993.3
1006.36
792.978
792.768
803.064
773.128
835.063
997.004
792.844
823.332
794.906
1017.27
1037.3
801.62
1040
1022.36
1019.86
806.604
813.343
1009.75
835.605
1026.13
1017.34
792.315
836.881
1040.97
820.803
827.239
1024.87
1033.57
799.817
1037.12
810.265
1014.82
814.781
802.245
715.787
789.451
735.307
861.601
815.871
774.387
853.103
829.657
857.194
1027.29
829.959
1010.94
862.599
807.506
829.243
1003.71
827.16
946.534
979.95
998.059
995.375
822.004
828.807
832.214
983.942
801.615
835.668
1024.42
1018.63
1022.86
831.007
989.377
832.335
983.1
830.717
986.42
798.69
791.298
991.559
860.6
852.236
1001.35
758.676
882.651
725.197
936.777
799.482
695.938
981.703
893.408
933.164
811.475
960.336
785.128
987.847
758.343
860.495
991.294
803.19
791.567
990.96
979.775
832.386
1005.26
999.639
793.434
793.419
1003.49
800.143
1000.19
994.136
800.347
993.897
829.471
824.218
812.508
995.604
791.172
985.756
992.544
803.329
793.013
793.46
998.059
793.431
1005.54
794.681
776.967
999.976
798.909
990.281
1026.95
1024.62
1039.25
829.112
847.314
1018.6
998.975
1027.38
802.9
1039.17
1007.9
1040.93
1006.25
811.526
800.64
1034.35
1021.11
805.162
792.498
836.512
1029.87
1008.39
799.973
828.241
1021.36
1013.28
839.632
840.805
851.849
829.631
771.133
708.168
860.326
841.916
984.548
991.598
1017.09
983.745
981.288
831.74
832.869
980.813
936.333
811.719
1008.5
879.175
965.767
983.109
848.6
866.497
1007.31
858.596
832.159
832.382
862.325
1023.85
865.381
827.474
993.382
825.009
853.843
822.808
1010.16
801.217
990.816
830.446
988.675
986.753
829.863
862.183
1004.9
829.367
997.754
827.033
1026.33
1015.52
1017.75
844.922
918.032
728.269
761.545
886.716
929.664
780.445
953.293
839.754
829.268
793.671
971.448
857.532
986.783
846.889
1005.02
862.092
994.901
980.314
831.966
992.267
829.945
832.877
982.538
997.905
832.238
983.226
991.539
829.133
988.703
832.358
831.75
987.752
984.177
831.14
831.928
979.771
979.941
832.529
831.732
997.587
996.658
984.808
826.212
827.817
816.381
819.332
831.313
982.285
832.6
1009.74
827.304
834.029
831.036
1026.83
1012.17
829.038
1023.7
1019.64
837.54
829.893
998.354
827.922
861.176
858.472
829.469
859.319
1027.32
854.754
1025.47
842.513
1014.42
1002.54
828.959
815.206
739.227
877.801
780.047
869.58
875.637
976.005
892.065
891.029
858.44
1005.06
996.295
987.104
866.592
965.517
858.535
863.089
986.271
858.069
886.359
994.365
979.926
865.581
886.566
865.155
867.467
863.325
971.487
968.725
870.677
999.746
858.897
980.811
862.108
969.363
865.657
980.752
868.032
968.991
973.09
796.687
919.726
937.337
966.332
865.96
1004.42
984.889
881.576
793.588
853.101
900.288
822.021
876.786
745.983
970.4
854.995
840.28
950.054
842.337
887.08
980.182
996.09
834.267
824.027
1011.93
980.599
853.308
860.16
996.937
892.673
986.208
984.492
864.276
863.484
981.697
865.473
981.498
969.767
981.93
995.053
828.551
965.523
987.75
864.738
832.972
831.793
980.798
831.759
858.532
980.294
832.36
831.69
832.746
985.729
866.899
831.824
862.446
829.768
1008.16
1025.76
858.436
1008.55
876.827
982.758
1016.67
857.827
1021.01
832.465
1006.11
888.172
996.288
827.061
1008.66
1002.07
1007.58
997.847
874.826
909.813
866.912
839.013
760.502
802.762
895.632
861.434
860.414
879.704
998.864
1005.39
990.485
966.391
861.127
979.798
962.914
915.997
972.03
899.187
911.375
884.124
985.33
905.03
898.653
982.312
967.492
964.035
907.405
968.417
948.682
900.554
969.704
985.547
867.309
862.749
972.364
977.373
861.174
968.502
858.366
988.169
981.835
858.226
999.664
886.574
845.264
898.004
985.529
893.21
875.137
842.772
779.58
954.146
923.711
866.47
961.144
882.245
831.38
890.078
983.726
994.473
885.245
892.113
857.049
985.571
900.074
967.176
900.267
966.995
865.399
867.17
863.243
900.245
862.973
968.708
862.604
969.179
973.118
948.117
967.611
965.857
976.807
865.363
983.614
859.914
970.696
863.212
867.657
864.821
864.014
967.153
974.752
966.685
867.347
866.347
867.979
1006.69
993.19
864.93
886.213
872.839
997.116
858.442
995.558
996.228
868.381
858.162
889.541
858.436
1008.4
985.866
902.752
986.086
981.309
998.835
858.126
883.89
888.718
892.792
978.656
976.257
967.436
896.325
976.699
967.67
948.603
886.537
886.164
888.914
905.669
913.093
916.43
931.703
975.13
950.559
928.337
899.945
911.638
899.363
953.197
900.666
891.956
951.722
898.402
955.492
891.986
893.634
953.769
952.727
891.321
984.871
965.173
893.812
972.719
951.871
960.36
929.332
931.803
966.171
964.28
911.355
897.744
901.625
972.152
958.392
950.85
916.534
876.417
846.888
968.414
956.967
937.503
871.085
913.822
988.426
971.616
967.18
893.204
889.282
896.369
916.735
970.77
971.696
969.852
913.898
1002.57
912.71
1007.49
986.194
932.301
900.246
986.319
949.745
897.318
899.208
891.471
892.934
948.144
899.756
895.54
949.678
968.136
864.392
867.259
967.989
951.707
972.519
898.907
867.297
891.596
883.349
907.267
991.916
976.115
963.475
863.157
886.056
859.504
989.308
885.831
884.954
984.056
978.221
963.088
885.578
909.264
886.135
860.196
813.494
873.616
970.432
887.248
894.68
898.399
968.268
863.136
879.139
904.643
933.171
909.942
947.679
942.291
959.24
947.937
934.002
917.914
937.409
954.919
954.049
979.884
921.572
925.281
985.428
910.325
928.432
931.444
959.394
926.97
973.821
927.967
957.997
925.32
951.296
925.027
962.932
933.07
923.323
928.022
956.057
929.221
883.663
910.776
918.889
942.049
910.558
942.006
918.604
900.613
958.417
902.626
948.983
948.63
898.341
967.426
910.467
970.056
976.687
928.804
915.012
953.189
960.875
951.983
892.05
953.006
954.746
955.035
965.334
953.309
895.056
891.615
899.159
902.375
961.673
952.689
950.853
888.542
898.478
952.222
891.669
899.852
977.475
885.497
900.581
963.505
894.647
885.989
976.524
976.021
891.124
977.991
930.107
966.521
910.903
944.164
930.715
891.771
878.798
894.531
921.146
955.575
934.217
960.004
932.287
932.021
960.026
909.117
907.81
950.649
931.326
932.553
907.383
915.178
927.55
930.932
921.395
945.652
922.308
953.024
918.155
910.429
911.336
954.486
944.498
941.975
910.076
914.064
934.221
893.092
954.214
937.175
957.46
924.633
928.485
951.935
957.958
972.228
943.094
958.789
889.226
885.049
969.257
910.415
961.351
908.151
923.496
941.076
922.512
917.658
934
925.232
930.442
941.976
951.758
947.078
936.254
950.836
955.742
983.215
936.172
935.177
932.918
960.871
931.689
906.937
932.412
951.764
951.735
949.884
952.991
930.801
949.835
951.775
936.644
943.614
925.7
939.067
932.935
936.44
953.419
930.423
940.885
921.891
942.752
927.117
934.741
926.779
917.998
936.345
932.263
921.352
934.174
932.496
928.134
918.117
942.522
933.053
918.135
932.84
920.134
912.094
926.989
913.611
953.541
954.348
907.066
931.244
948.07
953.421
909.998
946.882
917.376
946.217
935.017
932.457
932.775
953.174
918.13
942.404
918.788
910.395
908.234
933.811
