553.047
550.924
462.552
464.123
751.59
751.884
745.464
552.487
550.81
548.022
544.137
539.171
533.147
526.088
518.029
509.004
499.047
488.229
476.537
477.161
489.71
501.63
512.975
523.643
533.756
543.015
552.016
559.71
567.454
574.084
580.348
585.927
590.917
595.497
599.306
602.988
606.008
608.616
610.926
612.842
614.461
615.858
616.868
617.978
618.387
619.196
619.5
619.872
620.128
620.201
620.529
620.208
620.816
620.443
620.688
620.615
620.663
620.743
620.686
620.932
620.855
620.901
621.141
621.21
621.403
621.624
621.714
622.196
621.954
622.889
622.661
623.191
623.36
623.638
624.018
624.055
624.741
624.49
624.957
625.134
625.344
625.526
625.676
625.738
625.921
625.561
626.145
625.473
625.488
625.006
624.495
623.99
622.839
622.486
620.319
619.536
617.474
615.629
613.286
610.555
607.697
603.946
600.369
596.142
591.104
585.873
579.92
573.399
566.515
558.455
550.945
540.902
532.179
521.625
511.099
499.667
487.858
475.267
474.741
486.454
497.107
507.044
515.992
524.025
531.054
537.066
542.022
545.904
548.689
550.365
570.943
590.153
608.537
626.026
642.612
658.257
672.956
686.698
699.488
711.334
722.255
732.273
741.416
749.717
757.214
763.948
769.962
775.301
780.01
784.136
787.724
790.819
793.466
795.71
797.593
799.152
800.419
801.425
802.201
802.778
803.181
803.435
803.559
803.573
803.493
803.334
803.109
802.829
802.504
802.143
801.755
801.346
800.921
800.487
800.049
799.606
799.162
798.73
798.335
797.975
797.633
797.293
796.964
796.659
796.386
796.146
795.938
795.762
795.616
795.499
795.408
795.339
795.286
795.242
795.196
795.136
795.048
794.917
794.724
794.446
794.061
793.537
792.841
791.936
790.783
789.348
787.592
785.47
782.932
779.921
776.385
772.27
767.523
762.092
755.926
748.973
741.189
732.529
722.954
712.433
700.936
688.445
674.948
660.437
644.923
628.41
610.937
592.514
573.209
645.957
623.237
645.726
802.358
731.23
762.828
685.758
602.497
646.016
801.896
799.715
562.329
794.005
601.862
651.655
623.973
760.984
569.525
731.492
794.215
687.516
651.127
793.727
650.955
649.942
794.744
551.179
541.39
625.081
633.049
643.951
646.496
647.091
639.322
789.636
799.214
797.956
794.511
801.565
647.395
797.124
649.275
646.687
638.159
791.66
778.77
788.168
647.668
796.437
527.671
627.484
512.79
562.97
565.029
517.063
525.346
795.763
648.504
580.683
646.153
774.154
650.929
801.292
644.902
793.257
502.329
570.148
500.977
591.432
567.164
570.261
490.602
589.197
529.395
541.083
550.076
659.543
641.706
794.094
651.368
642.921
784.303
631.89
771.138
614.125
747.897
587.139
711.445
794.423
650.637
649.195
795.19
793.945
651.616
650.625
646.046
792.872
790.758
648.707
588.358
645.968
626.796
748.632
608.546
802.22
614.014
657.357
710.341
645.207
778.852
640.754
802.279
800.933
800.546
635.448
799.281
646.303
798.842
796.391
782.968
800.216
646.764
642.062
555.552
532.84
534.972
489.011
572.294
503.081
655.769
775.382
798.724
629.557
670.02
796.1
670.264
797.307
790.44
608.177
675.636
668.395
662.538
795.589
790.943
673.461
788.105
558.26
622.534
544.544
551.231
581.099
649.228
517.46
515.363
607.532
609.942
539.451
644.014
639.143
551.972
504.075
561.123
674.039
672.04
594.877
721.941
754.832
619.103
775.243
635.361
786.416
644.444
766.402
794.051
608.169
640.651
628.506
781.773
740.131
651.547
579.205
651.947
699.977
793.858
646.961
789.604
650.085
792.351
794.147
796.777
648.171
651.202
794.568
649.766
648.893
795.46
796.096
648.478
649.391
794.951
645.556
645.842
794.306
650.677
595.892
651.485
645.979
793.534
571.487
797.525
647.41
645.626
646.151
721.236
740.351
756.111
698.521
802.344
768.828
645.453
802.12
637.567
801.968
786.549
630.13
801.616
800.138
644.29
618.745
797.948
798.401
642.812
646.508
792.276
800.989
646.899
664.116
795.669
549.066
557.668
543.598
523.109
560.896
514.743
568.143
527.85
515.531
585.718
589.239
728.108
759.474
683.028
669.213
797.933
577.854
671.312
669.704
771.825
751.559
615.203
641.377
790.109
658.074
718.907
790.586
675.124
675.402
790.992
789.969
673.534
667.148
670.775
794.371
671.386
793.609
668.193
782.924
672.163
792.707
791.87
618.698
683.986
573.555
641.337
598.475
555.203
569.04
654.757
790.489
675.494
674.309
672.877
615.933
669.539
658.435
796.586
670.346
669.977
792.794
786.108
796.52
549.103
541.057
607.47
531.286
605.093
583.586
557.148
529.376
568.475
579.983
684.722
697.103
588.913
598.111
646.233
775.335
661.177
784.643
669.5
736.965
757.665
674.176
622.67
788.791
675.523
675.697
791.164
790.291
790.379
778.327
663.84
672.391
787.198
792.374
790.741
763.045
672.165
650.469
674.623
629.516
623.102
791.37
669.74
599.368
669.747
707.418
745.376
669.237
779.469
798.644
798.265
668.791
665.37
795.211
645.023
798.588
797.664
669.802
635.338
770.718
660.649
652.761
798.712
794.329
670.01
788.738
667.963
796.923
575.401
566.53
538.919
560.382
529.812
586.974
584.634
594.728
626.365
691.528
676.847
765.028
690.967
792.765
655.238
633.725
691.738
791.303
692.143
666.72
784.551
752.18
766.203
661.289
679.465
698.004
785.062
574.584
690.31
780.237
789.408
785.27
689.844
777.411
695.451
782.015
693.857
784.448
566.815
674.748
789.311
669.736
681.977
790.526
544.349
601.576
567.117
656.812
571.844
542.64
669.392
624.83
635.113
590.316
680.038
605.394
708.489
607.079
642.257
790.536
675.343
675.21
789.694
784.469
698.09
744.675
728.388
673.71
673.187
793.045
671.374
792.128
790.853
674.215
769.706
682.711
666.716
641.624
786.053
671.563
785.428
790.655
674.909
672.59
669.688
791.607
675.897
767.752
654.648
635.617
780.852
666.091
790.161
769.63
718.213
752.802
691.739
685.665
797.987
789.684
798.335
669.418
783.032
695.717
765.432
794.034
666.55
670.998
737.154
798.487
669.061
669.81
640.565
797.358
794.723
670.543
691.917
786.851
792.621
689.186
579.259
590.899
584.924
564.908
542.544
603.577
592.294
678.728
723.258
722.964
781.877
784.783
697.452
697.612
783.794
660.178
609.175
757.254
703.382
776.495
758.606
650.912
718.199
792.268
711.724
694.877
695.886
679.945
739.992
698.521
692.622
787.385
590.183
600.517
584.963
779.802
625.091
775.293
687.826
786.143
785.669
691.399
660.655
791.657
691.644
789.235
692.213
773.663
791.921
790.535
687.091
629.615
556.565
582.629
620.613
652.263
558.352
650.565
607.264
596.467
615.715
692.319
634.705
713.894
617.352
702.801
649.085
731.746
784.648
697.86
772.695
685.47
697.215
784.914
746.159
695.645
784.984
786.87
693.81
785.902
695.173
696.51
778.947
780.966
691.73
694.44
784.372
784.241
698.1
697.176
757.502
762.176
785.22
671.593
675.694
648.836
655.427
694.265
782.854
696.198
792.679
692.084
690.689
691.022
753.945
792.774
691.061
783.04
788.077
689.775
691.226
790.052
692.986
665.516
711.717
691.592
673.513
759.828
679.594
777.176
688.196
792.349
790.93
583.392
576.408
554.138
615.067
556.178
596.911
633.243
707.09
666.622
683.559
711.402
771.894
784.619
783.106
710.052
776.157
711.697
714.863
738.834
710.599
695.767
784.866
765.04
704.671
729.324
717.326
717.671
715.614
777.517
777.055
709.006
780.857
711.915
780.875
713.915
775.315
709.116
772.123
715.616
773.528
777.705
596.439
645.944
644.697
776.761
717.899
778.933
782.315
701.218
580.108
599.336
630.929
581.824
607.212
569.924
665.133
611.252
598.522
673.437
641.869
651.58
703.609
691.343
631.919
621.064
713.334
716.325
659.106
673.606
739.382
673.02
744.732
754.591
690.213
685.392
762.179
701.815
783.417
777.093
784.87
788.503
693.347
776.316
785.919
694.562
697.697
694.52
784.74
697.623
711.664
784.06
695.374
696.867
696.744
779.911
718.291
692.966
714.277
690.923
761.751
747.363
711.66
792.515
705.185
781.508
791.341
710.094
731.866
690.906
791.986
692.214
788.66
692.278
752.225
774.256
765.696
783.706
706.848
636.921
608.399
591.729
568.83
570.79
613.669
710.344
634.504
656.65
716.047
732.777
784.107
775.933
610.64
685.489
698.978
682.052
729.965
696.162
712.243
727.384
752.184
720.515
736.144
761.753
777.101
771.766
638.192
749.417
766.605
715.225
696.991
732.223
718.033
714.536
777.749
779.417
713.404
777.195
709.758
783.446
781.167
711.472
782.267
729.364
605.023
622.547
769.44
732.82
615.515
596.467
582.934
659.179
652.117
622.759
685.755
642.839
608.752
659.41
724.727
706.835
665.9
678.606
666.629
749.986
701.811
753.043
706.724
777.006
717.534
718.178
715.172
718.585
715.127
774.76
714.346
777.036
777.927
766.166
774.615
776.064
767.151
706.953
782.519
712.586
777.34
715.048
716.214
717.043
716.152
775.762
770.884
770.045
717.186
711.089
714.596
769.116
784.742
710.4
729.022
708.205
784.249
711.611
784.905
777.371
709.537
710.992
688.045
711.533
746.554
747.919
722.424
782.765
781.034
783.118
711.41
698.625
623.77
727.319
771.205
775.004
773.186
734.993
773.703
774.099
765.865
728.79
728.721
636.157
657.408
669.362
694.446
710.011
775.526
767.627
735.884
726.446
744.577
736.158
763.961
733.147
732.144
767.57
734.399
768.259
732.335
733.469
767.656
767.482
731.646
756.037
772.258
629.87
698.888
738.752
737.299
755.143
729.254
756.322
762.005
744.318
726.932
724.644
765.271
769.377
765.472
637.206
623.857
621.981
672.891
689.06
665.456
645.996
674.598
696.754
723.56
708.004
682.066
674.185
689.334
688.612
740.742
735.684
745.434
704.064
724.766
708.371
740.142
737.715
715.681
711.094
743.165
767.231
735.498
736.303
732.124
732.651
765.954
721.381
734.575
766
777.24
716.621
716.628
775.426
767.341
771.147
735.558
713.13
731.994
726.518
718.188
784.495
761.687
771.565
710.454
728.848
709.923
783.79
728.833
728.146
759.311
772.316
771.452
728.293
715.342
729.084
606.65
594.737
614.295
774.176
727.184
734.089
733.767
773.467
619.192
632.927
658.357
651.577
643.672
665.397
680.066
678.015
689.814
687.439
678.691
701.994
725.15
730.166
716.205
687.145
695.222
731.527
743.849
754.427
729.841
745.115
751.361
775.277
751.638
750.834
737.331
767.919
750.514
757.984
757.229
749.731
751.353
760.594
754.18
726.278
743.864
747.629
760.174
743.354
760.194
747.564
728.766
760.888
731.454
757.293
677.89
647.204
689.115
666.367
716.23
707.859
702.903
699.355
734.777
732.726
767.936
732.484
762.535
768.01
767.895
758.498
767.598
734.306
732.065
733.367
732.802
771.054
765.099
766.033
729.982
734.938
767.412
732.195
724.088
773.11
728.194
726.52
771.762
726.859
728.721
774.436
775.477
727.627
769.83
733.19
772.843
744.19
761.678
756.041
628.72
620.996
634.555
748.928
713.536
722.456
721.484
720.658
725.143
741.502
743.057
742.113
742.379
732.728
756.62
647.207
741.767
750.722
754.653
742.18
761.903
749.274
762.264
747.209
743.528
743.507
761.07
761.369
760.221
742.958
745.015
669.035
646.102
706.37
707.905
714.299
739.647
754.167
765.796
752.75
774.811
760.681
748.251
727.535
726.53
773.797
743.387
761.809
642.836
656.882
760.223
656.415
658.968
668.893
669.551
678.926
679.873
698.471
689.495
695.031
698.244
719.744
724.269
713.1
717.956
726.376
727.5
756.609
741.322
756.962
764.227
751.549
745.998
764.515
735.709
763.503
768.019
744.177
749.935
740.89
748.934
757.004
753.619
763.795
748.215
754.682
749.113
760.764
750.003
748.961
749.222
747.121
757.704
756.29
748.869
756.609
756.262
748.22
747.184
760.702
756.112
747.198
756.14
748.245
742.167
748.575
742.085
761.655
706.516
741.008
738.739
762.796
764.313
741.669
762.333
741.56
762.105
754.245
754.848
756.26
763.065
747.191
760.507
747.546
743.046
741.225
754.717
