749.573
765.913
569.585
596.807
928.686
912.663
916.566
748.699
746.028
741.55
735.254
727.132
717.179
705.379
691.745
676.331
658.896
640.163
619.226
620.071
641.273
660.074
677.182
692.168
704.309
717.397
721.059
740.204
738.758
746.304
748.272
750.448
752.346
750.656
754.807
747.097
745.334
745.938
743.1
742.015
740.07
737.841
737.768
731.602
740.307
732.693
733.829
731.734
730.465
730.826
726.181
734.011
715.305
723.962
719.428
720.467
720.147
718.949
721.459
716.033
724.56
729.206
725.531
728.022
727.188
727.482
729.107
724.844
735.908
711.704
723.647
718.86
720.502
720.757
719.08
724.369
713.329
733.997
732.623
731.461
732.724
732.114
733.084
732.327
731.563
737.878
709.288
723.115
717.642
718.823
718.507
716.893
722.097
706.445
745.992
728.461
734.327
732.615
731.95
732.362
727.15
737.248
713.762
699.316
705.741
697.835
695.255
690.283
683.572
682.059
655.933
700.902
668.671
662.395
647.434
631.234
613.332
594.905
574.258
607.218
627.364
647.848
671.367
691.679
710.557
727.016
740.854
751.785
759.636
764.351
801.304
835.188
864.82
891.999
915.814
936.658
954.629
969.89
982.659
993.173
1001.67
1008.41
1013.63
1017.54
1020.38
1022.32
1023.53
1024.16
1024.33
1024.15
1023.68
1023.01
1022.18
1021.25
1020.25
1019.21
1018.12
1017.01
1015.87
1014.73
1013.58
1012.42
1011.26
1010.09
1008.93
1007.76
1006.6
1005.43
1004.25
1003.08
1001.91
1000.74
999.565
998.395
997.228
996.057
994.883
993.724
992.618
991.561
990.516
989.458
988.398
987.361
986.363
985.407
984.499
983.643
982.849
982.125
981.482
980.93
980.48
980.142
979.924
979.838
979.891
980.093
980.45
980.966
981.642
982.473
983.447
984.547
985.754
987.05
988.409
989.788
991.125
992.341
993.346
994.038
994.293
993.968
992.901
990.909
987.788
983.32
977.275
969.414
959.501
947.305
932.611
915.222
895.002
871.873
845.47
816.722
783.836
760.867
778.409
757.93
1007.72
1005.82
1019.7
967.427
776.394
762.529
1004.27
997.323
747.329
977.951
751.08
754.962
754.169
992.281
724.184
981.73
979.46
945.855
771.414
978.156
754.781
764.776
982.429
747.827
720.614
889.607
780.192
762.571
753.476
753.302
775.239
1020.45
1015.64
992.685
1018.71
1012.29
753.89
990.439
767.983
748.239
748.316
981.583
990.58
985.218
766.357
988.383
649.973
870.426
651.772
767.208
785.099
686.522
704.169
986.274
763.963
759.075
753.662
1021.55
768.079
1001.96
761.699
979.054
614.02
799.235
632.938
814.994
774.008
779.014
642.575
832.839
705.286
721.553
677.438
913.827
913.454
978.482
754.559
749.788
987.99
746.017
992.311
758.406
989.266
740.341
967.888
980.803
755.332
764.741
984.268
977.877
753.32
768.08
761.037
979.743
982.698
768.01
768.791
760.539
783.018
1014.93
778.672
1010.01
780
934.282
990.633
760.229
1021.73
773.225
1006.57
1000.8
999.639
779.016
996.164
756.045
995.007
1017.73
1021.55
1014.54
752.958
771.438
758.639
698.358
720.577
593.544
782.311
665.738
813.735
1013.98
1000.66
818.155
786.519
990.644
792.76
993.993
972.07
806.927
799.008
799.555
808.16
1008.22
1011.17
790.153
975.996
749.156
882.913
732.471
748.733
798.357
817.05
690.71
632.675
862.358
843.898
664.662
893.586
906.635
735.483
666.293
688.83
931.192
952.211
746.039
975.715
991.235
763.724
991.602
747.283
986.591
749.94
992.585
978.156
755.101
749.147
742.431
989.347
986.17
754.622
733.145
755.297
958.011
977.943
769.404
983.914
767.983
980.59
978.92
989.415
751.388
754.648
981.586
768.653
764.432
985.251
987.332
763.516
764.947
983.325
764.788
761.059
980.091
753.044
773.02
768.22
760.653
978.526
759.059
991.54
753.496
757.385
760.063
999.107
1011.02
1017.76
980.154
1008.87
1020.92
759.012
1005.42
777.166
1011.15
1021.11
783.48
1003.11
998.481
763.414
780.819
1016.71
993.85
770.782
750.946
1019.63
1013.42
753.076
806.152
989.522
740.929
758.547
735.158
675.365
773.48
685.58
793.762
676.078
654.775
805.828
811.485
998.1
1011.89
960.167
795.856
1005.02
737.036
926.934
787.396
986.382
986.246
763.743
780.662
979.693
796.545
971.038
972.945
798.352
790.703
975.451
972.782
789.637
803.27
793.454
986.177
794.219
984.145
798.453
981.194
788.7
981.78
978.965
872.506
838.794
789.703
889.404
825.525
711.695
765.378
927.319
972.247
798.736
790.085
789.333
811.939
787.972
812.019
1007.16
792.926
789.787
1010.22
1012.82
991.762
725.642
731.418
839.967
712.312
855.941
817.609
750.083
675.879
777.645
778.106
941.498
953.543
741.585
749.773
787.457
985.31
797.154
979.769
797.538
981.323
987.228
790.501
769.249
974.957
796.982
799.154
976.255
972.128
972.029
984.035
797.729
790.213
977.151
980.763
974.042
987.474
788.629
793.591
798.151
773.532
815.666
977.117
787.144
800.871
788.433
983.106
1007.13
794.166
1013.83
999.554
997.34
798.133
804.104
988.363
820.39
1002.85
995.11
786.827
819.571
1013.77
810.113
814.633
1001.76
1009.23
792.923
1012.05
801.226
992.877
789.06
770.767
700.457
764.158
711.765
826.902
791.333
766.183
831.825
821.707
844.484
1001
822
989.209
845.691
803.474
821.53
982.852
819.69
919.773
962.43
978.855
977.746
819.754
825.02
826.527
965.375
774.147
826.873
1000.12
995.727
999.187
826.96
972.651
829.366
966.503
824.028
967.372
773.11
790.674
974.073
846.451
840.755
980.752
734.502
846.246
725.67
909.578
774.718
694.768
945.111
866.258
895.73
788.782
934.204
778.342
963.311
757.065
841.413
972.545
798.487
790.608
973.347
962.408
826.887
984.345
976.963
789.813
789.56
982.787
794.204
979.882
974.714
795.827
976.61
825.655
821.473
809.147
978.42
790.969
966.915
973.452
798.266
788.949
787.65
978.025
791.137
987.145
795.353
777.187
982.651
798.344
972.377
1001.25
991.473
1009.95
821.482
836.829
996.227
978.637
1003.94
794.936
1013.41
972.776
1013.12
985.244
802.424
793.885
1003.25
998.449
796.883
786.94
820.186
1006.1
987.148
793.138
820.593
997.978
991.234
830.247
805.412
816.787
803.359
749.53
698.006
833.745
815.469
948.534
969.059
985.405
964.891
963.293
825.74
829.029
963.959
909.633
796.843
983.785
867.131
949.395
965.987
836.953
858.987
986.032
849.235
825.631
826.383
853.942
994.323
858.633
820.282
973.623
797.326
827.061
797.213
987.669
796.457
973.971
826.433
969.457
967.778
821.882
846.264
983.905
821.551
977.546
819.703
1001.15
993.146
995.017
834.881
880.942
718.057
752.3
859.585
902.486
755.813
916.02
816.505
805.26
788.025
946.106
837.356
963.285
824.557
971.046
844.11
973.298
962.634
826.216
975.244
826.06
829.225
964.244
977.986
826.216
964.792
971.985
822.146
969.458
825.947
825.51
971.109
967.624
827.398
829.069
962.548
962.853
827.551
825.52
979.005
978.6
966.103
822.84
824.136
813.643
817.043
824.743
965.614
829.373
988.17
819.688
825.458
822.788
999.115
990.275
820.959
999.734
996.531
828.46
821.941
978.12
820.756
846.161
849.2
821.579
845.939
1000.36
842.681
1000.75
832.843
992.205
981.813
796.843
789.215
723.562
850.722
755.076
833.233
852.411
952.684
873.136
875.144
849.014
982.527
975.933
967.897
856.573
949.406
849.707
854.213
966.678
848.608
872.621
974.288
963.49
859.184
875.729
857.488
859.841
854.959
953.912
951.568
860.152
978.69
850.237
962.258
853.312
951.908
859.197
964.491
860.826
953.312
955.309
781.295
892.602
900.537
949.802
858.432
982.61
965.918
869.045
771.841
820.681
873.01
795.952
841.291
736.074
933.621
830.07
814.881
923.999
829.86
865.955
955.735
961.036
820.959
809.889
979.096
958.272
842.534
851.05
976.215
874.829
967.374
966.895
856.958
855.73
964.955
858.956
964.741
952.416
963.779
975.15
821.409
949.29
968.647
857.744
828.725
825.228
962.956
825.921
849.141
963.329
826.14
825.335
829.274
969.162
859.378
828.702
853.526
821.601
984.061
997.191
849.335
987.121
865.206
964.005
994.116
848.418
990.445
824.077
984.972
873.752
976.234
819.818
983.229
980.17
984.022
977.215
863.578
882.482
839.938
812.522
744.726
777.314
858.677
851.934
839.831
860.73
968.355
977.221
970.892
950.459
835.085
945.535
939.863
896.248
952.865
885.249
896.863
873.437
963.537
892.065
888.118
962.072
950.667
947.092
880.395
951.887
933.631
889.445
945.402
965.113
859.684
853.819
954.684
959.163
852.466
951.431
849.035
968.844
963.176
849.481
978.705
875.745
817.697
862.521
965.557
882.161
848.172
816.544
763.897
917.952
897.122
842.294
935.91
860.052
809.921
870.06
962.374
962.668
867.404
875.307
847.138
967.404
887.066
951.056
888.071
950.306
857.823
859.606
854.546
889.53
854.435
952.955
853.645
951.926
955.35
933.205
950.326
949.842
960.692
859
964.803
851.254
953.224
854.416
860.314
857.042
855.878
951.285
958.846
951.227
859.781
859.73
860.939
983.639
973.269
855.09
875.394
861.953
976.616
849.515
975.318
975.388
858.149
848.714
874.428
849.033
982.156
963.434
890.168
966.99
962.705
978.037
849.446
870.797
861.553
881.384
959.803
957.95
950.167
885.879
958.262
950.364
933.847
875.807
875.355
864.029
882.654
888.958
898.75
913.29
957.005
935.186
914.464
889.749
899.099
888.811
938.501
890.228
881.123
936.002
887.996
939.312
881.353
883.146
937.752
936.83
880.353
963.61
948.124
867.005
942.93
935.972
940.878
915.701
916.5
950.36
948.887
898.81
885.913
889.317
953.789
941.945
935.087
881.446
850.839
825.804
933.083
932.892
911.587
851.245
893
955.341
951.567
945.162
877.48
872.581
881.588
898.04
953.121
953.333
952.804
898.008
973.281
897.556
980.323
962.166
914.859
888.696
963.134
934.521
886.847
888.66
880.982
881.968
933.326
889.349
885.104
934.936
951.171
856.469
859.804
952.177
935.949
956.742
888.4
860.448
880.863
872.683
893.855
972.154
956.825
946.578
853.494
875.245
850.145
969.853
875.065
874.236
963.288
959.502
946.221
874.83
895.343
875.344
833.533
791.822
841.297
952.844
876.274
884.192
888.052
950.913
835.926
852.423
879.402
898.736
883.574
914.115
918.536
926.75
925.247
912.785
895.187
918.268
937.101
936.974
952.797
900.182
905.017
960.445
897.944
914.932
916.743
941.041
913.652
955.856
914.588
940.476
911.819
935.788
911.861
945.333
918.924
910.286
914.672
939.69
915.794
872.948
898.247
905.96
927.193
897.998
927.138
905.543
890.346
943.4
892.107
934.531
923.577
874.324
936.209
888.539
949.047
948.299
909.514
898.284
936.742
940.634
936.291
881.598
938.336
938.636
938.891
949.711
937.345
884.606
880.951
888.806
891.821
944.926
937.975
936.115
877.724
888.024
936.391
881.108
889.593
958.903
874.791
888.495
946.592
883.069
875.183
958.151
957.774
879.861
959.141
915.847
949.343
898.446
929.002
916.916
859.878
852.314
868.508
907.976
935.978
918.413
937.969
915.701
916.153
941.144
896.855
895.666
935.203
916.494
918.372
882.064
902.657
914.279
917.449
908.453
930.477
909.339
937.122
905.341
897.902
898.769
938.357
929.428
927.09
897.559
901.321
909.446
867.027
933.624
919.003
934.471
911.327
915.046
937.203
940.65
954.444
928.151
940.876
878.108
874.23
951.797
897.872
944.313
876.87
897.831
926.158
892.018
893.235
904.518
901.831
908.125
913.779
930.126
920.339
916.089
925.516
937.068
957.221
918.898
918.692
917.707
939.774
917.753
894.869
918.365
936.008
936.851
934.798
937.113
916.356
934.268
936.16
921.973
929.299
912.488
925.06
918.758
922.734
937.495
916.889
926.913
908.941
927.756
913.919
920.682
913.638
905.337
921.817
918.081
908.437
919.818
918.278
914.865
905.352
927.525
918.782
905.437
918.583
907.316
899.768
913.841
901.196
937.558
930.268
895.005
917.001
932.672
937.499
897.784
931.595
904.7
930.99
921.391
918.925
918.526
937.27
905.402
927.459
906.076
897.872
896.113
920.234
