853.346
864.118
881.186
690.724
1064.01
983.554
972.661
852.767
850.881
847.567
842.664
835.965
827.246
816.242
802.662
786.159
766.739
745.265
717.755
718.719
745.71
765.953
783.238
796.406
806.375
816.435
806.504
852.023
830.094
834.886
831.18
827.574
823.89
814.746
824.389
789.423
777.289
782.101
772.869
768.975
764.197
760.37
757.392
742.482
780.176
757.918
758.608
755.732
752.61
750.715
743.068
762.706
688.782
713.061
704.801
703.19
701.944
699.907
702.364
682.239
726.314
752.608
734.418
740.064
738.004
735.895
734.478
729.733
749.685
636.413
665.52
661.046
658.926
656.66
651.674
649.497
610.671
715.967
735.659
713.536
710.901
712.767
717.623
715.672
716.627
663.621
450.445
448.789
444.806
447.45
450.781
455.281
466.373
447.112
506.874
499.021
506.324
511.701
515.172
518.889
522.108
555.648
542.51
478.225
512.314
519.844
523.615
524.766
525.31
528.071
546.98
883.411
972.954
984.18
975.9
958.567
935.398
906.199
873.385
865.701
873.495
868.979
870.956
869.121
868
866.948
865.963
865.201
864.628
864.26
903.473
944.195
975.777
1003.32
1026.14
1044.43
1058.82
1069.92
1078.27
1084.4
1088.79
1091.85
1093.94
1095.32
1096.22
1096.77
1097.11
1097.3
1097.4
1097.43
1097.43
1097.4
1097.35
1097.28
1097.2
1097.11
1097
1096.87
1096.71
1096.54
1096.34
1096.11
1095.86
1095.58
1095.27
1094.93
1094.55
1094.13
1093.67
1093.16
1092.6
1091.98
1091.33
1090.62
1089.87
1089.06
1088.19
1087.28
1086.37
1085.45
1084.49
1083.46
1082.37
1081.24
1080.09
1078.92
1077.73
1076.52
1075.29
1074.07
1072.84
1071.64
1070.48
1069.36
1068.31
1067.35
1066.48
1065.73
1065.11
1064.63
1064.3
1064.12
1064.1
1064.21
1064.46
1064.85
1065.38
1066.04
1066.8
1067.64
1068.53
1069.45
1070.34
1071.14
1071.76
1072.07
1071.88
1070.97
1069.03
1065.71
1060.56
1053.09
1042.79
1029.12
1011.49
989.319
962.443
931.612
891.714
776.312
815.312
754.91
1094.85
1091.67
1096.55
1069.81
835.649
772.106
1093.65
1089.96
849.9
1065.71
844.475
669.609
729.561
1069.36
895.728
1069.49
1070.31
1051.9
648.186
1063.13
668.512
748.519
1075.35
862.034
906.82
1003.12
820.342
769.509
728.204
723.851
804.726
1097.11
1096.59
1086.47
1096.94
1096.02
719.88
1084.48
649.065
631.52
640.561
1061.63
1065.57
1062.52
756.259
1082.49
984.159
988.186
911.668
878.624
903.362
796.684
818.057
1080.21
761.039
835.329
751.986
1097.06
630.974
1092.63
764.52
1062.06
941.622
903.172
913.526
930.072
883.944
887.759
744.31
943.761
815.583
830.207
986.051
1028.03
1026.04
1067.89
666.403
626.996
1063.83
661.008
1067.52
815.985
1070.43
848.955
1064.37
1072.83
698.026
758.074
1077.81
1064.74
663.957
634.14
780.408
1061.76
1061.79
655.832
838.953
774.995
826.115
1095.12
831.892
1095.5
827.42
1044.35
1084.25
761.761
1097.15
800.512
1094.49
1092.04
1091.4
814.651
1089.17
749.829
1088.32
1096.84
1097.17
1096.43
727.726
796.502
905.041
908.092
835.596
910.99
890.345
774.519
857.067
1096.35
1092.46
894.964
789.421
1085.54
795.111
1088.38
1057.83
902.837
754.67
823.001
841.974
1095.24
1095.85
760.684
1054.21
946.14
1002.86
850.504
870.933
916.943
870.416
806.456
965.806
975.39
961.168
993.864
1010.4
1025.88
841.365
774.502
940.474
1041.66
1058.74
847.352
1067.63
1070.05
783.018
1066.53
647.277
1063.1
624.272
1068.48
1066.76
836.517
634.163
685.859
1064.66
1070.32
668.876
854.885
651.657
1059.3
1063.87
656.011
1062.08
640.252
1061.62
1069.08
1083.52
722.454
664.897
1074.09
737.631
759.199
1079.01
1081.39
760.424
756.152
1076.59
780.795
778.429
1071.57
677.469
838.373
631.284
775.36
1062.52
853.637
1085.48
720.415
752.483
773.643
1088.62
1093.74
1096
1078.14
1095.19
1096.88
758.548
1094.09
809.581
1095.77
1097.16
828.953
1093.16
1090.7
767.071
821.906
1096.72
1087.44
790.011
728.77
1097.04
1096.24
726.563
837.344
1084.49
905.999
871.481
850.169
910.971
904.164
797.51
903.085
946.597
945.746
922.92
927.359
1091.09
1095.84
1069.53
814.28
1094.3
1002.1
1038.21
792.875
1060.51
1064.9
978.296
925.698
1077.18
829.044
1063.36
1061.34
746.636
739.398
1066.66
1054.73
777.258
829.257
792.875
1081.08
788.157
1078.72
794.667
1056.31
782.941
1076.03
1072.12
1002.85
876.253
945.218
1007.12
946.449
1004.71
878.602
1044.21
1058.92
752.479
766.726
778.664
901.55
796.767
851.846
1094.96
795.502
791.239
1095.67
1096.17
1086.55
946.535
852.431
958.087
830.116
975.089
943.732
866.62
971.765
899.066
887.397
1048.27
1055.46
991.576
983.851
893.183
1059.34
820.917
1055.53
787.36
1065.61
1063.98
751.131
975.591
1054.07
749.22
753.599
1068.02
1056
1056.85
1058.24
813.121
771.197
1054.49
1074.66
1063.96
1062.88
781.537
862.666
751.521
968.052
898.598
1069.39
791.801
902.096
799.989
1083.79
1094.46
808.134
1096.33
1091.9
1090.67
819.877
833.497
1083.36
879.711
1093.47
1089.21
790.37
890.784
1096.29
846.922
862.55
1092.98
1095.47
794.242
1096.03
825.94
1087.49
909.186
945.778
946.539
886.383
830.751
943.58
908.031
1028.42
926.889
837.781
890.637
1094.85
840.312
1087.73
915.81
1032.79
835.86
1081.31
837.671
1032.27
1044.61
1054.95
1050.44
1003.8
950.124
836.638
1053.82
976.088
854.703
1094.32
1092.43
1093.73
915.729
1045.47
868.488
1041.45
829.602
1060.4
897.578
743.81
1054.12
900.856
881.008
1078.62
855.613
975.318
1007.37
1024.66
894.793
991.888
1058.55
984.905
1025.8
894.074
1042.06
1030.9
1060.33
979.463
923.137
1060.1
748.958
739.351
1054.34
1043.6
839.586
1065.5
1065
774.164
778.395
1077.23
787.362
1073.41
1065.31
759.809
1048.96
943.15
987.279
1031.29
1054.93
779.232
1056.83
1062.64
747.048
779.452
794.232
1070.76
742.404
1061.7
841.3
952.361
1057.24
803.932
1055.29
1094.83
1088.09
1095.32
835.978
871.703
1089.97
1075.69
1093.91
811.132
1096.27
1077.78
1096.14
1079.94
830.19
790.638
1093.12
1091.31
816.969
790.856
885.602
1094.65
1082.14
794.574
836.531
1093.31
1089.43
860.962
944.564
976.319
927.117
975.943
974.317
953.144
937.937
1069.13
1057.42
1090.05
1063.55
1048.43
824.137
842.765
1041.47
1023.6
1041.53
1092.45
911.601
1026.23
1036.52
1057.43
910.712
1084.8
879.685
827.821
826.83
1045.04
1093.28
1017.56
836.415
1069.13
1001.78
951.352
919.589
1091.14
1032.64
1046.46
926.601
1061.46
1058.41
838.303
911.255
1082.55
836.397
1074.16
837.438
1094.73
1090.85
1091.98
867.633
1025.6
996.466
1022.91
979.552
1018.89
877.232
1044
923.273
917.215
1031.91
1048.94
925.613
1056.14
925.968
1083.04
919.765
1057.68
1045.83
832.157
1047.53
935.698
846.166
1051.14
1056.24
828.207
1052.49
1066.1
831.723
1061.97
828.735
824.7
1044.33
1041.78
903.314
879.121
1042.78
1042.15
840.715
822.645
1053.5
1051.98
1055.29
971.459
958.8
1026.66
1017.47
827.714
1041.42
859.149
1086.8
837.155
851.75
846.727
1094.53
1088.62
841.82
1094.08
1092.87
857.917
838.829
1073.1
835.445
906.006
879.305
837.099
895.632
1094.77
885.814
1094.55
864.272
1090.18
1080.01
976.354
913.751
975.591
972.238
878.293
975.891
954.23
1045.99
949.545
936.918
880.11
1090.94
1082.48
1069.54
890.358
1024.21
878.982
882.994
1044.14
879.073
924.851
1079.74
1033.01
1006.59
919.538
895.085
928.978
887.5
1040.29
1034.44
896.904
1087.17
879.281
1057.01
881.481
1041.87
990.667
1035.04
954.33
1023.54
1044.4
1031.7
1010.57
1043.45
1027.81
904.689
1089.58
1065.64
915.898
1000.94
1002.57
993.644
920.845
1003.06
1012.57
1058.24
944.462
934.043
1033.15
1055.92
954.491
1053.48
1077.22
1052.92
1048.27
1087.18
1046.79
1057.25
1051.16
1057.22
945.803
1042.35
1038.46
1029.73
1037.37
1034.86
1012.23
1041.4
1036.92
1049.83
1069.88
834.042
1025.06
1059.98
1022.85
841.204
827.2
1047.15
827.405
879.902
1041.72
829.013
823.106
851.544
1042.71
916.122
890.936
881.066
844.345
1092.28
1094.08
879.055
1085.84
907.489
1061.58
1091.46
878.386
1092
849.091
1083.71
928.899
1072.34
836.883
1092.53
1089.85
1092.01
1084.72
903.934
1001.54
962.978
937.532
999.38
900.908
1003.09
882.721
1056.94
1067.4
1088.46
1091.43
1074.76
1023.67
955.778
1076.31
1033.33
976.363
1029.08
1066.63
954.118
914.835
1088.19
942.931
971.073
1085.67
1030.88
1043.55
999.866
1019.62
1003.39
1052.55
1043.87
1045.65
924.702
881.32
1042.04
1051.72
881.252
1033.55
878.744
1071.32
1059.69
878.53
1086.65
919.512
1022.66
1024.83
1084.49
932.022
971.499
940.301
1017.95
1057.55
1012.54
950.759
1039.76
955.14
1036.53
952.291
1046.6
1085.8
1069.71
941.35
1055.21
1040.42
1063.2
1017.85
1059.39
1029.48
899.036
920.649
885.983
1049.05
886.328
1024.08
880.746
1035.6
1043.68
1001.79
1038.56
1023.81
1029.78
999.112
1058.98
880.263
1038.67
884.638
945.958
892.232
889.021
1023.82
1028.32
1019.6
933.445
981.403
963.27
1091.61
1078.2
887.719
918.973
900.512
1083.67
878.901
1081.25
1086.85
893.285
879.55
932.649
880.025
1092.45
1088.7
939.37
1067.71
1058.31
1085.76
878.362
920.212
983.682
924.581
1079.12
1071.43
1051.89
958.42
1074.59
1042.14
1000.87
920.894
919.023
974.562
980.651
1073.72
969.014
1078.22
1067.45
1007.63
970.842
1035.27
954.882
982.018
1003.29
1011.55
930.848
1012.04
994.171
1022.41
935.401
944.744
1018.33
1015.32
928.772
1087.62
1046.42
987.571
1083.8
1000.5
1082.78
976.937
1071.13
1016.62
1014.88
954.875
931.494
937.345
1078.34
1028.8
1018.1
1042.25
966.972
1048.21
1068.36
1031.85
1021.93
1063.13
978.646
1081.91
1031.23
1033.51
1070.26
1070.51
1068.84
972.992
1024.07
1026.66
1021.95
960.715
1090.27
957.357
1092.14
1089.31
1076.75
1055.69
1089.1
1005.68
964.183
976.864
938.201
931.829
1001.02
1044.96
953.807
1001.57
1032.42
890.267
938.716
1024.04
1012.64
1026.04
986.017
972.338
931.325
913.207
946.597
1076.56
1082.82
1041.33
885.111
918.672
880.182
1073.06
918.066
916.469
1086.85
1077.78
1039.39
918.536
950.183
918.754
957.482
1021.03
1023.8
1059.05
917.3
948.019
998.533
1054.16
1039.06
1051.89
1068.82
1056.19
999.935
1066.93
1017.68
1074.73
1018.57
999.992
1076.6
995.43
1008.39
1005.49
1087.76
1078.13
1078.81
1089.27
951.998
974.967
975.929
1080.59
1014.88
1064.89
1020
1077.65
966.842
1009.41
1008.66
1076.35
985.071
1003.05
1023.96
1066.61
974.727
913.111
954.38
974.014
1016.54
955.365
1014.47
971.192
1029.59
1008.05
1026.29
996.607
1028.27
978.716
1080.15
980.213
1032.77
1086.22
1078.81
964.408
1003.07
1083.75
1011.75
940.655
1002.53
1020.53
1022.36
1015.73
1016.86
950.505
932.907
1004.29
1019.59
1033.66
1003.34
1002.41
924.256
989.894
1013.96
936.799
1040.65
1076.26
918.889
935.517
1038.43
927.181
918.581
1073.11
1069.68
922.325
1079.43
973.521
1049.44
953.369
1009.84
979.614
1040.85
973.326
985.135
976.506
1014.51
981.67
1084.94
1074.94
1073.02
1081.79
949.708
947.282
998.383
1069.04
985.512
993.308
954.189
1027.24
976.461
961.851
1027.17
998.83
1058.58
974.212
954.213
958.831
1063.68
1023.77
1012.51
955.351
963.66
1014.64
1061.68
1016.59
991.856
1084.81
965.848
974.357
1003.1
1076.28
1062.08
1019.95
1079.22
919.83
914.574
1056.53
954.607
1071.51
1054.37
1008.88
1003.72
1064.77
998.482
1072.34
1000.88
1001.11
1077.53
1018.06
1080.9
998.071
1082.98
1011.74
1088.77
987.959
984.576
978.745
1084.51
981.743
945.485
983.483
1044.75
999.212
997.075
1048.54
1066.62
1040.26
1010.79
1064.53
989.387
1052.72
983.859
985.487
981.601
1054.2
1046.33
986.869
995.868
1010.34
1030.34
1053.31
1033.27
981.783
996.275
985.656
992.951
992.318
986.583
1040.95
975.803
1008.62
989.777
979.868
988.57
989.101
950.693
1036.66
952.401
1061.05
1084.21
945.113
1064.13
1036
1051.57
948.219
1032.52
956.837
1029.75
980.253
977.952
987.669
1056.44
977.751
1011.34
985.06
956.622
946.232
979.2
