601.578
598.541
492.36
495.667
806.924
800.531
799.147
600.916
598.924
595.612
590.993
585.088
577.921
569.526
559.931
549.192
537.343
524.424
510.574
511.271
525.955
539.907
552.944
565.193
576.345
587.075
595.91
605.635
612.603
619.987
625.972
631.425
636.231
640.05
643.965
646.331
648.805
650.906
652.371
653.646
654.589
655.161
655.875
655.617
656.648
656.022
656.296
656.06
655.86
655.908
655.187
656.033
654.275
655.186
654.513
654.657
654.559
654.427
654.733
654.283
654.907
655.262
655.092
655.494
655.637
655.807
656.353
655.99
657.558
655.884
657.515
657.185
657.792
658.145
658.236
659.215
658.435
660.316
660.151
660.574
660.92
661.206
661.5
661.847
661.765
662.862
660.99
662.481
661.775
661.999
661.862
661.234
661.7
659.384
661.498
658.727
658.444
656.579
654.843
652.886
649.829
647.741
643.205
638.713
634.713
629.122
623.393
616.906
609.153
602.102
591.131
584.956
572.25
562.001
549.295
536.523
522.549
508.284
507.073
520.748
533.562
545.422
556.214
565.86
574.378
581.65
587.683
592.412
595.811
597.859
622.214
644.836
666.214
686.415
705.314
722.948
739.28
754.329
768.11
780.654
792.001
802.2
811.307
819.383
826.494
832.709
838.098
842.731
846.677
850.005
852.777
855.055
856.896
858.36
859.497
860.349
860.952
861.34
861.546
861.599
861.526
861.346
861.078
860.737
860.338
859.89
859.403
858.884
858.342
857.781
857.206
856.623
856.033
855.442
854.853
854.263
853.675
853.105
852.577
852.09
851.626
851.166
850.722
850.31
849.94
849.616
849.34
849.113
848.939
848.819
848.756
848.749
848.798
848.9
849.049
849.238
849.458
849.698
849.942
850.173
850.367
850.496
850.525
850.413
850.12
849.602
848.816
847.705
846.202
844.237
841.735
838.622
834.82
830.25
824.832
818.486
811.135
802.704
793.125
782.334
770.277
756.91
742.197
726.121
708.662
689.857
669.67
648.226
625.464
682.921
670.187
683.509
859.362
800.957
831.392
753.197
651.436
683.275
858.032
854.675
609.16
847.718
649.664
689.953
670.696
828.977
617.488
801.5
847.422
755.818
691.908
848.366
688.7
687.254
848.003
599.268
586.389
685.278
678.459
683.729
683.177
683.719
682.587
853.688
859.575
852.32
856.982
860.22
684.631
851.219
690.818
687.172
682.309
849.199
842.929
848.272
686.135
850.285
568.084
688.766
551.488
613.288
615.006
558.154
568.558
849.377
686.194
628.301
682.562
841.391
691.332
856.975
684.046
848.841
538.897
621.247
538.825
646.952
618.275
621.957
527.072
643.686
572.441
585.709
594.086
725.069
704.22
847.466
689.361
685.708
846.383
677.458
837.328
661.401
817.242
634.826
781.18
847.604
687.533
686.799
848.601
847.907
690.275
691.119
682.85
849.035
849.089
689.846
637.505
682.951
673.926
818.098
657.278
859.968
662.296
721.861
779.463
684.002
845.328
683.36
858.964
856.416
855.844
680.303
854.085
682.803
853.495
858.117
848.648
859.961
683.13
683.68
603.479
575.897
579.98
522.769
624.373
542.103
704.517
841.289
855.249
682.017
708.714
850.609
709.571
852.331
843.735
660.493
717.189
710.733
708.787
855.437
852.879
716.939
845.211
606.217
682.198
590.476
599.188
634.692
699.322
559.037
553.838
665.004
668.495
581.175
707.591
701.119
598.099
543.095
603.868
741.128
738.175
642.581
791.944
823.572
667.014
840.433
679.847
847.488
687.575
833.536
847.569
656.136
684.251
673.404
844.888
809.909
689.603
625.541
689.839
769.154
848.127
690.631
848.792
690.956
849.166
847.417
850.747
683.844
688.963
847.778
688.7
686.427
848.967
849.825
685.343
687.36
848.279
683.997
683.154
847.485
688.295
644.65
690.811
682.868
848.61
620.093
851.751
683.861
683.721
682.703
790.783
810.042
825.192
766.948
859.701
836.768
683.847
858.518
681.566
860.147
851.415
676.518
857.516
855.262
684.376
666.915
858.971
852.909
684.47
682.611
855.525
860.166
683.459
709.576
850.023
595.611
606.985
590.256
564.719
609.974
555.877
618.804
569.387
555.443
640.176
644.351
797.242
827.452
749.901
710.208
856.09
627.223
737.921
708.913
836.537
819.801
665.318
690.759
843.874
706.777
788.409
843.438
716.234
717.605
843.778
844.622
713.328
710.979
710.378
848.292
710.934
847.277
714.293
843.541
711.012
846.11
844.947
677.546
732.996
624.673
704.438
654.914
601.203
618.195
718.717
843.589
716.941
713.786
712.566
668.658
709.229
706.267
855.822
709.877
709.215
853.995
849.61
851.19
595.122
587.114
665.57
575.14
662.049
636.866
604.824
571.676
619.693
630.453
752.538
765.787
636.78
647.611
695.933
839.018
709.253
844.302
715.962
806.241
825.164
717.258
672.911
845.174
717.93
717.541
843.998
844.141
843.923
840.97
711.33
716.572
845.096
845.656
843.5
829.689
711.896
700.649
715.505
679.677
675.756
844.271
708.858
651.914
708.901
775.956
814.249
710.067
844.586
854.855
853.933
710.587
710.162
849.414
696.344
855.848
852.885
708.936
687.484
837.38
707.711
702.081
855.586
854.833
709.646
851.444
710.711
851.765
627.923
616.17
583.107
610.081
573.699
640.987
636.598
645.21
681.611
733.442
728.373
830.743
733.59
848.511
710.031
687.758
733.414
845.571
733.619
732.527
837.155
818.858
830.112
715.073
730.421
741.673
837.15
625.164
734.863
842.808
848.392
846.336
738.316
837.295
742.288
838.388
736.367
836.875
617.32
717.431
845.045
722.872
731.835
844.449
590.61
657.773
614.338
721.858
622.19
586.881
734.973
685.638
696.238
641.225
747.044
658.02
777.726
656.863
697.623
843.491
716.58
717.491
844.852
837.319
741.906
813.519
797.893
713.874
712.966
846.569
711.778
845.305
843.614
715.163
832.59
733.047
719.648
695.787
844.806
715.343
837.625
843.444
715.801
712.152
708.971
844.59
716.979
833.458
703.719
685.815
842.467
713.016
844.379
834.601
787.17
821.294
733.577
733.846
853.422
843.298
856.022
709.828
847.34
763.571
832.791
847.831
710.292
710.717
806.25
854.414
710.398
708.81
692.083
856.032
848.775
710.078
733.442
847.192
849.087
734.857
631.595
644.81
638.83
613.41
586.357
660.961
647.579
744.698
791.929
791.12
834.628
836.955
740.535
742.776
838.247
724.862
663.173
821.685
754.912
828.16
821.404
707.314
764.584
847.17
755.393
737.449
739.087
735.918
807.89
752.72
734.199
840.44
643.171
656.869
637.772
840.004
678.807
836.131
736.889
838.604
837.946
733.441
714.962
846.118
733.402
842.702
733.664
837.856
849.263
848.931
734.479
689.588
602.513
632.006
680.66
716.51
606.814
713.645
661.634
649.699
668.888
760.185
690.087
782.565
671.915
770.402
704.245
800.189
837.063
741.288
834.536
735.165
742.765
836.991
813.575
738.452
837.055
839.672
735.454
838.408
737.842
739.132
837.916
838.15
739.364
741.75
837.526
837.762
742.158
740.133
823.331
827.073
837.353
723.518
727.265
702.958
709.321
736.607
838.516
742.567
848.117
733.364
734.697
734.093
820.961
848.865
733.203
844.828
847.705
734.959
733.381
843.362
734.65
719.032
755.302
733.41
725.961
826.234
730.313
840.565
734.941
849.233
845.02
635.743
628.725
600.86
674.104
604.708
652.101
691.127
774.625
724.842
740.209
755.262
833.18
840.037
836.354
757.139
828.354
755.576
759.359
805.109
754.69
749.968
839.591
825.829
757.517
775.106
763.088
764.87
760.389
828.832
828.2
757.476
838.64
755.953
833.175
758.364
826.728
760.641
831.3
764.557
828.856
829.231
649.02
709.085
706.571
828.255
764.049
838.295
835.224
753.636
630.957
654.144
692.175
634.688
663.634
617.701
729.821
667.179
653.059
739.322
697.947
710.035
772.022
758.284
687.43
675.73
781.332
783.856
715.615
729.914
807.397
730.845
810.272
818.366
745.681
741.146
823.982
755.333
838.439
828.273
836.982
841.572
735.149
828.216
838.286
749.387
742.809
736.992
837.015
740.863
755.37
838.013
738.138
739.596
742.683
837.974
764.957
741.051
758.494
733.639
825.452
814.888
755.398
847.673
755.853
834.119
849.188
754.295
799.982
734.421
846.657
747.183
841.969
733.771
817.343
834.463
828.634
839.949
756.703
699.238
666.208
646.453
617.755
621.616
671.444
755.862
691.977
715.638
782.884
799.364
837.975
828.926
667.372
751.226
765.135
742.453
794.837
755.038
768.703
773.527
814.344
774.255
784.442
821.582
828.378
823.287
699.974
810.89
817.13
771.557
764.284
799.097
764.864
758.938
829.148
831.374
757.695
828.372
754.541
836.879
833.648
755.373
839.526
775.195
660.052
681.078
827.878
779.194
673.964
651.382
633.821
722.65
715.425
679.689
752.508
701.087
663.389
717.828
792.029
773.558
725.171
735.868
723.094
814.683
760.126
813.581
764.371
828.378
763.469
765.052
759.819
774.201
759.837
829.43
758.673
828.185
829.411
816.897
825.841
828.628
826.696
759.115
834.915
756.744
828.585
759.624
764.631
762.642
761.404
829.251
828.856
826.025
764.731
762.032
764.079
831.26
839.16
756.917
774.759
757.272
840.064
755.509
839.971
835.562
757.253
754.946
743.814
755.3
812.284
810.812
775.257
835.844
833.415
839.851
755.349
751.929
683.723
776.273
827.631
829.181
825.212
782.746
828.632
825.546
817.247
774.522
774.321
695.457
717.882
730.518
753.85
771.018
829.055
817.916
791.539
780.039
792.035
785.046
818.08
784.594
778.685
817.616
784.342
818.665
779.099
780.571
817.87
817.577
777.822
817.453
823.938
690.157
764.078
798.77
798.463
804.369
787.822
815.959
819.821
791.702
777.367
776.706
822.272
820.129
815.674
697.585
682.039
678.106
737.664
754.996
729.982
704.365
735.208
763.135
789.034
774.142
741.384
733.529
748.483
748.597
804.039
799.821
807.856
762.064
791.559
765.641
806.379
801.914
776.212
768.095
806.754
817.627
783.497
784.873
779.014
779.181
816.974
776.28
782.121
817.827
828.462
762.09
764.568
829.475
817.365
828.426
784.834
763.12
778.586
772.8
772.847
838.63
820.459
822.97
756.444
774.49
755.001
837.429
774.79
774.179
819.958
828.221
822.759
773.876
770.901
774.959
663.465
647.593
671.161
826.794
774.461
781.325
784.112
825.662
676.013
691.271
718.895
713.55
705.476
728.696
744.439
742.296
754.393
750.211
740.095
764.121
787.668
791.893
781.41
748.606
756.644
796.232
791.413
803.82
787.336
804.813
801.617
828.49
802.199
809.084
791.972
818.135
800.435
815.294
806.157
799.364
802.177
815.574
804.208
772.692
791.177
795.87
810.302
790.704
810.24
795.653
781.78
817.521
784.137
812.498
743.298
707.177
754.011
727.014
782.136
773.136
764.183
758.02
795.686
794.584
818.04
779.503
817.126
818.325
818.303
817.446
817.752
781.688
778.73
784.213
784.899
822.055
818.577
818.358
775.904
784.521
817.465
779.018
778.323
828.505
773.808
777.854
823.025
776.479
774.288
828.975
829.332
775.983
826.585
789.785
824.704
791.681
811.522
805.17
687.411
679.646
694.69
797.259
777.404
781.665
784.446
780.608
784.421
801.949
790.684
789.831
801.505
790.565
805.415
708.496
792.487
801.789
805.151
794.549
812.546
798.69
815.699
795.467
790.827
791.015
815.461
811.834
810.191
790.303
792.753
732.891
705.681
770.662
769.427
777.566
793.549
803.829
818.676
810.52
827.719
810.965
807.216
775.329
773.32
826.187
790.711
817.602
703.097
719.889
809.74
717.989
721.111
731.439
732.182
741.744
743.018
763.01
752.918
757.571
761.738
783.015
789.309
773.891
777.963
784.746
789.971
805.649
789.202
805.933
816.042
808.99
804.249
816.646
792.825
814.991
818.176
800.249
805.827
795.666
803.956
805.863
806.461
816.542
801.513
808.458
798.37
810.642
801.375
803.07
800.936
795.664
806.869
805.044
797.972
805.589
805.025
800.876
795.509
810.499
804.979
795.668
804.96
797.148
791.731
800.708
792.193
815.532
769.96
789.191
795.213
813.994
816.745
790.703
813.303
793.002
812.901
806.405
805.85
805.052
816.135
795.587
810.432
796.232
790.447
789.792
806.273
