930.645
931.578
1020.81
674.008
1098.35
1098.33
1098.33
930.428
929.996
929.148
927.406
923.934
917.255
905.145
884.887
855.156
820.864
799.667
807.779
689.589
701.228
681.567
770.485
914.364
649.336
517.125
561.29
550.947
479.147
679.051
974.019
1028.95
1049.8
1057.16
1059.94
1061
1061.4
1061.56
1061.62
1061.65
1061.66
1061.66
1061.66
1061.67
1061.67
1061.67
1061.66
1061.66
1061.66
1061.66
1061.66
1061.66
1061.66
1061.66
1061.66
1061.66
1061.66
1061.67
1061.66
1061.66
1061.66
1061.66
1061.66
1061.66
1061.66
1061.66
1061.66
1061.67
1061.67
1061.67
1061.67
1061.66
1061.66
1061.66
1061.66
1061.66
1061.66
1061.66
1061.66
1061.66
1061.66
1061.66
1061.67
1061.67
1061.67
1061.67
1061.66
1061.66
1061.66
1061.66
1061.66
1061.66
1061.66
1061.66
1061.66
1061.66
1061.66
1061.66
1061.66
1061.66
1061.66
1061.66
1061.66
1061.66
1061.66
1061.65
1061.63
1061.58
1061.49
1061.3
1060.94
1060.24
1058.97
1056.77
1053.23
1048.06
1041.48
1034.03
1032.29
1034.87
1032.32
1022.31
1001.59
956.528
945.615
939.702
935.714
933.354
932.159
931.663
991.128
1022.54
1049.31
1069.67
1083.1
1091.07
1095.47
1097.76
1098.92
1099.48
1099.74
1099.87
1099.92
1099.95
1099.96
1099.96
1099.97
1099.97
1099.97
1099.97
1099.97
1099.97
1099.97
1099.97
1099.97
1099.97
1099.97
1099.97
1099.97
1099.97
1099.97
1099.97
1099.97
1099.97
1099.97
1099.97
1099.97
1099.97
1099.97
1099.97
1099.97
1099.97
1099.97
1099.97
1099.97
1099.97
1099.97
1099.97
1099.97
1099.97
1099.97
1099.97
1099.97
1099.97
1099.97
1099.97
1099.97
1099.97
1099.97
1099.97
1099.97
1099.97
1099.97
1099.97
1099.97
1099.97
1099.97
1099.97
1099.97
1099.97
1099.97
1099.97
1099.97
1099.97
1099.97
1099.97
1099.97
1099.97
1099.97
1099.97
1099.97
1099.96
1099.96
1099.95
1099.94
1099.92
1099.88
1099.81
1099.66
1099.35
1098.74
1097.51
1095.12
1090.61
1082.5
1068.94
1048.44
1021.59
990.201
1075.49
1073.82
1075.49
1099.96
1099.86
1099.95
1097.76
992.412
1075.49
1099.96
1099.96
683.763
1099.96
1075.45
1075.49
1075.49
1099.94
1074.71
1099.78
1099.96
1097.44
1075.49
1099.96
1075.49
1075.49
1099.96
974.541
1014.09
1069.6
1075.39
1075.49
1075.49
1075.49
1075.48
1099.96
1099.96
1099.96
1099.96
1099.96
1075.49
1099.96
1075.49
1075.49
1075.49
1099.96
1099.96
1099.96
1075.49
1099.96
1066.41
1068.67
1046.86
985.521
992.186
872.783
908.448
1099.96
1075.49
744.377
1075.48
1099.96
1075.49
1099.96
1075.49
1099.96
1053.82
990.92
1048.82
1020.81
987.392
988.491
854.123
1022.26
848.177
774.977
1072.6
1090.5
1083.1
1099.96
1075.49
1075.49
1099.96
1075.49
1099.95
1075.48
1099.91
1075.3
1099.31
1099.96
1075.49
1075.49
1099.96
1099.96
1075.49
1075.49
1075.49
1099.96
1099.96
1075.49
825.299
1075.49
1074.84
1099.94
1046.47
1099.96
1064.28
1091.09
1099.47
1075.49
1099.96
1075.49
1099.96
1099.96
1099.96
1075.45
1099.96
1075.49
1099.96
1099.96
1099.96
1099.96
1075.49
1075.49
998.385
1025.13
939.812
1045.97
989.397
850.753
1082.62
1099.92
1099.92
1061.17
1082.71
1099.92
1082.71
1099.92
1099.92
955.859
1082.71
1082.71
1082.71
1099.92
1099.92
1082.71
1099.92
1039.34
1069.65
873.952
968.64
1016.45
1082.13
870.763
1060.83
1049.06
1047.95
1070.22
1082.34
1083.2
718.875
868.9
1073.96
1095.04
1095.47
1075.4
1099.62
1099.93
1075.48
1099.95
1075.49
1099.96
1075.49
1099.95
1099.96
1075.47
1075.49
1075.49
1099.96
1099.86
1075.49
1075.1
1075.49
1098.68
1099.96
1075.49
1099.96
1075.49
1099.96
1099.96
1099.96
1075.49
1075.49
1099.96
1075.49
1075.49
1099.96
1099.96
1075.49
1075.49
1099.96
1075.48
1075.49
1099.96
1075.49
913.13
1075.49
1075.49
1099.96
694.576
1099.96
1075.49
1075.48
1075.49
1099.73
1099.91
1099.95
1098.91
1099.96
1099.96
1075.49
1099.96
1075.47
1099.96
1099.96
1075.23
1099.96
1099.96
1075.49
1071.19
1099.96
1099.96
1075.49
1075.49
1099.96
1099.96
1075.49
1082.71
1099.92
1004.25
981.836
961.454
1038.88
994.574
872.637
991.152
1057.5
1057.55
1018.65
1020.03
1099.82
1099.92
1097.77
1082.7
1099.92
1080.97
1094.73
1082.71
1099.92
1099.88
1082.61
1082.71
1099.83
1082.71
1099.5
1099.92
1082.71
1082.71
1099.92
1099.92
1082.7
1082.72
1082.7
1099.92
1082.71
1099.92
1082.7
1099.92
1082.71
1099.92
1099.92
1070.11
1088.71
1028.53
1081.79
1043.1
1076.62
848.233
1091.17
1099.92
1082.71
1082.7
1082.71
1001.5
1082.7
1082.68
1099.92
1082.7
1082.71
1099.92
1099.92
1099.92
1046.89
935.592
1047.06
879.804
1049.07
1023.26
860.216
1065.65
1004.87
851.268
1097.2
1098.49
1081.83
1082.28
1082.71
1099.92
1082.71
1099.92
1082.7
1099.79
1099.9
1082.71
1082.67
1099.92
1082.71
1082.71
1099.92
1099.92
1099.92
1099.92
1082.71
1082.71
1099.92
1099.92
1099.92
1099.91
1082.71
1082.71
1082.71
1082.69
1037.65
1099.92
1082.71
909.402
1082.69
1099.44
1099.9
1082.69
1099.92
1099.92
1099.92
1082.71
1082.72
1099.92
1081.27
1099.92
1099.92
1082.71
1073.93
1099.92
1082.7
1082.48
1099.92
1099.92
1082.71
1099.92
1082.71
1099.92
1012.49
1033.2
1053.52
991.203
896.697
1022.4
949.26
1086.64
1025.47
1088.71
1088.64
1099.83
1088.62
1099.83
1082.72
1088.6
1088.72
1099.83
1088.69
1094.02
1099.83
1099.79
1099.83
1088.72
1088.71
1088.72
1099.83
1060.06
1088.72
1099.83
1099.83
1099.83
1088.66
1099.83
1088.72
1099.83
1088.73
1099.79
994.491
1082.71
1099.92
1088.23
1088.7
1099.83
915.97
1049.83
1079.36
1090.09
939.433
1072.15
1095.52
1067.88
1083.51
871.843
1096.63
1087.68
1099.15
1082.5
1064.49
1099.92
1082.71
1082.71
1099.92
1099.83
1088.73
1099.85
1099.69
1082.7
1082.71
1099.92
1082.71
1099.92
1099.92
1082.7
1099.83
1088.71
1088.72
1088.66
1099.92
1082.7
1099.83
1099.92
1082.71
1082.71
1082.71
1099.92
1082.71
1099.91
1082.71
1082.7
1099.92
1082.7
1099.92
1099.83
1099.7
1099.91
1088.72
1088.72
1099.92
1099.83
1099.92
1082.69
1099.92
1098.9
1099.92
1099.92
1082.72
1082.71
1099.87
1099.92
1082.71
1082.71
1079.14
1099.92
1099.92
1082.7
1088.71
1099.83
1099.83
1088.74
1025.39
1053.63
1031.24
1063.98
1067.69
1045.53
1038.96
1097.79
1099.47
1099.74
1099.65
1099.83
1088.71
1088.7
1099.83
1092.46
1090.74
1099.65
1093.2
1099.66
1099.65
1093.07
1093.23
1099.83
1093.23
1088.71
1088.65
1093.22
1099.81
1093.17
1088.65
1099.81
1075.39
1052.26
997.227
1099.72
1088.48
1099.83
1088.67
1099.83
1099.83
1088.69
1086.09
1099.83
1088.72
1099.83
1088.66
1099.83
1099.83
1099.83
1088.73
1083.97
1075.8
1084.68
1066.44
1089.16
929.79
1091.34
979.864
962.095
1088.22
1098.03
1047.31
1099.23
1001.72
1099.38
1076.04
1099.62
1099.83
1088.71
1099.83
1088.69
1088.69
1099.83
1099.76
1088.64
1099.83
1099.82
1088.73
1099.82
1088.7
1088.67
1099.83
1099.83
1088.66
1088.71
1099.83
1099.83
1088.72
1088.7
1099.81
1099.82
1099.83
1088.71
1088.7
1088.68
1088.7
1088.72
1099.83
1088.71
1099.83
1088.7
1088.72
1088.67
1099.83
1099.83
1088.59
1099.83
1099.83
1088.73
1088.64
1099.86
1088.68
1087.57
1093.21
1088.72
1088.51
1099.83
1088.68
1099.83
1088.75
1099.83
1099.83
1056.51
1017.46
1066.99
1064.04
959.866
1051.41
1049.85
1098.65
1086.11
1092.32
1093.2
1099.64
1099.66
1099.65
1093.22
1099.65
1093.13
1093.18
1099.53
1093.05
1093.14
1099.66
1099.66
1093.13
1096.16
1093.17
1093.17
1093.05
1099.65
1099.66
1093.28
1099.64
1093.05
1099.67
1093.29
1099.54
1093.08
1099.72
1093.21
1099.64
1099.64
1088.37
1087.26
1091.5
1099.66
1093.2
1099.67
1099.65
1093.19
1076.9
1073.78
1078.38
1016.3
1072.34
1081.3
1095.6
1024.83
1011.53
1095.4
1092.95
1072.29
1098.8
1098.87
1092.64
1091.99
1099.62
1099.03
1093.1
1093.19
1099.71
1089.56
1099.58
1099.64
1093.2
1093.21
1099.66
1093.14
1099.83
1099.65
1099.83
1099.84
1088.72
1099.65
1099.83
1093.17
1088.71
1088.71
1099.83
1088.7
1093.24
1099.83
1088.67
1088.69
1088.69
1099.83
1093.24
1088.68
1093.27
1088.61
1099.65
1099.82
1093.18
1099.83
1093.21
1099.65
1099.83
1092.95
1099.79
1088.69
1099.83
1093.01
1099.83
1088.62
1099.65
1099.62
1099.65
1099.66
1093.26
1080.6
1059.9
1038.97
1077.3
980.436
1071.08
1093.08
1094.72
1095.83
1099.57
1099.64
1099.66
1099.65
1047.26
1098.77
1097.57
1092.16
1099.09
1096.13
1096.02
1095.92
1099.31
1096.12
1096.15
1099.29
1099.67
1099.31
1083.66
1099.31
1099.32
1096.03
1098.07
1099.43
1093.19
1093.19
1099.65
1099.66
1093.24
1099.67
1092.92
1099.65
1099.66
1093.05
1099.65
1096.17
1085.36
1084.39
1099.39
1096.36
1067.37
1033.62
1084.2
1095.63
1089.45
1037.23
1097.09
1061.76
1090.42
1080.42
1099.28
1099.47
1095.93
1091.41
1093.13
1099.62
1096.11
1099.34
1096.06
1099.67
1093.16
1093.22
1093.11
1096
1093.03
1099.65
1093.22
1099.66
1099.65
1099.3
1099.54
1099.65
1099.64
1093.08
1099.72
1093.13
1099.65
1093.15
1093.16
1093.16
1093.11
1099.65
1099.66
1099.58
1093.14
1093.11
1093.22
1099.65
1099.66
1093.2
1096.1
1093.3
1099.66
1093.15
1099.67
1099.59
1093.23
1093.13
1092.75
1093.22
1099.65
1099.32
1096.12
1099.65
1099.67
1099.65
1093
1093.16
1074.45
1096.1
1099.31
1099.35
1099.32
1096.03
1099.32
1099.47
1099.3
1095.9
1095.99
1066.4
1080.14
1097.51
1094.93
1097.81
1099.36
1099.36
1097.89
1096
1097.89
1096.14
1099.3
1096.11
1096.16
1099.34
1096
1099.31
1096.03
1095.98
1099.31
1099.32
1096.23
1099.31
1099.31
1077.56
1099.16
1098.73
1098.74
1098.71
1097.72
1099.37
1099.41
1097.85
1096.24
1096.22
1099.15
1099.31
1099.17
1091.52
1057.68
1093.21
1097.74
1096.65
1093.03
1095.46
1089.32
1099.25
1098.93
1098.21
1096
1095.95
1096.05
1093.92
1099.25
1099.2
1099.29
1095.72
1099.61
1095.9
1099.65
1099.33
1097.79
1096.03
1099.33
1099.34
1096.08
1096.16
1095.9
1096.28
1099.3
1095.96
1096.01
1099.31
1099.67
1093.14
1093.12
1099.66
1099.33
1099.64
1096.08
1093.18
1096.09
1095.8
1096.1
1099.66
1099.18
1099.32
1093.15
1096.06
1092.97
1099.66
1096.11
1096.02
1099.31
1099.32
1099.33
1095.9
1096.05
1096.14
1055.24
1085.38
1084.87
1099.33
1095.94
1096.02
1095.98
1099.32
1091.24
1094.52
1097.12
1095.49
1084.28
1097.54
1094.07
1098.53
1095.62
1094.1
1097.62
1096.53
1098.51
1098.62
1099.28
1097.65
1097.7
1099.33
1097.83
1098.67
1097.78
1098.72
1097.85
1099.36
1097.87
1098.72
1097.83
1099.37
1097.79
1098.88
1098.84
1097.73
1097.85
1098.76
1098.67
1095.77
1097.8
1097.89
1098.7
1097.71
1098.73
1097.98
1096.04
1099.31
1096.23
1099.09
1095.26
1073.64
1098.97
1085.26
1098.64
1099.24
1097.76
1095.42
1098.69
1098.76
1099.36
1095.9
1099.26
1099.31
1099.28
1099.38
1099.32
1096.01
1096.05
1096.02
1096.22
1099.37
1099.32
1099.32
1096.03
1096.03
1099.32
1095.96
1095.98
1099.32
1095.85
1096.33
1099.36
1096.12
1096.01
1099.34
1099.36
1096.08
1099.28
1097.85
1099.32
1097.86
1098.94
1098.77
1091.5
1066.87
1075.02
1098.04
1098.04
1097.65
1098.77
1097.76
1097.74
1098.73
1097.76
1097.67
1098.77
1097.7
1098.79
1080.97
1097.77
1097.8
1098.71
1097.94
1098.74
1097.71
1098.73
1097.82
1097.76
1097.66
1098.74
1098.73
1098.76
1097.65
1097.77
1091.89
1096.25
1097.52
1097.06
1098.74
1097.9
1098.66
1099.33
1098.71
1099.34
1098.71
1098.72
1096.02
1095.82
1099.32
1097.73
1098.9
1095.18
1088.8
1098.9
1097.1
1085.66
1098.03
1089.26
1092.01
1098.45
1096.73
1098.61
1095.56
1098.67
1098.35
1099.32
1097.35
1097.53
1097.73
1098.77
1098.8
1097.59
1098.82
1098.81
1099.01
1098.83
1098.82
1097.69
1098.78
1099.37
1098.01
1098.78
1097.48
1098.64
1098.82
1098.75
1098.79
1097.81
1098.86
1097.72
1098.85
1097.75
1097.98
1097.71
1097.66
1098.76
1098.76
1097.73
1098.71
1098.74
1097.73
1097.78
1098.86
1098.69
1097.71
1098.71
1097.7
1097.74
1097.7
1097.76
1098.73
1098.71
1097.57
1097.72
1098.74
1098.81
1097.67
1098.73
1097.81
1098.73
1098.75
1098.74
1098.73
1098.76
1097.74
1098.8
1097.67
1097.64
1097.61
1098.75
