589.74
586.853
485.139
487.951
794.217
789.301
786.847
589.103
587.187
584.001
579.56
573.882
566.991
558.921
549.699
539.375
527.99
515.575
502.264
502.945
517.102
530.58
543.212
555.109
566.009
576.463
585.274
594.671
601.754
609.06
615.122
620.651
625.553
629.558
633.539
636.2
638.853
641.112
642.791
644.245
645.371
646.138
646.971
646.975
647.959
647.596
647.925
647.816
647.715
647.8
647.247
647.948
646.574
647.313
646.773
646.896
646.819
646.719
646.971
646.628
647.12
647.409
647.3
647.646
647.793
647.961
648.442
648.186
649.488
648.233
649.587
649.371
649.915
650.252
650.38
651.221
650.659
652.184
652.089
652.486
652.801
653.072
653.333
653.637
653.576
654.457
652.993
654.14
653.519
653.619
653.404
652.76
652.962
650.898
652.262
649.741
649.15
647.224
645.342
643.204
640.116
637.696
633.299
628.825
624.6
619.021
613.212
606.703
599.056
591.868
581.439
574.624
562.587
552.392
540.111
527.691
514.186
500.382
499.343
512.43
524.786
536.125
546.463
555.694
563.825
570.767
576.517
581.02
584.256
586.204
609.634
631.431
652.092
671.655
690.018
707.204
723.179
737.957
751.547
763.975
775.273
785.484
794.654
802.838
810.093
816.481
822.065
826.908
831.073
834.623
837.616
840.11
842.161
843.823
845.147
846.172
846.935
847.47
847.809
847.982
848.016
847.933
847.751
847.487
847.156
846.77
846.339
845.871
845.375
844.857
844.322
843.776
843.223
842.667
842.112
841.557
841.003
840.466
839.97
839.516
839.083
838.655
838.242
837.86
837.519
837.221
836.968
836.761
836.602
836.493
836.434
836.424
836.46
836.54
836.655
836.798
836.958
837.121
837.273
837.393
837.457
837.437
837.297
836.997
836.495
835.752
834.723
833.354
831.582
829.341
826.56
823.17
819.1
814.277
808.629
802.085
794.574
786.032
776.397
765.615
753.64
740.434
725.968
710.23
693.206
674.928
655.376
634.651
612.722
674.472
659.147
674.873
846.153
784.293
815.216
736.876
639.811
674.789
845.008
841.903
597.797
835.358
638.454
681.223
659.912
813.043
606.31
784.867
835.134
739.381
682.763
835.823
680.08
678.642
835.666
587.531
575.466
670.568
667.922
674.588
674.799
675.332
672.64
838.791
845.602
839.685
842.491
846.644
676.171
838.649
681.434
677.81
672.225
836.005
828.069
834.457
677.444
837.778
558.403
673.877
542.088
601.013
602.768
548.132
558.008
836.932
677.592
616.773
674.158
825.617
682.198
844.047
675.107
836.095
530.115
608.712
529.769
633.424
605.808
609.349
518.151
630.332
561.968
574.861
583.695
709.216
688.973
835.162
680.703
675.92
832.068
667.044
821.914
650.356
800.881
623.624
764.501
835.302
679.017
678.174
836.214
835.501
681.524
681.919
674.389
836.159
835.707
680.412
625.795
674.515
662.954
801.606
645.74
846.596
650.888
706.167
762.836
675.169
829.773
673.602
845.823
843.531
842.998
669.947
841.348
674.437
840.792
843.812
833.314
846.134
674.781
674.121
591.783
565.433
568.99
514.575
611.672
532.578
693.228
825.88
842.16
669.597
699.818
837.95
700.542
839.56
831.476
647.94
707.714
701.092
698.154
841.594
838.524
707.047
832.12
594.581
667.629
579.3
587.489
621.629
687.615
548.888
544.573
650.935
654.244
571.129
692.173
686.015
586.943
533.576
593.474
724.937
722.124
631.352
775.256
807.409
655.944
825.295
669.627
833.43
677.867
817.854
835.242
644.961
674.318
662.993
830.305
793.389
680.929
614.457
681.119
752.556
835.66
680.882
835.203
681.671
836.141
835.125
838.208
675.538
680.34
835.46
679.896
677.818
836.552
837.349
676.813
678.702
835.918
675.342
674.672
835.193
679.725
632.989
681.798
674.435
835.975
608.463
839.149
675.469
675.108
674.31
774.107
793.442
808.843
750.437
846.415
820.786
675.114
845.438
671.424
846.679
836.302
665.734
844.542
842.454
675.276
655.624
844.839
840.24
675.006
674.319
840.836
846.471
675.082
699.143
837.398
584.272
594.952
578.867
554.695
597.975
545.826
606.385
559.356
545.826
626.905
630.922
780.733
811.427
733.73
700.883
842.641
615.602
721.845
699.955
821.511
803.755
653.514
679.245
831.4
695.618
771.84
831.248
706.85
708.052
831.564
832.088
704.188
701.017
701.294
835.767
701.819
834.813
703.747
829.59
702.006
833.713
832.638
663.193
721.726
612.21
689.134
641.172
590.206
606.28
703.166
831.364
707.494
704.664
703.464
656.1
700.21
695.206
842.124
700.825
700.233
839.823
834.853
838.496
583.964
575.878
651.428
564.451
648.116
623.832
593.247
561.522
607.204
618.285
736.217
749.307
625.255
635.926
684.419
824.27
698.249
830.592
705.512
789.839
809.346
707.472
661.121
832.252
708.35
707.995
831.765
831.775
831.617
826.498
700.484
706.582
831.816
833.291
831.311
814.122
702.824
689.132
706.15
667.93
663.244
832.015
699.916
639.364
699.889
759.483
797.911
700.84
829.396
841.833
841.027
701.063
699.925
836.824
684.364
842.599
840.073
700.001
675.195
821.755
696.867
690.604
842.422
840.832
700.588
836.893
700.937
839.033
615.119
604.091
572.441
597.961
562.989
627.758
624.01
633.071
668.396
723.863
716.42
815.361
723.91
835.618
697.096
675.031
723.861
832.989
724.105
716.643
825.062
803.234
815.275
702.604
718.694
731.7
825.107
612.906
724.696
828.288
834.768
832.202
727.258
823.517
731.639
825.47
726.653
824.719
605.012
707.734
832.271
710.48
720.34
831.941
579.332
644.042
603.004
706.119
609.964
576.27
719.069
670.863
681.358
628.904
730.917
645.564
761.166
645.083
684.458
831.288
707.165
707.865
832.207
825.179
731.899
797.276
781.38
704.713
703.847
834.141
702.599
832.968
831.415
705.849
818.03
721.49
707.381
683.074
831.319
705.275
825.542
831.258
706.449
703.06
699.985
832.309
707.541
818.157
692.4
674.146
828.262
702.333
831.937
819.432
770.649
805.098
724.014
722.79
840.564
830.858
842.679
700.583
832.37
747.211
816.959
835.336
700.252
701.621
789.805
841.453
700.979
699.877
679.957
842.465
836.219
701.01
723.916
833.238
836.038
724.397
618.812
631.681
625.7
601.655
575.772
646.992
634.116
728.766
775.614
774.866
822.406
824.929
730.668
732.483
825.769
709.246
650.289
806.631
743.058
816.292
806.829
693.968
753.978
834.456
745.375
727.681
729.232
722.839
791.804
740.246
724.643
828.129
630.353
643.167
624.951
826.088
666.11
822.108
725.668
826.443
825.838
723.841
702.2
833.496
723.848
830.295
724.138
822.902
836.019
835.446
723.62
675.012
591.438
620.172
666.068
700.963
595.021
698.327
648.566
636.829
656.268
743.9
676.869
766.194
658.771
754.176
691.178
783.984
825.002
731.355
820.253
723.778
732.405
824.967
797.724
728.623
825.024
827.423
725.838
826.234
728.054
729.33
824.367
825.038
728.44
730.976
825.326
825.487
732.072
730.296
807.955
811.963
825.292
711.47
715.378
690.299
696.743
726.873
825.764
732.025
835.289
723.87
724.659
724.266
805.185
835.898
723.542
830.511
833.926
724.652
723.745
830.988
725.072
706.471
745.283
723.846
713.771
810.647
718.591
825.829
724.27
836.092
832.476
623.018
615.98
589.607
659.754
592.882
638.636
677.253
758.524
711.066
726.961
745.217
818.986
827.251
824.027
746.397
816.382
745.498
749.117
789.528
744.606
737.401
826.953
811.792
745.41
764.599
752.609
754.087
750.076
816.96
816.394
746.412
825.317
745.834
821.052
748.16
814.821
748.874
817.687
753.385
816.183
817.298
636.428
693.802
691.57
816.416
753.494
824.589
822.968
741.547
618.659
640.845
677.316
621.829
649.918
606.212
714.154
653.671
639.852
723.461
684.633
696.103
755.658
742.165
674.205
662.649
765.062
767.812
702.289
716.728
791.35
717.212
794.916
803.52
732.861
728.187
809.677
743.046
825.834
816.444
824.96
829.256
725.555
816.304
826.152
736.736
732.583
727.245
824.976
730.968
745.347
825.645
728.334
729.795
732.239
824.649
754.302
730.164
748.297
723.906
810.606
798.942
745.358
834.905
744.222
821.927
835.83
744.172
783.792
724.497
833.991
734.39
829.598
724.236
802.086
820.547
814
826.981
745.279
684.121
652.154
633.145
605.985
609.252
657.374
745.482
678.247
701.636
766.973
783.616
825.519
816.786
653.632
735.423
749.364
728.147
779.589
741.297
755.606
762.977
799.888
761.888
773.359
807.754
816.568
811.368
685.017
796.626
805.534
758.534
748.186
783.32
754.14
748.718
817.251
819.332
747.51
816.567
744.34
824.514
821.485
745.291
826.325
764.683
646.766
666.877
814.405
768.499
659.777
638.049
621.604
707.302
700.137
665.967
736.488
687.153
650.231
703.956
776.095
757.621
711.15
722.416
709.825
799.575
746.544
799.573
750.967
816.556
752.957
754.36
749.548
761.374
749.556
816.912
748.47
816.371
817.49
805.263
813.98
816.581
812.981
747.184
822.766
746.594
816.735
749.366
753.578
752.192
751.031
817.002
815.541
813.196
753.873
750.428
752.78
816.84
826.588
746.309
764.261
746.036
827.191
745.444
827.261
822.145
746.36
744.886
730.796
745.269
796.838
796.148
763.123
823.552
821.274
826.772
745.257
739.603
669.174
765.087
814.647
816.704
813.187
771.774
815.991
813.632
805.48
763.982
763.821
681.178
703.406
715.944
739.881
756.723
816.715
806.354
778.728
767.741
781.126
773.843
805.692
772.844
767.969
806.075
772.935
807.006
768.337
769.729
806.262
806.007
767.176
803.203
811.985
675.558
748.538
784.846
784.232
793.085
774.273
802.192
806.528
780.803
765.825
764.77
809.156
808.383
804.061
682.972
667.985
664.626
722.046
739.224
714.446
690.465
720.8
747.227
773.591
758.431
727.448
719.54
734.632
734.441
789.262
784.798
793.329
748.526
775.71
752.32
790.765
786.859
762.08
754.882
791.886
806.05
772.476
773.731
768.232
768.468
805.283
763.643
771.191
805.964
816.655
751.672
753.622
817.099
805.823
815.281
773.572
751.681
767.859
762.229
760.238
826.117
806.9
811.075
745.958
763.997
744.719
825.02
764.264
763.645
805.915
815.358
810.885
763.377
758.05
764.444
649.674
634.832
657.39
814.647
763.659
770.452
772.616
813.603
662.326
677.249
704.421
698.59
690.548
713.46
729.037
726.871
738.995
735.305
725.513
749.474
773.023
777.483
765.971
734.062
742.157
781.01
780.497
792.506
774.036
790.991
790.076
816.217
790.595
795.646
779.42
806.58
788.966
802.101
794.904
787.955
790.516
802.951
792.758
762.074
780.287
784.731
798.727
779.8
798.681
784.559
769.625
804.521
772.092
799.842
727.6
692.767
738.489
712.547
766.535
757.628
749.777
744.27
781.513
780.151
806.493
768.699
804.625
806.69
806.643
803.86
806.163
770.789
767.988
772.603
772.995
810.248
806.34
806.384
765.318
773.192
805.91
768.247
765.861
815.759
763.298
766.103
811.158
765.135
763.797
816.42
816.923
764.936
813.524
776.727
812.713
780.774
799.999
793.899
673.233
665.444
680.166
786.098
762.338
767.888
769.668
766.662
770.672
787.921
779.762
778.896
787.825
777.216
794.178
693.738
780.9
790.071
793.598
782.569
800.858
787.326
803.431
784.325
779.94
780.064
802.976
800.185
798.647
779.397
781.746
717.561
691.394
755.441
754.975
762.67
781.186
792.458
806.577
797.207
815.512
799.357
793.591
764.411
762.624
814.088
779.818
804.783
688.578
704.716
798.293
703.199
706.201
716.463
717.205
726.774
727.949
747.675
737.835
742.774
746.689
768.142
773.96
759.661
763.959
771.205
775.352
794.388
778.24
794.679
804.111
795.768
790.805
804.648
779.669
803.129
806.625
787.367
792.989
783.105
791.331
794.618
794.369
804.42
789.293
796.144
787.037
799.115
789.591
790.657
789.078
784.465
795.508
793.808
786.669
794.276
793.779
788.806
784.353
798.99
793.695
784.483
793.691
785.883
780.409
788.758
780.748
803.164
754.973
778.175
782.227
802.193
804.687
779.502
801.55
781.244
801.183
794.475
794.184
793.794
803.946
784.417
798.895
785.004
779.525
778.694
794.482
