981.896
981.965
1049.38
501.954
1099.94
1099.93
1099.94
981.764
981.703
981.685
981.647
981.586
981.423
981.033
979.982
977.055
968.487
942.37
855.423
701.515
1000
1048.13
1065.56
1071.18
1073.16
1073.87
1074.12
1074.22
1074.25
1074.26
1074.27
1074.27
1074.27
1074.27
1074.27
1074.27
1074.27
1074.27
1074.27
1074.27
1074.27
1074.27
1074.27
1074.27
1074.27
1074.27
1074.27
1074.27
1074.27
1074.27
1074.27
1074.27
1074.27
1074.27
1074.27
1074.27
1074.27
1074.27
1074.27
1074.27
1074.27
1074.27
1074.27
1074.27
1074.27
1074.27
1074.27
1074.27
1074.27
1074.27
1074.27
1074.27
1074.27
1074.27
1074.27
1074.27
1074.27
1074.27
1074.27
1074.27
1074.27
1074.27
1074.27
1074.27
1074.27
1074.27
1074.27
1074.27
1074.27
1074.27
1074.27
1074.27
1074.27
1074.27
1074.27
1074.27
1074.27
1074.27
1074.27
1074.27
1074.27
1074.27
1074.27
1074.27
1074.27
1074.27
1074.27
1074.27
1074.27
1074.26
1074.25
1074.23
1074.17
1074.02
1073.66
1072.76
1070.47
1064.6
1064.14
1069.61
1070.67
1067.73
1053.22
999.845
986.466
983.233
982.197
981.842
981.797
981.87
1054.37
1082.35
1093.18
1097.37
1098.98
1099.61
1099.85
1099.94
1099.98
1099.99
1100
1100
1100
1100
1100
1100
1100
1100
1100
1100
1100
1100
1100
1100
1100
1100
1100
1100
1100
1100
1100
1100
1100
1100
1100
1100
1100
1100
1100
1100
1100
1100
1100
1100
1100
1100
1100
1100
1100
1100
1100
1100
1100
1100
1100
1100
1100
1100
1100
1100
1100
1100
1100
1100
1100
1100
1100
1100
1100
1100
1100
1100
1100
1100
1100
1100
1100
1100
1100
1100
1100
1100
1100
1100
1100
1100
1100
1100
1100
1099.99
1099.98
1099.94
1099.85
1099.6
1098.98
1097.35
1093.15
1082.34
1054.39
1090.06
1090.06
1090.06
1100
1100
1100
1099.94
1090.05
1090.06
1100
1100
1089.63
1100
1090.06
1090.06
1090.06
1100
1090.03
1100
1100
1099.94
1090.06
1100
1090.06
1090.05
1100
1052.67
1065.91
1097.35
1090.06
1090.06
1090.06
1090.06
1090.06
1100
1100
1100
1100
1100
1090.06
1100
1090.06
1090.06
1090.06
1100
1100
1100
1090.06
1100
1089.32
1097.33
1086.34
1052.77
1053.32
1066.36
1048.18
1100
1090.06
1090
1090.05
1100
1090.06
1100
1090.06
1100
1085.85
1053.91
1085.22
1081.93
1052.74
1052.98
940.17
1082.09
1081.48
1086.97
1089.91
1099.6
1098.98
1100
1090.06
1090.05
1100
1090.06
1100
1090.06
1100
1090.05
1099.99
1100
1090.06
1090.06
1100
1100
1090.06
1090.06
1090.06
1100
1100
1090.06
1090.03
1090.06
1090.06
1100
1090.06
1100
1090.06
1099.61
1099.99
1090.06
1100
1090.06
1100
1100
1100
1090.06
1100
1090.06
1100
1100
1100
1100
1090.06
1090.06
1054.62
1075.2
1051.1
1079.7
1053.58
1015
1096.16
1100
1100
1096.15
1096.16
1100
1096.15
1100
1100
1096.14
1096.16
1096.16
1096.16
1100
1100
1096.16
1100
1086.64
1097.33
1089.06
1079.72
1081.29
1096.15
1054.42
1088.31
1093.08
1093.06
1089.73
1098.97
1098.98
1088.91
1015.25
1089.99
1099.85
1099.85
1090.05
1100
1100
1090.06
1100
1090.06
1100
1090.06
1100
1100
1090.06
1090.06
1090.06
1100
1100
1090.06
1090.05
1090.06
1099.98
1100
1090.06
1100
1090.06
1100
1100
1100
1090.06
1090.06
1100
1090.06
1090.06
1100
1100
1090.06
1090.06
1100
1090.05
1090.06
1100
1090.06
1090.05
1090.06
1090.06
1100
1089.9
1100
1090.06
1090.05
1090.06
1100
1100
1100
1099.98
1100
1100
1090.06
1100
1090.06
1100
1100
1090.06
1100
1100
1090.06
1090.06
1100
1100
1090.06
1090.06
1100
1100
1090.05
1096.16
1100
1057.52
1052.86
1052.22
1083.86
1053.73
1039.84
1053.5
1093.08
1091.56
1081.43
1081.7
1100
1100
1099.94
1096.15
1100
1096.08
1099.84
1096.16
1100
1100
1096.15
1096.16
1100
1096.16
1100
1100
1096.16
1096.16
1100
1100
1096.15
1096.16
1096.15
1100
1096.16
1100
1096.15
1100
1096.16
1100
1100
1097.35
1098.51
1082.79
1098.95
1092.61
1095.77
1095.13
1099.61
1100
1096.16
1096.15
1096.16
1096.15
1096.15
1096.16
1100
1096.15
1096.16
1100
1100
1100
1089.75
1077.32
1092.92
1077.32
1092.99
1081.81
1093.44
1094.19
1081.08
1095.77
1099.94
1099.98
1096.12
1096.14
1096.16
1100
1096.16
1100
1096.15
1100
1100
1096.16
1096.16
1100
1096.16
1096.16
1100
1100
1100
1100
1096.15
1096.16
1100
1100
1100
1100
1096.16
1096.16
1096.15
1096.16
1096.15
1100
1096.16
1096.1
1096.14
1099.99
1100
1096.14
1100
1100
1100
1096.16
1096.16
1100
1096.15
1100
1100
1096.16
1096.15
1100
1096.16
1096.16
1100
1100
1096.16
1100
1096.16
1100
1081.25
1084.28
1092.14
1080.68
1070.92
1081.88
1097.65
1098.43
1098.49
1098.51
1098.51
1100
1098.48
1100
1098.51
1098.51
1098.51
1100
1098.5
1099.84
1100
1100
1100
1098.51
1098.51
1098.51
1100
1094.81
1098.51
1100
1100
1100
1098.49
1100
1098.51
1100
1098.52
1100
1091.4
1096.15
1100
1098.5
1098.51
1100
1085.77
1093.03
1095.97
1099.6
1096.33
1095.29
1099.85
1097.27
1099
1096.01
1099.94
1098.48
1099.99
1096.15
1098.5
1100
1096.16
1096.15
1100
1100
1098.51
1100
1100
1096.15
1096.15
1100
1096.16
1100
1100
1096.15
1100
1098.51
1098.51
1098.51
1100
1096.15
1100
1100
1096.16
1096.16
1096.15
1100
1096.16
1100
1096.16
1096.16
1100
1096.15
1100
1100
1100
1100
1098.51
1098.51
1100
1100
1100
1096.14
1100
1099.98
1100
1100
1096.16
1096.15
1100
1100
1096.15
1096.16
1096.15
1100
1100
1096.15
1098.51
1100
1100
1098.52
1082.17
1093.56
1092.4
1095.7
1096.13
1092.75
1092.53
1099.94
1100
1100
1099.99
1100
1098.51
1098.51
1100
1099.83
1099.33
1099.99
1099.42
1099.99
1099.99
1099.41
1099.42
1100
1099.42
1098.51
1098.49
1099.42
1100
1099.41
1098.49
1100
1097.95
1096.92
1097.67
1099.99
1098.51
1100
1098.5
1100
1100
1098.5
1098.5
1100
1098.51
1100
1098.49
1100
1100
1100
1098.52
1099.03
1097.48
1098.31
1097.19
1099.58
1093.02
1099.62
1098.38
1098.18
1098.5
1099.97
1098.5
1099.99
1098.46
1099.99
1098.5
1100
1100
1098.51
1100
1098.5
1098.5
1100
1100
1098.49
1100
1100
1098.52
1100
1098.51
1098.5
1100
1100
1098.49
1098.51
1100
1100
1098.51
1098.51
1100
1100
1100
1098.51
1098.51
1098.51
1098.51
1098.51
1100
1098.51
1100
1098.51
1098.51
1098.5
1100
1100
1098.47
1100
1100
1098.52
1098.49
1100
1098.5
1098.5
1099.42
1098.51
1098.51
1100
1098.51
1100
1098.52
1100
1100
1094.07
1092.1
1096.34
1097.1
1089.73
1093.22
1099.37
1099.99
1099.41
1099.4
1099.42
1099.99
1099.99
1099.99
1099.42
1099.99
1099.41
1099.41
1099.99
1099.39
1099.42
1099.99
1099.99
1099.4
1099.77
1099.41
1099.41
1099.39
1099.99
1099.99
1099.43
1099.99
1099.39
1099.99
1099.43
1099.99
1099.4
1099.99
1099.42
1099.99
1099.99
1099.19
1099.56
1099.63
1099.99
1099.42
1099.99
1099.99
1099.42
1098.16
1097.73
1098.87
1096.26
1097.56
1098.05
1099.86
1099.14
1098.72
1099.93
1099.41
1099.4
1099.99
1099.98
1099.4
1099.38
1099.99
1099.99
1099.41
1099.42
1100
1099.41
1099.99
1099.99
1099.42
1099.42
1099.99
1099.41
1100
1099.99
1100
1100
1098.51
1099.99
1100
1099.41
1098.51
1098.51
1100
1098.51
1099.42
1100
1098.5
1098.5
1098.5
1100
1099.42
1098.5
1099.43
1098.48
1099.99
1100
1099.41
1100
1099.42
1099.99
1100
1099.38
1100
1098.5
1100
1099.41
1100
1098.48
1099.99
1099.99
1099.99
1099.99
1099.43
1098.92
1097.03
1096.72
1098.14
1095.23
1097.43
1099.4
1099.73
1099.76
1099.99
1099.99
1099.99
1099.99
1099.18
1099.97
1099.98
1099.75
1099.98
1099.77
1099.76
1099.75
1099.98
1099.77
1099.77
1099.98
1099.99
1099.98
1099.52
1099.98
1099.98
1099.76
1099.98
1099.99
1099.41
1099.41
1099.99
1099.99
1099.42
1099.99
1099.37
1099.99
1099.99
1099.39
1099.99
1099.77
1099.15
1099.06
1099.98
1099.79
1098.73
1098.31
1098.89
1099.86
1099.8
1099.31
1099.97
1099.39
1099.52
1099.4
1099.99
1099.99
1099.76
1099.4
1099.41
1099.99
1099.76
1099.98
1099.76
1099.99
1099.41
1099.42
1099.4
1099.75
1099.39
1099.99
1099.42
1099.99
1099.99
1099.98
1099.99
1099.99
1099.99
1099.4
1099.99
1099.4
1099.99
1099.41
1099.41
1099.41
1099.4
1099.99
1099.99
1099.99
1099.41
1099.4
1099.42
1099.99
1099.99
1099.42
1099.76
1099.43
1099.99
1099.41
1099.99
1099.99
1099.42
1099.4
1099.4
1099.42
1099.99
1099.98
1099.77
1099.99
1099.99
1099.99
1099.38
1099.41
1098.81
1099.76
1099.98
1099.98
1099.98
1099.76
1099.98
1099.99
1099.98
1099.74
1099.75
1099.67
1099.74
1099.9
1099.75
1099.9
1099.98
1099.98
1099.91
1099.75
1099.91
1099.77
1099.98
1099.76
1099.77
1099.98
1099.75
1099.98
1099.76
1099.75
1099.98
1099.98
1099.78
1099.98
1099.98
1099.46
1099.98
1099.96
1099.95
1099.95
1099.89
1099.98
1099.98
1099.9
1099.78
1099.78
1099.97
1099.98
1099.98
1099.63
1099.53
1099.66
1099.94
1099.97
1099.91
1099.75
1099.75
1099.99
1099.98
1099.98
1099.76
1099.75
1099.76
1099.75
1099.98
1099.98
1099.98
1099.75
1099.99
1099.75
1099.99
1099.98
1099.9
1099.76
1099.98
1099.98
1099.76
1099.77
1099.74
1099.78
1099.98
1099.75
1099.76
1099.98
1099.99
1099.41
1099.4
1099.99
1099.98
1099.99
1099.76
1099.41
1099.76
1099.73
1099.76
1099.99
1099.97
1099.98
1099.41
1099.76
1099.38
1099.99
1099.76
1099.76
1099.98
1099.98
1099.98
1099.74
1099.76
1099.77
1098.61
1099.14
1099.1
1099.98
1099.75
1099.76
1099.75
1099.98
1099.61
1099.79
1099.89
1099.85
1099.76
1099.94
1099.94
1099.96
1099.95
1099.89
1099.9
1099.89
1099.95
1099.95
1099.98
1099.89
1099.89
1099.98
1099.9
1099.95
1099.9
1099.95
1099.9
1099.98
1099.9
1099.95
1099.9
1099.98
1099.9
1099.96
1099.96
1099.9
1099.9
1099.96
1099.95
1099.73
1099.9
1099.91
1099.95
1099.89
1099.95
1099.91
1099.76
1099.98
1099.78
1099.97
1099.96
1099.72
1099.98
1099.75
1099.98
1099.98
1099.9
1099.75
1099.95
1099.96
1099.98
1099.74
1099.98
1099.98
1099.98
1099.98
1099.98
1099.76
1099.76
1099.76
1099.78
1099.98
1099.98
1099.98
1099.76
1099.76
1099.98
1099.75
1099.75
1099.98
1099.74
1099.79
1099.98
1099.77
1099.76
1099.98
1099.98
1099.76
1099.98
1099.9
1099.98
1099.9
1099.96
1099.96
1099.63
1099.38
1099.69
1099.92
1099.95
1099.89
1099.96
1099.9
1099.9
1099.95
1099.9
1099.89
1099.96
1099.89
1099.96
1099.82
1099.9
1099.9
1099.95
1099.91
1099.95
1099.89
1099.95
1099.9
1099.9
1099.89
1099.95
1099.95
1099.96
1099.89
1099.9
1099.93
1099.86
1099.95
1099.89
1099.96
1099.91
1099.95
1099.98
1099.95
1099.98
1099.95
1099.95
1099.76
1099.74
1099.98
1099.9
1099.96
1099.84
1099.88
1099.96
1099.91
1099.87
1099.94
1099.88
1099.89
1099.95
1099.95
1099.95
1099.89
1099.95
1099.95
1099.98
1099.89
1099.89
1099.9
1099.96
1099.96
1099.89
1099.96
1099.96
1099.97
1099.96
1099.96
1099.89
1099.96
1099.98
1099.92
1099.96
1099.88
1099.95
1099.96
1099.96
1099.96
1099.9
1099.96
1099.89
1099.96
1099.9
1099.91
1099.89
1099.89
1099.96
1099.96
1099.9
1099.95
1099.95
1099.9
1099.9
1099.96
1099.95
1099.89
1099.95
1099.89
1099.9
1099.89
1099.9
1099.95
1099.95
1099.88
1099.89
1099.95
1099.96
1099.89
1099.95
1099.9
1099.95
1099.96
1099.95
1099.95
1099.96
1099.9
1099.96
1099.89
1099.89
1099.89
1099.96
