835.429
849.837
467.947
671.157
1033.52
968.133
964.779
834.655
832.438
828.704
823.311
816.086
806.814
795.285
781.321
764.878
745.79
722.894
699.682
700.213
723.56
745.439
762.657
776.814
787.815
792.195
809.954
776.413
796.458
789.944
789.6
787.017
782.963
783.552
767.096
787.209
788.053
775.832
775.213
769.919
766.098
761.873
756.273
762.717
725.317
738.461
731.387
728.975
726.776
723.603
727.453
706.009
763.749
739.516
745.324
743.791
742.637
742.508
737.092
752.258
716.21
694.553
707.53
700.316
700.3
699.289
697.484
700.362
676.37
763.117
733.669
738.353
737.955
736.406
735.091
726.598
754.106
667.361
651.371
662.386
659.092
657.154
653.415
651.171
632.868
630.809
752.44
716.007
710.314
709.079
712.198
714.843
702.591
677.12
448.186
447.145
443.579
445.253
448.111
451.421
460.551
455.628
468.493
507.722
498.325
507.17
510.766
513.348
516.813
523.74
569.225
469.976
489.998
499.393
499.544
495.071
487.567
478.911
705.591
800.202
828.412
845.758
848.363
850.837
851.201
851.037
850.712
850.319
850.025
849.865
895.339
930.653
964.481
992.373
1015.74
1035.02
1050.53
1062.74
1072.16
1079.27
1084.52
1088.31
1090.97
1092.8
1094.01
1094.78
1095.24
1095.48
1095.58
1095.58
1095.49
1095.35
1095.16
1094.94
1094.68
1094.4
1094.09
1093.74
1093.34
1092.91
1092.44
1091.92
1091.36
1090.76
1090.12
1089.44
1088.72
1087.94
1087.12
1086.24
1085.31
1084.33
1083.29
1082.21
1081.09
1079.92
1078.7
1077.46
1076.25
1075.05
1073.82
1072.53
1071.19
1069.83
1068.47
1067.12
1065.77
1064.43
1063.1
1061.79
1060.51
1059.27
1058.09
1056.98
1055.97
1055.05
1054.27
1053.61
1053.11
1052.77
1052.59
1052.58
1052.73
1053.04
1053.5
1054.11
1054.87
1055.76
1056.77
1057.85
1058.97
1060.09
1061.13
1062.02
1062.65
1062.85
1062.43
1061.14
1058.67
1054.67
1048.72
1040.37
1029.15
1014.56
996.15
973.659
946.685
913.863
879.695
750.918
846.034
785.808
1089.41
1088.04
1094.4
1062.58
857.824
744.697
1087.13
1081.25
835.872
1053.29
633.933
753.337
645.366
1060.2
690.402
1059.58
1057.81
1039.08
684.068
1051
761.087
720.276
1063.11
847.813
894.836
992.126
814.99
801.674
776.197
773.583
801.806
1094.78
1093.25
1076.38
1094.26
1091.87
771.904
1073.81
666.597
640.03
636.055
1050.29
1055.77
1051.79
732.98
1071.34
785.319
972.423
868.859
865.545
895.014
781.977
802.978
1068.62
727.793
863.031
782.231
1095.06
664.965
1085.38
792.709
1050.2
753.75
895.065
828.081
912.237
871.371
875.556
733.948
930.166
800.924
816.372
771.009
1013.36
1015.59
1055.4
758.616
628.523
1053.56
651.612
1058.13
623.115
1061.16
646.074
1053.25
1060.41
749.813
725.652
1065.85
1052.4
743.959
664.433
752.323
1050.06
1050.64
660.905
860.398
747.881
827.548
1092.48
855.187
1090.73
851.701
1034.9
1079.05
789.765
1095.12
797.416
1088.69
1084.42
1083.41
810.605
1080.09
762.367
1078.9
1093.95
1095.08
1092.83
774.926
792.843
895.615
892.346
820.478
730.309
878.335
757.97
851.932
1093.62
1085.06
869.925
803.263
1074.85
791.696
1078.67
1045.3
873.802
775.052
811.372
838.311
1090.48
1092.03
750.444
1042.95
928.075
991.719
829.819
849.714
897.84
858.595
783.814
773.069
964.03
945.291
786.671
994.944
1015.29
828.153
758.131
740.836
1027.91
1050.4
639.048
1057.18
1060.89
624.999
1056.96
643.424
1052.6
627.614
1059.24
1054.3
627.667
631.072
656.618
1054.63
1060.81
757.326
663.924
722.747
1047.36
1051.63
639.099
1051.14
666.375
1050.09
1056.58
1072.6
767.454
759.973
1061.75
720.091
727.657
1067.23
1070.01
728.802
722.096
1064.47
753.385
751.687
1059.1
761.165
859.361
673.014
749.557
1050.52
841.569
1075.08
773.674
784.12
746.611
1084.27
1090.68
1093.66
1071.97
1090.09
1094.84
787.416
1087.93
806.045
1091.32
1094.97
816.266
1086.28
1082.35
796.52
848.289
1093.62
1077.66
790.385
778.604
1094.54
1092.37
773.994
834.218
1073.49
895.572
857.826
835.419
884.518
895.405
782.544
894.925
901.191
858.709
904.362
909.238
1087.16
1093.19
1062.13
803.995
1088.47
879.972
1024.17
807.361
1050.91
1055.62
815.885
787.273
1063.44
753.031
1052.7
1048.52
777.965
746.861
1053.68
1042.76
791.185
818.187
789.169
1069.27
788.707
1066.57
735.347
1045.87
792.695
1063.48
1059.33
991.45
874.502
930.131
991.355
929.233
905.619
859.728
1034.61
1046.29
777.016
786.577
794.456
873.751
808.525
847.215
1089.85
790.403
798.729
1091.55
1092.91
1076.17
925.156
831.286
941.905
809.305
963.573
929.729
846.498
882.998
878.773
869.004
1035.17
1043.27
856.317
835.168
779.973
1049.54
744.778
1044.88
738.333
1055.93
1054.73
748.145
810.149
1042.63
761.942
770.053
1055.05
1043.72
1044.44
1048.23
738.653
749.074
1043.43
1062.02
1051.02
1053.58
793.588
772.329
780.72
803.07
872.513
1056.46
806.478
872.384
807.95
1078.37
1091.43
802.274
1093.47
1084.1
1082.05
808.751
829.838
1072.06
858.899
1086.87
1079.84
804.451
866.36
1093.65
842.562
856.592
1085.99
1091.04
793.593
1092.5
814.591
1077.44
889.489
929.572
918.511
865.535
809.734
929.831
890.588
960.979
915.541
839.624
887.683
1090.87
841.788
1076.92
909.085
936.455
838.232
1068.18
835.341
1017.77
1032.1
1045.62
1040.86
906.406
861.191
828.658
1040.14
959.943
853.645
1089.11
1084.83
1087.69
837.955
1035.2
832.166
1030.45
836.066
1045.45
878.237
745.312
1042.49
896.481
878.631
1065.06
836.484
963.545
899.193
1009.68
876.184
899.299
1050.06
968.839
1014.93
874.073
1028.54
953.806
1048.95
822.943
914.727
1047.37
777.563
744.503
1042.53
1031.27
827.508
1056.08
1054.9
788.252
793.229
1064.84
788.255
1060.71
1052.34
782.244
1039.22
853.149
894.232
931.906
1044.08
745.552
1042.95
1049.75
779.196
794.678
808.314
1057.89
754.408
1052.27
762.97
794.598
1047.01
734.92
1043.16
1090.62
1083.5
1092.53
837.358
870.618
1080.97
1061.79
1087.7
802.672
1093.22
1071.42
1093.53
1067.98
825.105
788.667
1089.72
1083.09
806.268
805.691
862.557
1089.19
1070.54
789.754
836.486
1086.77
1079.54
859.73
930.148
963.452
908.693
955.893
928.353
936.495
920.116
1061.39
1047.06
1085.5
1046.26
1035.36
826.938
821.296
1029.87
1008.56
1003.27
1085.94
906.297
1014.1
1027.13
1004.19
887.658
1072.65
875.849
837.407
831.919
983.719
1089.42
947.126
834.404
1054.51
985.708
933.056
900.758
1082.46
940.614
1036.36
841.181
1047.34
1044.45
840.331
905.023
1069.69
838.645
1060.1
834.996
1090.24
1081.87
1083.94
866.93
1014.26
948.202
963.941
963.025
1003.44
858.212
1034.11
908.546
901.285
946.403
1036.36
915.896
1045.18
913.487
1077.18
912.339
1047.78
1033.14
828.533
1037.61
846.366
821.313
1037.74
1046.83
834.215
1038.94
1051.64
835.385
1047.66
836.965
829.764
1033.88
1030.97
836.778
835.357
1030.63
1030.18
825.373
826.852
1044.14
1042.54
1041.5
881.935
870.576
925.675
917.123
837.059
1030.22
827.762
1075.53
835.836
851.149
846.423
1090.81
1078.29
843.082
1088.5
1085.77
856.365
841.137
1059.57
834.295
900.85
875.79
839.072
892.118
1090.95
883.025
1089.73
863.154
1080.75
1066.65
962.3
894.774
947.442
955.145
859.035
963.709
941.181
1034.73
941.471
930.447
875.857
1082.07
1067.71
1052.07
888.323
1012.56
876.403
879.804
1034.68
875.612
918.399
1064.16
1023.38
933.644
912.799
881.153
889.771
878.585
1025.63
1020.7
893.829
1074.74
876.202
1040.36
878.996
1025.08
922.463
1025.01
905.634
1013.07
1028.8
997.369
994.539
1033.03
1015.41
885.412
1079.34
1048.25
910.159
980.503
988.767
976.825
901.636
990.508
960.16
1049.44
927.935
916.165
1019.13
1005.62
944.391
1041.77
1070.48
1006.11
1005.58
1082.06
1036.19
1001.41
991.53
1047.63
938.524
1033.01
1029.14
964.075
973.946
1025.36
939.851
1030
1022.73
1036.6
1055.83
834.461
1013.19
1045.94
954.686
822.725
837.341
1034.27
827.577
875.846
1029.93
835.837
827.742
823.622
1032.1
888.932
836.367
879.155
844.233
1085.31
1090.35
875.906
1074.12
902.663
1044.43
1082.95
875.748
1087.88
848.704
1071.18
922.345
1058.1
834.514
1086.45
1079.8
1084.53
1070.77
899.606
985.304
945.28
918.692
970.136
881.76
991.257
881.183
1031.94
1039.35
1082.73
1086.02
1057.85
1012.41
937.736
1068.85
1021.78
965.892
1019.66
1029.66
946.496
908.92
1076.43
936.144
940.86
1071.07
1017.92
1023.18
983.236
1010.64
992.18
1004.39
1031.79
1035.94
889.177
879.251
1027.11
1035.27
878.344
1020.04
876.693
1053.91
1042.68
875.926
1073.83
912.696
1006.5
1012.68
1069.37
922.123
953.494
921.398
986.638
1048.17
996.927
935.99
1026.75
943.773
1014.38
943.292
1036.52
1079.68
1039.77
934.671
997.254
1031.13
1023.42
1008.82
1016.55
1016.79
882.878
889.194
879.696
998.776
878.68
1013.38
879.033
1021.63
1028.44
990.887
1022.32
1012.36
1020.03
927.341
1043.03
877.1
1024.26
879.945
899.592
879.912
878.909
1012.73
1018.3
1009.51
891.3
918.481
911.064
1083.55
1062.18
885.977
912.428
896.813
1069.3
876.098
1066.14
1074.02
890.84
875.583
926.176
875.79
1086.73
1077.83
932.812
1050.27
1041.47
1072.37
875.561
914.094
966.264
919.307
1060.18
1050.4
1030.09
932.906
1053.8
1024.25
990.386
913.255
912.723
958.819
967.273
1056.85
959.995
1055.9
1046.25
995.673
963.322
984.274
945.583
945.722
993.604
965.588
920.667
998.826
950.154
1006.47
922.122
925.123
1003.43
1001.25
919.52
1075.04
1025.5
970.382
1075.84
992.082
1064.83
967.172
1040.05
1007.5
1005.5
945.455
925.678
930.984
1058.3
1011.38
1001.15
1030.88
950.04
1024.69
1059.99
1019.42
1007.4
1036.52
967.314
1075.22
1021.48
1022.7
1036.87
1038.65
1033.71
963.315
1015.02
1017.46
1012.96
952.527
1084.78
949.448
1086.66
1080.13
1052.3
1009.91
1079.13
994.1
936.562
943.73
921.885
921.788
990.354
993.282
929.993
991.219
1019.18
879.173
894.322
1013.14
999.17
1015.97
946.619
915.23
920.553
907.74
939.569
1060.09
1065.64
1021.56
883.539
912.328
878.592
1055.85
911.466
910.161
1073.39
1058.16
1020.19
912.041
942.873
912.005
938.951
999.836
1010.23
1036.91
912.325
926.915
953.327
1032.07
1022.94
1035.73
1052.36
1045.72
983.788
1057.35
1004.83
1065.92
1006.66
988.481
1058.76
985.389
999.358
996.742
1079.78
1059.2
1058.87
1080.74
943.295
965.535
968.193
1059.94
984.337
1043.41
988.054
1054.82
959.406
997.092
979.266
1053.99
973.733
974.706
990.357
1039.54
965.638
908.009
944.925
958.612
994.698
945.405
993.707
957.32
980.156
998.773
978.991
987.658
1014.83
964.189
1071.9
967.915
1022.56
1078.34
1057.79
955.896
994.515
1067.35
998.794
922.723
993.044
1005.11
1006.1
1006.54
1002.41
928.103
921.089
958.549
973.331
1015.97
993.459
992.188
915.842
947.823
1000.21
922.02
988.85
1055.98
911.938
929.354
1019.82
921.721
912.366
1052.15
1048.65
917.157
1060.63
965.918
1028.06
944.351
992.643
969.434
1027.82
955.638
968.493
961.308
1004.66
973.46
1071.21
1048.17
1043.96
1062.46
941.393
939.353
990.023
1036.19
973.722
977.763
946.83
991.887
967.409
954.341
1002.32
971.492
1029.48
958.219
944.703
947.122
1035.52
999.804
992.716
945.024
950.959
1000.73
1045.37
1006.17
982.405
1071.9
958.379
965.139
993.031
1052.78
1040.26
997.005
1057.43
914.769
909.631
1034.32
944.942
1046.97
1041.95
993.858
987.782
1052.91
984.04
1060.92
987.504
988.707
1066.29
1006.96
1069.49
987.339
1071.18
1002.34
1080.63
979.007
976.034
970.805
1069.56
971.152
937.881
972.503
1017.91
990.611
988.696
1021.4
1032.39
1013.55
998.134
1031.86
981.029
1014.67
975.629
973.895
972.931
1025.92
1009.67
978.139
969.55
992.023
993.519
1018.62
995.461
961.01
981.197
973.669
967.779
978.006
974.32
1003.21
958.916
990.971
976.17
960.527
975.517
965.275
943.296
998.513
945.016
1032.2
1071.93
937.711
1029.32
1009.48
1023.92
940.874
1006.36
949.462
1004.17
971.461
968.955
975.052
1027.62
959.739
992.369
962.738
945.681
938.901
970.29
