708.409
712.876
552.186
567.026
900.752
886.148
889.785
707.56
704.984
700.683
694.665
686.94
677.53
666.449
653.719
639.44
623.461
606.196
587.36
588.163
607.501
625.207
641.39
656.017
668.333
681.036
687.435
702.313
704.911
712.564
716.263
719.834
722.87
723.385
727.034
723.838
723.759
724.488
723.213
722.753
721.741
720.315
720.333
716.467
721.022
716.359
716.965
715.454
714.481
714.698
711.571
716.239
705.793
710.919
707.984
708.752
708.507
707.778
709.346
706.35
710.742
713.092
711.227
712.765
712.443
712.66
714.066
711.383
718.307
705.485
712.81
709.884
711.343
711.719
710.734
714.274
708.132
719.166
717.862
717.871
718.664
718.503
719.205
719.357
718.546
723.014
708.531
716.768
713.29
714.646
714.661
713.33
717.34
707.837
728.209
717.839
721.934
720.05
719.436
719.624
715.562
720.107
708.157
700.298
701.55
695.137
691.676
686.078
678.308
675.365
655.293
672.196
648.339
640.719
625.124
609.735
592.488
574.867
565.995
589.605
605.768
623.454
641.004
656.127
670.321
682.756
693.311
701.749
707.895
711.629
744.812
775.218
802.658
828.094
850.909
871.39
889.527
905.421
919.199
931.003
940.993
949.335
956.202
961.763
966.184
969.622
972.222
974.118
975.428
976.257
976.694
976.815
976.688
976.372
975.913
975.343
974.684
973.953
973.169
972.347
971.498
970.627
969.74
968.841
967.932
967.014
966.088
965.156
964.219
963.278
962.333
961.386
960.437
959.489
958.542
957.592
956.64
955.703
954.812
953.965
953.135
952.298
951.466
950.662
949.9
949.186
948.524
947.919
947.381
946.916
946.535
946.245
946.055
945.973
946.004
946.156
946.432
946.838
947.373
948.037
948.824
949.722
950.711
951.764
952.853
953.948
955.01
955.984
956.797
957.362
957.581
957.346
956.536
955.013
952.631
949.229
944.637
938.682
931.185
921.97
910.867
897.72
882.391
864.757
844.726
822.316
797.248
770.145
740.052
744.345
754.177
743.843
966.887
947.265
967.517
903.459
745.713
745.663
964.164
958.566
709.105
944.287
732.986
747.207
743.888
953.429
704.921
937.17
944.792
896.331
756.658
945.137
746.116
749.157
946.755
705.803
683.008
826.158
757.33
747.378
741.483
741.697
755.197
974.742
972.661
954.795
974.31
970.353
742.833
952.975
754.702
744.181
744.876
949.043
955.737
952.287
749.925
951.332
640.141
820.924
628.831
724.174
731.985
649.498
665.101
949.665
748.266
725.241
740.523
972.016
754.293
962.313
746.669
946.347
604.873
743.137
613.859
768.502
730.673
735.466
608.981
773.296
667.276
683.099
669.185
863.415
849.015
944.325
746.361
746.346
954.339
742.864
955.738
741.28
947.675
720.152
920.511
945.626
745.008
749.085
948.118
944.444
746.561
754.523
744.228
947.14
950.103
754.438
735.321
744.239
757.959
959.668
749.487
968.653
752.219
869.493
928.976
745.67
973.33
754.021
965.988
961.38
960.444
757.161
957.625
742.121
956.683
973.863
974.165
971.939
741.064
752.692
711.692
666.389
680.293
584.619
738.615
629.731
789.184
967.081
961.067
783.633
771.564
952.984
775.498
955.719
939.16
767.751
783.977
780.423
786.537
966.614
968.193
780.838
944.04
709.126
820.813
691.798
705.883
752.589
789.476
652.349
623.159
800.643
795.741
655.472
843.362
843.596
697.119
630.467
678.612
881.028
887.601
727.067
929.697
951.061
747.121
955.964
743.864
953.354
747.051
954.939
944.249
737.81
745.645
738.656
955.164
943.103
746.544
711.983
746.673
909.442
944.726
757.196
951.193
754.639
948.045
944.508
952.154
740.4
746.097
946.158
752.725
748.691
948.869
950.498
747.298
749.547
947.411
747.42
744.598
945.167
744.828
740.757
753.646
744.192
945.678
721.34
953.865
741.954
743.748
743.708
938.941
954.117
964.082
917.202
967.777
970.118
744.756
965.08
756.201
969.514
974.612
758.754
963.241
959.506
748.168
754.614
973.309
955.743
752.658
739.573
974.622
971.164
741.425
785.37
952.064
698.282
715.935
693.909
648.855
723.022
648.022
738.78
651.746
634.858
759.724
765.137
941.098
961.249
897.718
777.585
964.407
717.797
876.941
772.205
951.122
946.359
749.391
768.603
943.796
783.32
925.241
939.338
782.919
780.283
940.895
940.61
776.613
783.313
776.492
949.322
777.358
947.661
785.966
948.436
774.3
945.738
943.518
812.641
815.612
739.844
839.339
778.17
690.206
724.196
863.979
939.11
783.635
776.796
775.894
774.303
772.704
788.49
965.921
775.821
773.763
967.766
968.572
953.899
691.577
689.848
791.972
672.693
795.508
761.252
708.889
655.082
732.961
737.363
892.157
905.169
723.581
733.154
774.733
950.871
784.255
947.343
786.037
938.507
948.684
780.856
755.728
943.019
783.823
784.622
941.469
939.628
939.332
950.281
784.967
780.801
945.115
944.924
939.956
950.157
775.032
780.436
782.533
760.957
779.575
942.106
772.052
760.523
772.583
923
953.42
776.668
967.932
960.195
958.427
779.395
784.046
951.113
790.524
962.775
956.626
772.006
786.613
965.755
787.583
788.946
961.93
967.229
775.789
968.486
781.606
954.81
743.749
725.449
672.396
720.294
671.787
768.554
748.253
741.005
792.652
803.151
818.239
955.488
803.522
951.602
812.792
783.177
803.146
946.416
802.116
870.076
930.726
940.825
943.114
803.44
809.913
810.878
932.218
732.831
807.501
958.314
956.414
958.472
812.45
940.641
815.164
935.515
806.623
933.47
728.821
780.745
942.101
817.846
816.678
944.677
693.188
787.912
705.065
859.328
731.717
673.366
881.988
816.92
835.041
748.452
885.174
754.842
916.142
741.805
805.243
939.175
783.29
780.547
941.294
930.892
811.276
943.023
932.638
776.95
776.266
946.547
778.06
944.232
940.391
781.073
942.84
810.978
805.419
789.787
946.23
780.849
933.353
939.605
782.574
775.497
772.431
942.793
779.747
950.927
782.009
765.26
949.454
785.534
940.054
956.829
932.863
957.819
803.255
814.439
957.53
942.918
963.603
776.833
968.4
911.363
963.85
948.559
782.685
776.902
947.896
959.316
778.433
771.983
788.706
965.183
950.114
776.139
802.556
957.798
953.202
809.922
751.858
765.279
757.166
714.372
672.76
786.016
768.612
888.625
925.133
931.01
931.304
930.954
809.715
814.204
932.954
860.358
766.735
941.654
842.194
919.264
932.211
809.716
840.396
949.029
828.862
808.166
809.642
831.358
943.19
840.008
802.929
938.718
755.034
779.634
752.475
949.11
775.3
941.507
812.031
935.335
934.018
803.266
814.948
947.284
803.083
942.009
802.238
957.703
954.656
955.986
813.238
823.552
692.2
726.245
810.527
852.519
713.386
855.12
774.701
762.582
765.895
898.062
799.652
917.864
783.999
913.514
809.562
930.908
930.72
810.491
942.206
811.632
814.451
931.485
938.581
809.246
931.83
937.369
804.749
935.287
808.59
808.854
939.463
936.524
812.978
815.106
931.201
931.651
812.159
809.279
942.238
942.97
932.744
806.821
808.505
795.349
799.869
807.254
934.661
814.919
950.766
801.899
806.407
804.271
951.011
952.452
802.58
958.521
956.871
808.669
803.353
942.537
803.445
816.28
828.874
803.075
818.527
953.608
817.572
958.172
811.897
953.95
945.556
750.058
743.877
694.529
802.062
712.109
777.874
809.722
907.799
836.441
843.334
828.648
944.053
940.533
933.859
835.014
919.582
829.69
834.179
927.95
828.178
844.657
939.205
931.372
841.441
853.188
838.621
841.073
835.37
922.074
920.356
837.786
942.441
830.327
929.055
833.252
920.205
841.774
933.175
842.429
923.617
923.161
751.139
843.054
843.045
919.466
839.75
945.209
932.178
843.224
735.884
772.798
823.636
750.472
788.585
709.913
872.993
785.526
770.029
875.403
801.561
826.04
908.919
902.176
791.768
780.075
923.074
914.916
816.459
827.268
935.348
839.803
930.063
932.075
836.81
834.438
932.071
840.846
933.782
920.912
931.223
940.037
804.06
919.328
934.698
838.487
813.748
807.699
930.825
810.06
828.777
932.241
808.93
808.827
814.628
937.841
840.831
814.688
833.336
803.217
942.988
947.613
829.146
949.917
841.032
930.548
955.364
827.998
937.696
805.314
948.161
844.571
940.912
802.409
939.882
942.726
943.877
941.513
840.052
832.696
791.81
765.969
715.049
733.187
801.946
831.205
804.06
826.838
917.552
929.595
936.384
920.793
788.825
890.117
895.685
858.143
914.991
857.545
867.529
851.18
926.42
865.616
865.667
927.355
919.933
916.157
831.407
919.103
905.31
865.619
899.089
924.886
840.922
833.701
922.691
926.424
832.497
920.347
828.656
934.66
929.84
829.518
942.582
853.228
774.999
809.277
931.114
859.112
800.067
770.422
733.881
860.775
848.396
798.506
888.329
818.676
773.516
831.747
920.591
910.169
834.915
841.947
822.22
931.404
860.514
919.178
862.604
919.758
839.052
840.987
834.663
866.324
834.677
923.285
833.448
920.57
923.225
905.053
918.855
920.114
929.384
841.529
931.231
831.336
921.54
834.464
841.858
838.096
836.573
921.643
928.273
921.659
841.125
842.125
842.673
944.326
938.365
833.826
852.849
839.02
941.065
829.459
940.047
939.544
836.246
828.328
843.991
828.68
937.459
925.28
864.462
933.089
929.441
942.124
829.536
843.975
812.731
857.914
926.864
925.547
918.865
863.457
925.773
918.887
905.845
853.177
852.683
818.8
839.785
849.405
863.931
880.578
924.754
906.442
886.55
867.635
874.169
866.556
910.197
868.36
858.43
906.755
866.241
909.353
858.917
860.747
908.029
907.296
857.388
927.348
917.067
818.724
894.736
904.231
907.024
889.312
887.985
919.217
918.876
873.868
861.673
864.163
921.633
911.62
905.692
828.176
804.895
789.591
876.602
887.237
863.558
816.287
853.274
901.245
912.153
902.549
847.61
841.505
852.851
861.585
918.059
916.918
918.941
866.228
924.098
867.073
934.172
921.499
883.366
864.169
923.773
905.977
864.423
866.282
858.721
859.068
905.276
866.655
862.681
906.906
920.242
837.407
841.28
922.53
906.636
926.5
866.344
842.454
858.303
850.448
866.552
937.439
923.465
915.691
832.508
852.656
829.66
935.511
852.654
851.915
927.79
926.704
915.362
852.221
867.086
852.885
786.311
755.5
792.95
921.207
853.534
861.728
866.388
919.525
793.246
810.061
838.567
845.79
835.573
861.824
873.713
875.461
881.944
872.095
857.314
880.832
901.716
902.948
907.949
863.914
870.089
918.368
873.238
888.711
887.149
908.938
887.835
923.779
888.733
909.59
884.663
906.859
886.206
914.292
891.836
884.765
888.908
910.159
889.632
850.611
873.328
880.35
899.061
873.045
898.963
879.832
868.305
914.143
869.928
906.269
876.604
830.14
886.309
847.196
908.039
901.822
875.741
865.058
903.913
905.641
907.096
859.331
909.969
908.776
908.979
919.045
907.705
862.162
858.476
867.104
869.727
914.199
909.76
908.032
854.956
866.145
906.962
858.771
867.234
926.268
852.217
863.784
915.658
859.278
852.547
925.703
925.403
856.656
926.226
887.139
918.136
873.633
900.412
890.306
811.543
804.94
821.447
882.062
897.513
886.72
900.448
885.339
886.797
908.225
872.32
871.304
904.4
888.69
891.22
835.749
877.6
888.675
891.171
882.574
902.044
883.872
908.095
879.867
872.989
873.767
909.103
901.091
898.875
872.657
876.059
863.262
825.285
893.539
883.173
895.724
884.626
888.893
909.055
910.014
922.577
899.939
909.432
855.146
851.72
920.3
872.941
913.92
828.864
850.561
897.918
844.648
848.018
858.141
857.977
865.806
868.819
888.407
877.082
877.017
883.947
900.171
913.762
884.597
885.772
887.122
903.543
890.961
870.627
891.419
906.999
907.421
904.787
907.976
889.131
905.477
907.079
894.671
900.961
886.948
897.308
891.619
895.848
908.369
891.076
899.526
883.46
899.379
888.46
894.192
888.29
880.115
894.121
890.919
882.963
892.367
891.061
889.391
879.937
899.147
891.458
880.14
891.292
881.939
875.109
888.508
876.36
908.459
890.183
870.777
890.107
904.07
908.339
873.32
903.102
879.326
902.535
894.719
892.529
891.257
908.205
880.043
899.154
880.811
872.949
871.797
893.71
