783.44
808.115
528.64
623.585
952.786
933.36
936.827
782.527
779.859
775.415
769.147
761.001
750.913
738.834
724.692
708.484
690.447
669.639
647.909
648.526
670.654
691.101
708.282
723.171
736.389
743.686
759.509
746.881
762.081
760.589
763.625
764.044
762.723
764.638
756.304
765.87
765.2
759.296
758.729
755.229
752.961
750.834
746.318
750.463
731.601
738.836
733.614
732.873
731.512
728.644
732.446
719.012
747.351
733.059
738.031
736.091
735.755
736.756
732.892
741.228
726.21
717.806
724.05
720.339
721.62
721.321
719.907
725.44
709.818
750.268
732.833
739.211
737.951
737.857
739.724
732.808
749.959
714.638
714.42
717.669
715.292
715.557
714.021
715.738
714.281
706.229
755.481
733.831
739.347
737.988
737.148
736.976
730.927
751.072
680.105
704.266
696.654
695.306
694.144
692.059
694.137
674.003
716.305
740.738
721.553
725.126
720.678
715.51
710.127
700.459
712.497
599.365
617.798
603.058
589.315
574.824
559.347
542.033
591.865
603.712
632.43
670.751
703.157
733.775
758.299
776.99
790.203
798.94
804.32
807.201
848.902
883.492
916.171
944.119
968.599
989.519
1007.07
1021.58
1033.34
1042.69
1049.94
1055.43
1059.43
1062.22
1064.02
1065.04
1065.45
1065.38
1064.95
1064.25
1063.36
1062.33
1061.19
1060
1058.76
1057.5
1056.2
1054.88
1053.54
1052.19
1050.84
1049.49
1048.13
1046.78
1045.42
1044.05
1042.68
1041.31
1039.94
1038.56
1037.18
1035.8
1034.42
1033.04
1031.66
1030.28
1028.88
1027.5
1026.18
1024.92
1023.66
1022.38
1021.09
1019.82
1018.58
1017.38
1016.22
1015.11
1014.04
1013.04
1012.11
1011.27
1010.52
1009.88
1009.36
1008.97
1008.72
1008.63
1008.7
1008.94
1009.37
1009.96
1010.73
1011.65
1012.71
1013.92
1015.25
1016.67
1018.13
1019.58
1020.94
1022.12
1023.01
1023.48
1023.36
1022.47
1020.59
1017.47
1012.84
1006.4
997.849
986.873
973.179
956.487
936.527
913.142
886.459
855.242
822.34
758.987
812.758
775.594
1044.07
1053.2
1062.56
1019.72
813.028
755.241
1040.01
1031.81
781.937
1007.09
710.138
773.88
739.919
1021.71
686.626
1015.85
1009.77
985.424
744.86
1006.42
774.603
754.272
1013.81
786.356
767.497
942.486
797.129
786.889
771
771.636
788.556
1059.65
1053.48
1026.32
1057.27
1049.47
772.146
1023.64
742.108
770.58
766.677
1008.64
1017.69
1011.9
752.696
1021.17
673.386
911.708
660.252
805.914
837.972
722.172
741.022
1018.61
755.09
806.936
775.886
1062.81
745.602
1037.28
780.085
1006.78
636.853
847.573
625.712
853.472
812.673
817.608
676.794
881.845
740.951
757.292
702.67
955.104
966.981
1008.21
774.145
769.378
1014.71
764.537
1020.29
716.274
1020.78
696.823
1004.86
1011.67
771.095
754.736
1016.14
1006.72
775.331
745.144
760.351
1007.22
1009.59
741.121
807.724
758.191
802.616
1059.85
813.63
1046.77
813.133
987.853
1040.63
778.519
1062.35
786.011
1042.72
1035.91
1034.55
793.991
1030.44
765.334
1029.07
1056.03
1061.62
1052.16
771.45
783.077
814.205
735.381
758.259
615.969
820.851
699.256
831.419
1054.44
1035.99
837.033
802.151
1024.04
793.658
1028.02
1000.33
830.505
792.56
805.174
822.913
1045.27
1049.1
799.656
1002.39
795.602
937.785
768.125
786.1
836.856
835.153
723.875
655.997
914.454
884.891
690.168
935.124
962.104
771.106
699.732
709.591
971.768
1005.32
704.255
1011.26
1021.63
718.345
1019.08
766.189
1013.25
770.862
1021.21
1007.59
713.823
767.554
762.45
1016.21
1018.93
773.938
690.974
769.005
996.354
1006.49
741.75
1010.67
743.954
1007.84
1008.94
1022.41
773.843
774.252
1012.71
751.124
754.92
1017.36
1019.9
754.803
754.526
1014.96
758.122
759.692
1010.68
776.59
811.075
745.769
758.517
1006.51
789
1024.95
771.859
774.351
758.061
1047.8
1057.13
1061.59
1031.38
1045.42
1062.92
776.963
1041.37
791.17
1048.12
1060.71
797.211
1038.65
1033.18
782.119
811.924
1054.77
1027.7
779.918
773.833
1058.49
1050.81
771.654
820.291
1022.7
794.034
797.219
773.39
698.157
828.523
721.768
844.069
683.787
648.73
844.326
849.973
1046.31
1054.97
1014.01
800.244
1041.3
732.154
967.522
802.838
1013.5
1016.44
769.75
781.672
1011.26
781.625
1006.51
1002.04
793.346
801.698
1005.59
999.984
804.18
809.065
793.787
1018.72
794.052
1016.29
786.809
1007.34
802.18
1013.47
1010.03
929.832
855.426
845.665
930.975
866.569
703.279
800.822
982.736
1000.79
792.841
803.238
803.771
834.193
803.949
828.521
1043.95
793.695
797.943
1047.84
1051.56
1025.37
761.729
767.948
880.987
747.838
910.034
871.099
785.798
668.376
815.928
813.033
981.064
991.862
745.861
754.327
780.059
1012.02
782.704
1005.89
789.296
1013.96
1016.42
800.455
775.174
1001.51
795.37
792.841
1006.63
999.843
1000.01
1010.46
783.7
798.103
1003.41
1012.24
1003.67
1015.82
803.498
779.229
793.984
778.957
836.273
1007.73
802.547
824.831
804.003
1034.29
1052.55
798.498
1053.63
1034.67
1032.02
803.492
817.703
1021.33
833.82
1038.64
1029.36
802.33
836.729
1055
825.67
834.595
1037.32
1046.56
793.797
1050.36
807.016
1026.69
827.511
823.965
723.936
802.111
747.636
877.858
829.444
773.665
867.924
830.605
863.782
1041.68
832.262
1022.8
874.853
812.157
830.245
1015.06
832.43
960.364
989.288
1007.66
1004.29
824.393
826.973
834.93
993.906
822.765
842.375
1037.73
1031.22
1035.83
829.016
998.005
832.728
991.789
832.748
996.674
812.95
801.131
1000.82
869.145
858.21
1012.53
772.768
902.865
719.106
950.884
813.255
686.389
999.93
907.571
953.54
822.044
973.744
786.45
1000.24
762.791
873.957
1001.36
793.227
801.765
1000.31
989.017
834.789
1015.69
1010.99
803.964
803.876
1014.68
795.166
1011.16
1004.6
796.824
1002.68
827.826
825.112
816.97
1004.59
796.318
995.878
1002.82
793.47
803.868
803.404
1008.87
801.112
1014.81
780.773
780.797
1008.9
784.769
999.83
1041.02
1041.17
1054.14
830.315
852.735
1030.69
1010
1039.97
798.998
1052.65
1025.37
1055.22
1017.61
814.653
793.679
1050.01
1033.35
801.851
802.472
835.554
1042.62
1019.88
793.795
831.131
1034.2
1025.33
846.408
861.02
875.503
844.158
787.202
705.41
874.79
856.449
1004.05
1002.9
1034.23
993.963
990.917
835.122
834.295
989.709
950.193
818.371
1022.84
884.691
974.412
991.733
854.435
870.781
1018.91
862.767
832.628
833.264
866.195
1039.89
869.612
832.849
1004.06
845.588
868.106
836.538
1022.77
805.677
999.465
828.673
999.016
996.952
830.877
873.747
1016.33
830.216
1008.7
832.527
1040.11
1027.78
1030.23
850.297
940.308
724.595
758.432
900.927
943.814
794.235
973.606
853.262
842.643
797.339
984.366
871.732
998.623
862.18
1023.36
874.906
1005.7
989.753
835.098
1000.96
828.359
833.745
992.343
1007.85
833.064
993.113
1002.09
833.615
999.063
832.761
834.176
996.373
992.813
829.97
832.159
988.919
989
834.75
834.876
1006.9
1005.74
994.851
825.501
825.954
820.499
822.996
832.658
991.041
833.016
1021.52
832.09
840.591
837.407
1041.97
1024.12
834.403
1036.83
1032.36
844.281
831.37
1009.29
833.174
871.931
862.759
830.374
866.335
1042.06
860.991
1038.99
848.075
1026.56
1013.81
852.501
829.667
747.232
892.056
794.043
891.837
887.405
987.783
901.205
898.546
862.723
1017.9
1007.6
997.594
871.155
973.991
863.033
866.216
996.047
862.162
892.708
1005.46
988.279
869.868
892.081
869.66
869.513
866.683
980.874
977.858
875.446
1011.64
863.232
990.803
865.935
978.695
869.238
989.106
869.759
977.124
982.606
803.321
933.913
959.429
975.079
870.37
1016.75
995.196
887.374
808.949
876.223
914.592
836.006
900.202
742.13
990.379
868.093
853.815
963.476
848.804
897.525
992.567
1015.02
841.004
830.816
1029.66
991.818
858.357
864.116
1007.28
901.248
995.611
993.322
868.302
867.401
990.168
869.789
990.322
979.02
991.651
1005.8
833.398
974.079
998.023
868.86
834.312
832.5
990.336
835.095
862.759
989.269
832.826
834.543
833.278
994.341
870.838
830.814
866.059
835.748
1022.09
1041.33
862.828
1020.24
882.075
992.9
1029.04
862.005
1037.59
838.921
1017.63
894.883
1007.14
832.488
1023.45
1014.55
1021.12
1009.38
879.864
924.08
881.188
853.203
767.795
816.473
917.788
865.771
873.808
891.448
1016.66
1021.79
1001.26
974.737
875.007
999.929
974.606
925.623
981.604
906.654
918.601
889.52
998.43
911.467
903.837
994.176
976.423
973.142
921.607
976.697
956.506
907.498
982.053
995.752
869.973
865.897
981.814
987.152
865.391
977.583
862.472
998.751
991.908
862.634
1011.47
892.126
865.463
921.372
997.055
898.49
889.437
856.795
786.37
975.738
937.587
879.074
974.052
893.416
845.826
899.85
994.415
1013.03
895.785
900.193
861.424
994.659
907.293
975.277
907.351
975.841
869.866
870.469
866.219
907.052
865.924
976.906
865.84
978.371
982.623
955.859
976.842
974.263
985.034
869.372
993.747
864.23
980.021
866.273
869.27
869.317
867.807
975.45
982.93
974.654
869.099
869.249
869.894
1019.88
1004.18
869.36
891.612
877.791
1008.53
862.889
1006.76
1008.1
873.107
862.36
896.652
862.71
1023.67
999.436
908.974
996.488
991.339
1010.51
862.48
889.967
903.036
898.073
989.521
986.535
976.83
901.373
987.185
976.919
956.25
891.366
891.108
901.816
917.215
929.14
924.938
942.733
985.201
958.587
935.304
906.071
917.956
904.587
960.747
905.985
897.376
959.984
903.468
964.079
897.424
898.808
962.257
961.131
896.404
997.541
974.372
907.995
991.251
959.81
972.355
936.275
941.188
974.145
972.11
917.673
903.383
907.679
982.813
967.129
959.189
939.561
889.905
860.82
989.319
969.258
950.924
883.744
924.054
1007.76
981.652
978.286
901.647
898.632
904.171
925.775
979.58
980.86
978.372
921.658
1019.63
920.203
1023.29
1000.82
942.79
907.248
1000.4
957.677
902.418
904.431
896.707
898.293
955.829
906.371
900.582
957.311
977.151
868.686
868.86
976.238
960.004
980.645
904.059
869.701
897.045
888.561
913.938
1002.8
987.386
972.527
867.518
891.302
863.835
999.986
891.378
890.448
996.321
988.972
972.102
890.419
916.196
891.69
874.424
828.393
896.507
980.103
892.28
899.809
903.464
977.744
882.805
898.12
921.869
955.539
923.796
969.196
954.538
979.803
959.567
944.872
932.559
947.108
963.859
962.594
996.525
934.921
937.612
1000.65
916.555
935.312
938.819
970.521
933.918
983.767
935.065
968.397
932.115
959.41
931.794
973.213
940.322
929.953
935.229
965.589
936.086
888.743
917.067
925.617
949.918
916.779
949.868
925.241
906.493
966.058
908.42
956.328
961.509
910.595
986.986
921.346
980.605
994.229
940.381
923.094
961.406
973.369
960.22
897.216
960.522
963.291
963.598
973.238
961.761
900.132
897.073
904.302
907.965
970.587
960.27
958.476
893.469
903.572
960.576
897.005
906.258
988.095
890.292
906.453
972.532
900.054
891.068
986.907
986.208
896.311
988.869
937.26
975.829
917.173
952.146
937.747
914.183
892.901
908.291
927.959
965.471
942.158
973.64
942.346
941.722
971.58
915.29
913.92
958.369
940.39
939.852
920.678
921.448
934.841
937.837
927.908
953.74
928.874
962.16
924.865
916.686
917.563
963.862
952.511
949.83
916.255
920.438
947.07
911.267
964.657
946.342
971.75
931.333
935.345
959.543
968.161
982.04
951.023
969.532
894.325
890.042
978.825
916.647
971.27
929.832
936.889
948.912
943.3
930.397
953.748
937.364
941.941
960.538
962.785
964.381
946.528
966.948
965.14
999.102
944.862
943.465
940.556
973.906
938.8
912.992
939.594
960.372
959.223
957.442
961.742
939.553
958.272
959.959
945.293
950.83
933.41
946.142
940.217
943.429
962.382
938.238
948.001
928.457
950.645
934.483
942.909
934.203
924.61
943.939
939.58
927.936
941.66
939.853
935.748
924.824
950.41
940.483
924.802
940.253
926.715
918.263
934.483
919.83
962.79
969.455
913.09
939.769
956.361
962.283
916.092
955.074
923.733
954.35
941.982
939.39
940.169
962.224
924.823
950.278
925.374
916.58
914.277
940.762
