894.905
897.486
976.747
744.171
1094.54
1069.77
1007.73
894.575
893.75
892.274
889.833
886.032
880.38
872.391
861.53
847.111
828.158
804.514
780.697
781.058
804.269
825.939
841.516
851.167
854.689
855.745
872.18
789.447
817.506
806.013
797.748
790.365
783.557
777.849
746.084
798.354
810.124
781.708
779.113
771.528
762.602
753.387
749.451
751.065
661.031
681.524
677.493
671.397
665.223
655.681
646.978
620.243
759.09
720.449
714.439
713.508
716.484
720.949
715.64
708.282
549.096
435.217
449.918
446.039
449.114
452.559
457.162
468.443
448.899
509.602
501.653
509.126
514.744
518.792
523.881
532.886
583.423
481.671
506.055
520.449
526.283
528.78
529.851
533.682
526.869
696.957
986.438
1029.92
1045.13
1049.85
1051.46
1052.02
1052.22
1052.29
1052.31
1052.32
1052.33
1052.33
1052.33
1052.32
1052.32
1052.31
1052.29
1052.25
1052.18
1052.04
1051.79
1051.34
1050.57
1049.29
1047.26
1044.14
1039.61
1033.29
1024.88
1014.17
1001.71
989.985
983.156
970.189
936.502
927.218
913.851
908.953
905.183
902.2
900.201
898.839
898.004
897.58
950.249
983.855
1015.63
1040.68
1059.29
1072.88
1082.54
1089.12
1093.41
1096.07
1097.66
1098.57
1099.07
1099.34
1099.49
1099.56
1099.6
1099.62
1099.63
1099.63
1099.63
1099.63
1099.63
1099.63
1099.63
1099.64
1099.64
1099.64
1099.63
1099.63
1099.63
1099.63
1099.63
1099.63
1099.62
1099.62
1099.61
1099.6
1099.59
1099.58
1099.57
1099.55
1099.52
1099.49
1099.45
1099.41
1099.35
1099.28
1099.21
1099.13
1099.03
1098.92
1098.78
1098.62
1098.44
1098.24
1098.01
1097.75
1097.47
1097.16
1096.83
1096.48
1096.1
1095.7
1095.28
1094.86
1094.45
1094.06
1093.72
1093.42
1093.19
1093.02
1092.9
1092.82
1092.77
1092.74
1092.77
1092.83
1092.94
1093.06
1093.21
1093.37
1093.55
1093.73
1093.89
1094.01
1094.01
1093.8
1093.19
1091.91
1089.53
1085.5
1079.12
1069.62
1056.13
1037.58
1012.59
980.905
947.487
668.173
878.162
764.254
1099.55
1098.5
1099.49
1089.09
913.359
652.62
1099.53
1099.41
906.805
1094.29
1064.56
867.519
1065.09
1092.63
1059.84
1092.92
1096.11
1084.87
1002.31
1092.87
840.902
680.352
1097.52
930.58
960.819
1040.57
816.708
790.337
632.991
646.093
793.742
1099.56
1099.57
1099.18
1099.56
1099.56
662.029
1099
1064.83
1065.11
1065.12
1091.56
1091.8
1091.39
637.421
1098.78
1036.18
1037
980.619
940.833
950.89
872.222
894.762
1098.47
633.05
935.949
737.847
1099.55
1058.42
1099.51
782.476
1092.14
1010.72
950.056
990.984
979.855
943.491
945.271
824.299
983.503
889.425
900.22
1051.82
1069.09
1059.27
1095.25
859.927
1065.12
1091.51
1065.12
1092.18
1064.97
1093.01
1063.3
1091.15
1096.87
772.209
648.338
1098.05
1093.8
892.391
1062.8
678.058
1091.87
1091.47
1065.02
930.099
672.431
846.222
1099.28
905.598
1099.56
898.511
1072.88
1096.02
776.626
1099.56
784.579
1099.55
1099.49
1099.47
810.046
1099.37
640.555
1099.32
1099.56
1099.56
1099.56
635.857
778.914
954.239
965.394
910.199
997.193
946.583
849.434
856.873
1099.32
1099.31
904.502
754.048
1099.04
741.583
1099.19
1091.03
926.854
1000.63
799.117
834.569
1099.33
1099.33
1072.91
1087.19
992.145
1040.53
919.211
939.762
973.01
872.463
875.594
1024.57
1015.31
1011.81
1045.15
1055.59
1059.32
904.908
848.892
1056.58
1078.55
1082.52
1064.1
1092.37
1092.84
1065.05
1091.98
1065.12
1091.42
1065.12
1092.4
1094.78
1064.82
1065.12
1065.11
1091.64
1093.07
863.452
1061.96
945.428
1088.84
1093.32
1065.09
1091.41
1064.3
1091.69
1095.69
1098.9
662.245
854.075
1097.21
712.641
640.73
1098.27
1098.64
630.129
658.303
1097.8
693.279
668.779
1096.5
812.801
922.227
1046.11
670.416
1092.47
911.122
1099.09
655.116
751.982
670.684
1097.6
1099
1099.42
1093.37
1099.56
1099.53
771.081
1099.54
802.818
1099.56
1099.56
823.721
1099.52
1099.44
786.478
889.753
1099.56
1099.26
777.322
637.519
1099.56
1099.56
639.677
825.954
1098.96
957.066
936.766
921.909
970.136
952.303
874.511
950.216
1006.81
1010.46
976.21
978.496
1098.29
1099.26
1089.02
785.188
1099.33
1063.87
1076.72
749.875
1088.04
1089.49
1072.06
1073.08
1098.24
1073.16
1089.74
1093.06
985.48
1060.09
1095.35
1088.42
840.482
808.444
756.21
1098.63
776.886
1098.3
1073.15
1087.11
793.635
1097.9
1097.06
1040.85
886.221
987.071
1053.93
1003.68
1051.19
937.992
1072.92
1091.73
995.119
886.537
820.382
919.525
751.433
850.353
1099.33
743.41
748.364
1099.33
1099.33
1099.1
996.243
923.398
1010.17
900.463
1015.2
984.029
931.423
1027.47
961.692
939.608
1082.86
1086.62
1067.44
1069.75
1073.12
1087.75
1073.16
1087.01
1073.14
1090.07
1089.11
1072.48
1072.56
1087.33
1027.79
1011.45
1095.84
1089.63
1090.32
1087.5
1073.16
1073.07
1087.09
1097.63
1094.27
1088.73
801.12
1073.14
952.154
1072.84
912.101
1096.29
752.874
931.983
759.179
1095.85
1099.05
767.088
1099.33
1099.3
1099.27
794.478
818.199
1098.87
880.608
1099.32
1099.22
756.653
896.899
1099.32
842.883
864.214
1099.31
1099.33
742.895
1099.33
804.515
1099.15
968.445
989.242
1001.66
952.291
901.996
983.515
970.143
1070.26
963.885
829.008
906.342
1098.87
827.528
1098.83
937.5
1079.39
841.482
1098.56
847.774
1073.27
1084.59
1082.56
1080.65
1080.5
1080.58
1053.37
1091.48
1021.07
847.328
1098.88
1098.87
1098.89
1080.51
1079.32
1080.4
1078.53
912.118
1095.22
967.732
1071.31
1087.58
917.762
893.211
1098.36
928.143
1015.76
1058.6
1067.36
961.839
1040.99
1082.52
1035.28
1059.55
938.375
1079.1
1074.27
1088.72
1071.2
951.803
1092.41
991.466
1068.27
1087.95
1083.48
1057.72
1089.83
1090.1
857.864
829.407
1098.08
785.241
1097.36
1094.83
920.136
1080.15
1080.57
1080.55
1079.93
1087.03
1073.12
1093.11
1093.68
973.499
810.751
749.055
1096.7
1046.13
1088.37
1073.15
1072.99
1087.29
1073.15
1088.99
1098.88
1097.4
1099.19
843.902
878.947
1099.25
1098.09
1099.32
778.073
1099.33
1093.24
1099.3
1098.47
813.242
766.039
1098.78
1099.29
790.287
756.159
889.468
1099.33
1098.75
748.509
844.912
1098.88
1098.86
857.737
985.435
1018.13
991.071
1023.53
1027.92
1007.48
998.465
1088.91
1084.89
1097.87
1096.71
1087.84
1042.79
1074.3
1079.9
1067.72
1074.85
1098.12
929.919
1073.57
1068.97
1085.05
1075.86
1098.75
916.659
944.965
987.638
1086.29
1098.61
1086.31
864.763
1097.16
1043.47
1014.01
986.402
1098.39
1078.44
1079.56
1080.53
1094.98
1093.82
826.553
930.141
1098.64
837.435
1097.91
851.323
1098.88
1098.87
1098.88
871.673
1059.82
1043.96
1064.28
1032.35
1064.13
948.131
1073.02
972.636
973.556
1076.85
1082.51
958.172
1084.89
969.093
1095.53
944.79
1084.51
1085.73
1050.2
1079.73
1080.55
1077.56
1089.75
1083.27
972.214
1090.64
1096.39
899.087
1095.24
952.906
1005.61
1079.06
1078.36
1080.5
1080.51
1082.42
1081.44
1063.35
1034.91
1081.87
1081.24
1092.32
1080.56
1080.56
1080.23
1080.4
924.684
1078.93
1080.08
1098.81
845.738
844.059
838.634
1098.82
1098.85
830.771
1098.89
1098.87
851.814
826.041
1097.58
874.622
923.549
921.37
832.902
912.214
1098.85
899.888
1098.88
864.447
1098.87
1098.47
1019.44
981
1026.21
1028.08
950.563
1016.87
1001.51
1077.35
982.581
962.408
901.306
1098.09
1098.09
1097.42
900.979
1070.11
934.574
1016.46
1073.51
894.101
946.233
1098.05
1067.56
1086.25
977.384
1069.31
1083.47
1040.9
1088.36
1083.16
908.889
1098.07
950.91
1095.4
981.848
1091.39
1086.18
1070.85
1086.23
1064.04
1090.95
1068.09
1058.97
1072.95
1075.53
1074.1
1098.19
1096.98
935.257
1044.39
1042.84
1046.13
989.492
1042.27
1055.76
1082.51
1001.37
996.078
1073.16
1084.03
993.887
1084.25
1093.02
1082.26
1079.35
1097.02
1076.79
1085.6
1086.15
1083.95
975.984
1072.24
1069.93
1086.32
1086.32
1068.35
1086.27
1079.37
1085.79
1088.84
1097.08
886.211
1071.77
1094.45
1086.29
1069.26
935.564
1086.84
1047.15
911.315
1080.6
961.045
1022.25
1079.31
1078.42
1077.69
1080.51
992.006
834.617
1098.13
1098.75
925.762
1098.79
924.508
1096.41
1098.88
892.13
1098.35
841.436
1098.7
951.42
1097.65
856.605
1098.11
1098.02
1098.13
1098.11
919.391
1050.87
1022.19
1003.38
1044.86
971.572
1041.57
896.094
1082.84
1088.05
1097.17
1097.88
1097.84
1067.62
1015.93
1092.61
1067
1010.07
1059.97
1090.47
979.412
951.407
1097
967.817
1086.33
1096.94
1079.01
1093.93
1051.68
1052.84
1056.37
1090.4
1077.32
1074.77
1081.71
1009.42
1089.46
1093.89
971.068
1081.94
892.162
1097.59
1096.07
938.337
1098.12
972.506
1059.69
1059.79
1097.23
1035.62
1030.73
1005.18
1058.4
1082.29
1059.96
1002.73
1076.13
998.277
1070.25
988.338
1075.89
1096.38
1089.1
968.977
1085.92
1071.04
1090.48
1052.06
1090.44
1077.41
1072.07
1079.69
1027.18
1090.36
1032.8
1065.33
1001.19
1084.48
1090.39
1053.42
1089.68
1068.75
1065.77
1086.18
1095.43
960.174
1087.18
1021.99
1085.98
1064.89
1050.09
1066.79
1065.92
1059.73
1084.73
1086.22
1086.33
1098.12
1098
899.09
981.541
914.244
1098.1
929.959
1098.08
1097.87
904.064
896.936
956.478
905.919
1098.09
1097.01
964.103
1097.23
1095.76
1098.12
943.18
940.532
1039.55
949.278
1096.98
1096.94
1095.49
1084
1096.94
1092.6
1049.32
1008.94
995.163
1024.89
1022.74
1090.86
998.779
1093.39
1096.86
1062.62
1001.95
1090.36
1017.35
1087.93
1044.88
1090.45
1045.42
1071.11
1089.62
1083.76
1058.14
1072.92
1080.51
1077.02
1026.99
1097
1094.52
1042.53
1095.41
1032.56
1095.45
1031.34
1093.31
1051.98
1052.43
1020.78
955.848
962.136
1096.51
1088.26
1084
1072.51
1022.16
1077.74
1088.61
1067.8
1064.96
1086.07
1014.71
1095
1062.11
1065.65
1090.02
1089.64
1090.26
1004.63
1055.75
1057.84
1054.3
987.508
1097.62
983.216
1098.02
1097.01
1093.4
1090.4
1097.02
1059.71
1085.24
1087.16
1063.98
1040.86
1051.1
1090.31
1082.32
1048.39
1080.6
1058.39
1085.5
1066.1
1072.92
1064.46
1088.57
1086.3
1050.16
946.989
971.504
1097.93
1096.62
1093.4
897.558
985.932
893.724
1097.73
961.966
956.363
1096.99
1096.98
1092.83
998.403
975.139
966.915
1019.71
1059.5
1059.7
1096.36
946.601
1077.01
1089.94
1095.84
1071.29
1079.53
1088.72
1081.68
1050.27
1087.91
1055.77
1091.81
1054.09
1034.91
1091.95
1027.27
1039.49
1036.65
1096.53
1092.53
1092.91
1096.96
1007.81
1027.15
1005.46
1095.42
1091.73
1096.75
1092.15
1095.41
998.296
1065.24
1091.08
1095.82
1047.48
1090.29
1092.43
1095.49
1022.53
945.033
1023.86
1069.85
1089.04
1034.97
1088.12
1059.83
1090.43
1046.59
1090.7
1035.52
1067.37
1024.68
1094.11
1019.05
1064.01
1096.13
1093.19
992.506
1034.56
1095.49
1069.5
1068.08
1043.14
1082.26
1084.19
1051.85
1078.88
1080.05
1054.37
1090.2
1090.66
1090.07
1046.03
1047.73
1017.22
1089.15
1075.05
1060.91
1090.33
1096.97
1002.59
960.443
1092.29
951.149
990.382
1096.95
1096.92
948.408
1096.89
1003.8
1095.07
1012.4
1082.26
1036.13
1071.99
1031.01
1037.98
1068.34
1046.22
1010.74
1095.45
1093.37
1093.33
1095.44
1002.31
996.768
1031.27
1093.28
1052.47
1041.4
988.958
1092.63
1022.35
995.508
1092.31
1089.38
1095.29
1072.37
1027.28
1045.73
1095.41
1091.35
1087.14
1037.77
1052.01
1056.17
1085.14
1049.07
1022.61
1095.28
998.138
1024.33
1047.04
1095.42
1096.59
1090.2
1095.42
947.526
945.118
1096.13
1031.13
1095.84
1080.79
1054.57
1076.97
1086.77
1042.22
1090.55
1040.97
1038.3
1092.76
1051.78
1093.97
1031.27
1094.63
1043.02
1096.81
1017.85
1013.88
1007.89
1095.5
1040.26
992.119
1043.94
1094.82
1035.11
1031.03
1095.03
1093.26
1094.47
1067.5
1093.85
1025.5
1092.88
1019.85
1050.07
1021
1095.22
1093.43
1025.75
1088.27
1084.93
1092.8
1093.79
1092.94
1080.3
1072.07
1054.98
1086.79
1068.57
1057.95
1093.22
1074.84
1083.12
1065.61
1078.63
1063.24
1084.77
988.992
1093.07
988.802
1095.34
1095.03
989.288
1093.32
1094.05
1095.15
988.307
1093.57
990.557
1093.01
1020.98
1021.99
1060.79
1095.26
1076.85
1086.15
1082.47
1041.44
988.284
1021.5
