522.375
520.988
443.18
444.181
711.97
717.271
706.874
521.884
520.41
517.96
514.544
510.178
504.881
498.676
491.591
483.654
474.91
465.379
455.138
455.714
466.78
477.413
487.543
497.199
506.292
514.967
522.91
530.638
537.505
544.091
550.038
555.537
560.565
565.064
569.25
572.856
576.171
579.111
581.674
583.946
585.923
587.607
589.128
590.276
591.481
592.254
593.062
593.652
594.147
594.608
594.833
595.3
595.259
595.64
595.679
595.861
595.968
596.055
596.214
596.24
596.421
596.564
596.642
596.82
596.959
597.105
597.341
597.394
597.823
597.708
598.153
598.231
598.498
598.708
598.862
599.181
599.17
599.575
599.612
599.772
599.86
599.915
599.92
599.896
599.716
599.705
599.137
599.012
598.399
597.855
597.121
596.152
595.25
593.672
592.626
590.593
588.8
586.473
583.94
581.101
577.795
574.345
570.241
565.808
561.074
555.744
550.033
543.848
537.06
530.063
522.001
514.317
505.24
496.256
486.468
476.372
465.712
454.75
454.141
464.234
473.776
482.429
490.348
497.387
503.566
508.839
513.187
516.59
519.031
520.499
538.652
555.694
572.065
587.741
602.688
616.889
630.325
642.99
654.88
665.996
676.348
685.946
694.808
702.955
710.41
717.201
723.358
728.913
733.899
738.351
742.301
745.785
748.838
751.498
753.799
755.771
757.442
758.839
759.991
760.924
761.665
762.234
762.653
762.94
763.113
763.188
763.178
763.096
762.954
762.762
762.53
762.264
761.974
761.664
761.341
761.007
760.664
760.327
760.016
759.732
759.459
759.181
758.905
758.644
758.402
758.18
757.974
757.783
757.603
757.431
757.261
757.088
756.903
756.696
756.455
756.167
755.816
755.387
754.859
754.211
753.421
752.459
751.297
749.899
748.235
746.273
743.982
741.328
738.266
734.756
730.754
726.221
721.117
715.404
709.046
702.008
694.259
685.768
676.513
666.472
655.63
643.976
631.507
618.226
604.137
589.26
573.611
557.226
540.131
619.253
590.369
617.799
761.827
685.019
716.199
642.161
569.764
619.8
762.065
760.864
531.758
755.359
569.81
623.543
591.629
714.408
540.074
684.844
756.162
643.153
623.163
754.293
623.437
622.691
756.873
520.753
512.744
586.909
601.125
614.332
620.141
620.61
608.5
744.715
756.344
759.554
750.41
759.816
621.089
758.901
619.715
615.251
606.333
750.216
733.714
745.198
621.621
758.357
501.021
588.441
487.36
531.122
533.462
490.956
498.048
757.799
621.941
548.582
618.346
727.883
622.125
761.841
616.161
753.12
478.388
537.953
477.45
556.272
534.81
537.534
467.457
554.853
502.02
512.515
521.626
617.435
601.888
755.805
623.603
611.446
740.267
599.815
725.199
581.634
701.045
555.947
665.594
756.503
623.036
622.335
757.3
755.071
623.492
621.414
618.866
752.331
748.823
618.37
556.348
619.535
594.457
701.987
575.683
761.123
581.066
616.095
665.117
616.855
732.857
610.367
762
761.65
761.418
603.94
760.554
619.835
760.23
752.707
737.298
757.737
620.236
611.89
525.153
505.127
506.498
466.313
539.323
478.491
621.754
729.734
758.497
594.543
641.573
757.539
642.028
758.318
752.079
573.76
645.753
637.867
629.613
753.042
747.176
641.474
746.963
527.7
584.666
515.366
520.9
547.178
614.528
491.198
489.889
571.178
572.731
511.436
603.332
599.631
522.491
479.439
530.612
630.703
629.517
563.097
675.611
708.065
586.955
729.721
603.187
742.913
613.767
720.107
755.599
576.034
609.094
595.775
737.216
693.314
623.603
547.973
623.097
654.779
754.722
617.364
747.159
620.612
751.373
755.989
758.628
621.017
623.532
756.683
623.138
622.11
757.539
758.078
621.559
622.62
757.078
618.914
619.167
756.331
623.334
563.254
622.482
619.388
753.766
540.658
759.217
620.737
618.293
619.58
675.444
693.86
709.424
654.025
761.54
722.341
617.41
762.074
606.37
760.555
741.24
597.989
761.983
761.154
615.439
586.037
754.676
759.898
613.366
619.93
747.761
758.885
620.422
631.58
757.231
519.447
526.46
514.089
496.78
529.84
488.702
536.195
500.862
490.14
551.242
554.341
682.245
713.196
639.753
639.627
756.498
546.822
628.289
641.112
726.634
705.129
581.043
606.401
752.028
624.041
672.91
752.71
645.741
644.694
753.387
750.493
644.591
636.034
642.55
756.256
642.938
755.663
635.054
739.737
643.31
754.918
754.23
581.294
649.107
541.127
600.965
562.623
525.813
537.488
613.806
752.321
645.813
644.943
644.159
581.321
640.804
624.713
754.427
642.21
641.77
749.439
741.527
757.827
519.612
511.958
570.55
503.497
569.032
549.928
526.719
502.57
536.072
547.605
640.678
652.229
555.933
565.075
611.531
730.606
627.337
741.983
637.251
690.484
711.425
642.536
588.207
748.113
645.501
645.605
753.573
751.443
751.792
734.095
630.274
640.321
745.565
754.648
753.046
717.084
643.73
616.234
645.469
594.797
588.205
753.777
641.249
565.784
640.408
662.531
699.082
640.379
734.143
758.667
758.732
638.56
633.314
756.89
610.349
757.799
758.509
641.525
600.337
724.796
627.336
618.348
758.214
751.382
641.943
744.56
636.965
758.088
542.166
534.95
510.716
528.956
502.061
552.901
551.272
560.948
589.983
661.313
640.749
719.682
660.461
753.035
618.031
597.739
661.747
752.799
662.228
624.222
746.66
706.498
721.562
624.694
643.146
666.215
747.921
542.239
657.845
736.232
747.406
742.046
654.769
734.731
661.774
741.382
663.891
747.299
534.749
643.386
749.066
633.073
646.677
752.315
514.975
565.945
536.41
615.018
539.661
514.423
627.184
586.097
596.086
556.884
636.525
571.326
662.967
573.286
605.207
752.529
645.791
644.052
749.851
746.355
666.081
698.16
682.075
644.884
644.397
755.187
643.345
754.449
753.214
645.358
725.525
646.66
630.004
605.314
743.911
638.617
748.301
752.882
645.622
643.887
640.916
753.997
644.938
722.146
620.261
600.931
737.137
632.874
751.017
724.555
672.764
706.467
661.906
651.214
758.651
751.724
757.234
639.91
738.065
651.55
719.295
756.003
634.687
642.791
691.014
758.742
639.133
641.357
605.537
755.571
756.514
642.348
661.983
744.037
752.337
655.87
546.132
556.57
550.692
533.658
513.899
567.118
557.181
635.966
677.501
677.676
744.453
747.366
666.145
665.02
744.439
618.419
574.123
712.697
666.732
739.247
714.723
612.901
684.864
753.227
680.161
664.558
665.377
641.161
694.279
660.522
662.619
749.833
556.224
564.656
551.236
737.119
589.556
732.112
652.373
748.934
748.525
661.072
623.565
752.989
661.631
751.39
662.25
728.907
751.005
748.909
653.046
591.247
526.483
550.102
582.374
610.991
527.514
610.115
572.154
562.068
580.706
647.983
597.891
668.448
581.322
658.453
611.908
685.823
746.945
666.231
729.012
649.71
664.426
747.677
700.288
665.038
747.804
749.484
663.505
748.683
664.777
665.541
736.771
739.835
656.757
660.392
746
745.577
665.797
666.03
712.097
717.123
748.095
634.782
639.203
612.317
618.736
664.038
742.676
662.826
753.196
662.069
658.582
659.538
708.246
752.775
659.97
739.43
745.683
656.972
660.698
752.338
662.928
628.486
680.167
661.482
637.14
714.27
643.902
732.778
654.655
751.759
752.577
549.963
543.198
524.317
577.481
525.397
561.851
595.666
662.395
627.677
644.909
679.57
728.692
745.008
745.262
676.01
738.444
680.32
682.896
693.73
678.526
657.876
745.793
722.084
667.271
696.441
684.556
683.34
683.256
741.01
740.497
674.164
739.62
680.519
743.811
682.324
738.842
672.379
729.934
680.064
733.624
741.131
562.435
605.395
604.942
739.687
684.78
736.746
744.76
664.129
547.294
564.258
591.764
548.189
571.199
538.521
623.434
575.181
563.539
630.663
604.321
613.024
658.63
647.696
594.982
584.835
668.442
671.326
620.764
634.911
693.425
634.059
699.819
710.301
651.831
646.765
718.737
664.106
743.666
740.603
747.553
750.947
663.295
738.853
748.746
656.326
665.553
664.286
747.193
666.173
680.022
745.068
664.918
665.823
663.672
738.258
684.763
658.83
682.455
659.779
717.461
701.606
680.223
753.261
668.984
744.199
750.078
677.801
686.306
659.13
753.138
653.968
750.932
662.314
707.452
731.622
721.72
743.492
671.08
597.059
571.603
556.918
537.469
538.48
576.875
677.379
596.897
617.571
671.536
687.848
745.732
737.605
574.221
642.533
655.194
641.427
685.806
655.861
672.759
694.03
708.854
682.304
701.285
719.48
740.292
735.145
598.532
706.443
730.137
675.518
652.751
687.03
683.886
682.649
741.215
742.586
681.828
740.564
677.445
745.442
743.962
680.131
741.365
696.401
569.594
585.019
727.863
699.651
578.155
561.367
550.186
618.182
611.265
585.771
642.153
604.663
573.186
620.61
679.564
662.687
626.37
639.738
628.063
705.349
661.529
710.477
666.541
740.074
684.606
684.44
683.054
679.185
682.952
735.274
682.532
740.523
741.361
729.508
738.255
738.06
724.838
669.892
745.401
681.115
740.844
683.007
681.004
684.415
683.825
737.076
729.408
729.767
682.584
674.737
678.715
725.496
745.914
676.732
696.233
672.839
744.344
680.266
745.564
735.889
675.091
679.047
649.551
679.809
701.633
704.315
684.682
745.067
743.908
742.566
680.069
661.122
585.441
691.794
730.841
736.194
736.139
700.586
734.338
737.597
728.683
696.02
695.978
597.671
617.576
628.809
653.912
668.215
737.229
731.432
696.32
688.04
710.4
700.842
724.904
696.157
698.997
731.752
698.43
732.429
699.011
699.685
731.912
731.757
698.611
713.013
735.504
591.177
655.646
696.786
694.768
719.582
688.239
714.17
720.759
710.239
690.468
687.308
724.582
733.34
729.79
598.328
586.308
585.269
630.819
645.715
623.579
607.573
634.117
653.112
679.303
663.928
641.981
634.343
649.097
647.978
697.055
691.719
702.067
663.998
679.991
668.586
695.16
693.73
673.987
671.139
699.334
730.905
700.882
701.206
698.679
699.519
729.056
682.312
700.347
728.486
740.524
684.158
681.743
736.352
731.585
730.074
700.1
676.861
698.81
693.044
679.522
745.899
719.997
735.043
677.148
696.077
677.277
745.609
695.689
694.907
716.634
732.287
735.014
695.582
676.257
696.045
570.345
560.469
577.737
736.616
692.794
700.138
697.514
736.271
582.453
594.995
618.475
611.461
603.795
624.191
637.728
635.917
647.048
645.631
637.699
660.025
682.263
687.542
672.38
645.84
653.672
687.472
709.499
718.702
689.409
703.167
715.305
737.234
715.334
709.565
698.31
731.829
714.728
717.165
722.084
714.184
714.811
721.181
717.928
692.512
709.876
713.236
724.483
709.517
724.583
713.326
690.66
720.341
693.69
717.635
635.175
607.931
646.347
626.147
671.997
664.273
661.185
659.022
692.451
689.961
732.028
698.944
723.195
732.222
732.072
716.681
731.867
700.229
698.822
696.771
695.389
734.853
726.446
728.16
697.099
699.233
731.678
698.818
685.343
733.422
695.483
689.591
735.369
690.912
695.951
735.354
736.922
692.494
729.265
693.166
735.939
709.942
726.252
720.599
590.832
583.358
595.756
714.483
670.336
681.31
678.506
679.148
683.858
699.239
708.613
707.559
700.796
692.022
721.662
607.438
705.082
713.928
718.052
704.451
725.756
713.915
723.884
712.796
709.622
709.64
722.038
725.38
724.68
709.156
711.008
627.317
607.095
663.193
666.05
671.39
701.014
718.202
727.541
711.724
737.015
724.858
706.636
692.783
692.49
736.431
709.535
721.881
603.731
615.988
724.983
616.244
618.427
627.84
628.413
637.38
638.16
655.434
647.32
653.085
655.74
676.645
680.272
671.452
676.537
685.568
684.582
721.281
706.62
721.735
727.089
710.694
704.807
727.123
695.334
726.63
732.024
704.245
709.984
701.75
709.5
721.957
715.444
725.929
709.86
715.911
713.899
725.309
712.972
710.094
711.935
712.443
722.688
721.394
713.794
721.702
721.389
710.284
712.715
725.309
721.26
712.592
721.293
713.319
706.26
710.994
705.805
722.967
663.767
706.115
698.668
726.159
726.683
706.141
725.89
704.414
725.819
716.503
717.889
721.4
724.952
712.657
725.011
712.746
709.23
706.04
717.375
