548.339
546.33
459.484
461.035
745.73
746.787
739.776
547.791
546.145
543.41
539.598
534.724
528.81
521.883
513.973
505.113
495.351
484.707
473.281
473.901
486.177
497.933
509.066
519.631
529.489
538.894
547.3
555.659
562.763
569.687
575.785
581.387
586.452
590.87
595.026
598.399
601.534
604.265
606.558
608.564
610.256
611.631
612.898
613.671
614.725
615.124
615.725
616.054
616.316
616.607
616.56
617.02
616.592
617.01
616.851
616.977
616.999
617.008
617.165
617.08
617.314
617.476
617.502
617.719
617.862
618.016
618.323
618.305
618.968
618.598
619.289
619.311
619.672
619.939
620.114
620.595
620.48
621.186
621.222
621.488
621.677
621.837
621.956
622.073
621.979
622.259
621.557
621.817
621.274
620.966
620.439
619.626
619.079
617.454
617.051
614.964
613.533
611.355
609.026
606.388
603.153
599.95
595.776
591.307
586.631
581.154
575.302
568.9
561.725
554.486
545.608
537.839
527.739
518.135
507.37
496.319
484.534
472.436
471.728
482.944
493.595
503.247
512.083
519.945
526.847
532.74
537.603
541.408
544.139
545.782
565.976
584.868
602.935
620.162
636.497
651.934
666.447
680.037
692.701
704.45
715.298
725.267
734.382
742.674
750.18
756.936
762.986
768.37
773.133
777.319
780.972
784.134
786.85
789.163
791.114
792.74
794.07
795.137
795.972
796.603
797.057
797.357
797.525
797.579
797.535
797.41
797.215
796.963
796.664
796.327
795.96
795.571
795.165
794.749
794.327
793.9
793.471
793.053
792.671
792.323
791.991
791.662
791.342
791.045
790.779
790.544
790.338
790.162
790.014
789.891
789.791
789.709
789.639
789.573
789.5
789.408
789.283
789.109
788.866
788.533
788.086
787.495
786.726
785.743
784.509
782.988
781.144
778.934
776.307
773.21
769.591
765.4
760.585
755.097
748.886
741.905
734.11
725.46
715.919
705.455
694.045
681.669
668.316
653.985
638.676
622.413
605.205
587.101
568.122
642.061
618.043
641.459
796.379
724.242
755.835
679.115
597.513
642.428
796.017
793.973
557.484
788.323
597.156
647.411
619.234
754.005
566.053
724.44
788.612
680.756
647.71
787.932
646.826
645.716
789.158
546.494
537.023
619.235
628.24
639.247
642.665
643.153
634.753
782.968
792.881
792.279
787.98
795.406
643.753
791.474
645.189
641.168
633.338
785.56
772.075
781.824
644.486
790.81
523.484
621.504
508.645
558.067
560.173
513.03
521.152
790.156
644.797
575.357
641.531
767.241
646.942
795.467
640.558
787.358
498.577
565.195
497.729
586.041
562.184
565.225
486.992
583.932
525.202
536.674
546.004
653.107
635.608
788.461
647.212
637.986
777.782
627.207
764.284
609.214
740.845
582.731
704.485
788.834
646.16
645.279
789.597
788.232
647.529
646.407
641.842
786.912
784.58
643.977
583.654
642.214
622.06
741.607
603.536
796.158
608.932
651.05
703.474
641.006
771.992
636.313
796.336
795.131
794.766
630.805
793.557
642.355
793.134
789.928
776.169
793.945
642.723
637.484
550.881
528.5
530.582
485.151
567.22
499.325
650.753
768.576
792.791
624.337
665.628
790.403
666.099
791.549
784.801
602.897
671.318
663.991
657.666
789.306
784.463
668.603
782.05
553.603
616.736
540.084
546.577
575.899
643.985
513.434
511.254
601.948
604.226
534.838
637.782
633.092
547.526
500.309
555.454
667.423
665.548
590.193
714.922
747.809
614.673
768.465
630.351
779.985
640.18
759.481
788.396
603.581
635.89
623.149
775.164
733.069
647.325
574.211
647.171
693.102
788.107
643.46
783.345
645.825
786.324
788.531
791.138
643.526
647.013
788.982
646.422
644.994
789.86
790.479
644.272
645.665
789.363
642.2
642.102
788.712
646.626
590.784
647.007
642.113
787.69
567.113
791.862
643.28
641.827
642.16
714.297
733.335
749.094
691.752
796.326
761.869
641.321
796.211
632.929
795.859
779.814
625.377
795.765
794.378
640.165
613.898
791.552
792.71
638.732
642.392
785.677
794.776
642.943
659.296
789.988
544.506
552.864
539.056
519.235
556.122
510.714
563.228
523.626
511.751
580.433
583.888
721.174
752.534
676.434
664.973
791.821
573.776
664.743
665.455
765.097
744.586
609.906
635.82
784.484
653.187
711.939
785.012
670.912
670.938
785.448
784.169
669.132
662.808
666.685
788.737
667.117
788.001
663.258
776.54
667.483
787.124
786.313
612.972
678.824
568.591
635.153
592.966
550.936
564.202
648.499
784.877
671.244
669.58
668.572
610.797
665.404
653.405
790.363
666.31
665.861
786.382
779.492
790.804
544.565
536.602
601.798
527.026
599.554
578.429
552.496
525.477
563.507
575.13
678.01
690.278
583.294
593.125
641
768.689
656.28
778.345
665.309
729.954
750.737
669.421
617.344
782.808
671.448
671.339
785.619
784.583
784.709
771.766
658.997
667.726
781.065
786.801
785.188
756.173
668.051
645.727
670.425
624.114
617.885
785.823
665.505
594.574
665.067
700.604
738.405
665.373
772.722
792.747
792.431
664.401
660.701
789.547
640.042
792.572
791.883
665.671
630.165
763.859
655.719
647.582
792.74
787.982
666.062
782.19
663.369
791.187
570.306
561.693
534.667
555.568
525.553
581.751
579.527
589.274
620.826
687.141
671.45
758.256
686.696
786.906
649.572
628.412
687.346
785.618
687.711
660.231
778.982
745.335
759.557
656.024
673.954
693.267
779.587
569.646
685.489
773.709
783.207
778.873
684.596
771.102
690.59
776.035
689.657
778.96
561.881
670.037
783.394
664.275
676.742
784.882
539.824
596.105
562.437
650.424
566.906
538.497
662.95
618.898
629.138
585.019
673.407
600.523
701.579
601.783
636.594
784.945
671.081
670.478
783.838
778.868
693.288
737.674
721.387
669.533
668.876
787.45
667.66
786.563
785.307
670.24
763.142
677.254
661.252
636.275
779.839
666.168
779.951
785.093
670.667
668.236
665.361
786.056
670.886
760.948
649.551
630.381
774.379
661.355
784.41
762.911
711.327
745.84
687.485
680.574
792.181
784.076
792.273
665.012
776.349
689
758.527
788.413
661.7
666.959
730.192
792.623
664.713
665.536
635.298
791.193
789.076
666.456
687.497
780.521
786.682
684.149
574.185
585.632
579.661
560.061
538.007
597.975
586.898
672.215
716.341
716.119
776.35
779.277
692.759
692.867
778.011
653.802
603.978
750.603
697.959
771.021
752.074
645.086
713.348
786.508
707.052
690.476
691.622
674.016
733.111
692.952
688.133
781.836
585.017
595.024
579.801
773.487
619.836
768.9
682.471
780.649
780.187
687.006
655.052
785.949
687.292
783.643
687.725
767.003
785.888
784.393
682.052
623.743
551.831
577.57
614.756
645.954
553.62
644.385
602.002
591.183
610.494
685.575
629.059
707.009
611.687
696.071
643.416
724.819
779.105
693.12
766.217
680.062
692.493
779.43
739.271
691.16
779.506
781.346
689.131
780.404
690.763
691.804
772.72
774.907
686.284
689.476
778.734
778.561
693.185
692.527
750.713
755.455
779.746
665.88
670.187
643.472
650
689.828
776.945
691.383
786.856
687.536
685.927
686.343
747.094
786.876
686.297
776.579
781.814
684.935
686.754
784.479
688.485
659.828
706.999
687.218
668.125
753.012
674.299
770.579
683.323
786.365
785.266
578.259
571.305
549.683
609.311
551.453
591.53
627.626
700.319
660.798
677.855
706.688
765.488
778.781
777.521
705.085
770.617
707.114
710.097
732.061
705.855
690.137
779.107
758.67
699.212
724.513
712.564
712.561
710.729
772.131
771.669
703.945
774.771
707.34
775.399
709.347
769.929
703.766
765.887
710.316
767.656
772.304
591.353
639.745
638.626
771.311
713.087
772.697
776.77
695.72
575.047
593.968
624.929
576.668
601.704
564.99
658.77
605.752
593.181
666.918
636.105
645.788
696.78
684.707
626.234
615.43
706.535
709.523
653.239
667.721
732.465
667.206
738.003
747.984
684.609
679.611
755.725
696.301
777.573
771.713
779.377
782.953
688.9
770.812
780.432
688.944
693.222
690.135
779.218
692.914
706.974
778.332
690.969
692.191
691.977
773.769
713.435
688.206
709.49
686.342
755.152
740.489
707.039
786.725
699.839
775.997
785.255
705.256
724.994
686.194
786.253
686.488
783.085
687.795
745.529
767.945
759.155
777.777
701.573
630.814
602.763
586.4
564.131
565.847
608.039
705.547
628.84
650.783
709.322
726.016
778.447
770.303
605.068
678.96
692.348
675.89
723.337
690.178
706.363
722.517
745.731
714.859
730.977
755.487
771.686
766.359
632.129
743.021
761.246
709.271
690.274
725.421
712.892
709.784
772.357
773.976
708.785
771.801
705.114
777.839
775.671
706.907
776.233
724.542
599.63
616.806
763.294
727.893
609.789
591.084
578.032
652.926
645.879
617.094
679.122
637.081
603.275
653.596
717.914
700.151
659.977
672.815
660.742
743.313
695.787
746.721
700.667
771.575
712.751
713.289
710.38
712.687
710.333
768.954
709.613
771.655
772.529
760.781
769.248
770.482
760.888
701.549
777.035
707.995
771.957
710.27
710.963
712.295
711.456
770.078
764.761
764.112
712.029
705.85
709.25
762.638
779.018
705.492
724.236
702.971
778.367
707.076
779.107
771.244
704.502
706.261
682.291
706.833
739.822
741.414
716.845
777.2
775.549
777.138
706.847
693.055
617.897
722.073
765.25
769.285
767.722
729.887
767.902
768.706
760.406
723.923
723.866
630.295
651.328
663.196
688.325
703.724
769.884
762.304
730.029
720.724
739.535
730.934
758.216
727.741
727.284
762.293
729.15
762.972
727.453
728.461
762.383
762.215
726.745
749.641
766.832
623.953
692.344
732.505
730.95
749.925
723.176
750.072
755.91
739.288
721.532
719.135
759.266
764.055
760.2
631.271
618.121
616.339
666.486
682.482
659.074
640.218
668.444
690.134
716.902
701.344
676.086
668.229
683.341
682.463
734.213
729.1
738.966
698.069
718.014
702.445
733.388
731.128
709.444
705.092
736.614
761.89
730.364
731.094
727.231
727.799
760.536
715.54
729.493
760.492
771.836
711.919
711.426
769.683
762.072
765.089
730.392
707.667
727.13
721.645
712.454
778.804
755.514
766.171
705.604
724.021
705.171
778.157
723.988
723.291
752.977
766.413
766.07
723.438
709.533
724.253
601.089
589.446
608.698
768.64
722.107
729.039
728.475
767.982
613.611
627.163
652.282
645.46
637.582
659.125
673.631
671.619
683.328
681.14
672.471
695.699
718.717
723.792
709.6
680.891
688.943
724.915
738.787
749.184
723.836
738.875
746.071
769.672
746.313
744.711
731.566
762.609
745.263
751.948
752.065
744.515
745.984
754.79
748.851
721.279
738.844
742.537
754.913
738.385
754.945
742.527
723.088
754.904
725.923
751.446
671.395
641.179
682.63
660.241
709.561
701.276
696.613
693.266
728.464
726.33
762.648
727.59
756.745
762.729
762.607
752.305
762.329
729.246
727.194
728.022
727.325
765.707
759.417
760.471
725.099
729.729
762.146
727.309
718.305
767.26
723.336
721.083
766.386
721.547
723.852
768.677
769.798
722.441
763.844
727.257
767.397
739.141
756.451
750.839
622.934
615.244
628.631
743.831
707.027
716.318
715.042
714.482
719.013
735.204
737.982
737.022
736.201
726.706
751.479
641.149
736.39
745.288
749.271
736.64
756.565
744.085
756.618
742.113
738.535
738.53
755.325
756.057
754.981
737.993
740.016
662.68
640.154
699.849
701.642
707.855
733.948
748.881
760.176
746.671
769.242
755.401
742.07
722.405
721.501
768.288
738.418
755.925
636.873
650.647
755.014
650.309
652.824
662.665
663.326
672.652
673.558
691.957
683.123
688.725
691.835
713.265
717.652
706.883
711.772
720.303
721.074
751.422
736.213
751.788
758.749
745.503
739.889
759.001
729.745
758.063
762.721
738.287
744.033
735.127
743.112
751.852
747.997
758.223
742.541
748.966
743.944
755.535
744.532
743.209
743.712
741.986
752.529
751.149
743.719
751.452
751.117
742.611
742.081
755.483
750.965
742.073
750.995
743.104
736.909
743.021
736.77
755.962
700.083
735.901
732.83
757.39
758.769
736.469
756.954
736.111
756.748
748.69
749.413
751.114
757.458
742.078
755.272
742.395
738.077
736.077
749.224
