672.739
671.882
533.713
542.625
873.315
860.467
863.256
671.94
669.525
665.503
659.886
652.691
643.947
633.685
621.924
608.764
594.139
578.264
561.138
561.908
579.694
596.272
611.51
625.531
637.705
649.861
657.709
670.21
675.077
682.715
687.52
691.975
695.778
697.755
701.343
700.746
701.737
702.847
702.665
702.777
702.48
701.754
701.907
699.555
702.082
699.207
699.517
698.471
697.738
697.81
695.715
698.499
692.414
695.474
693.568
694.059
693.862
693.428
694.393
692.688
695.078
696.354
695.383
696.374
696.332
696.515
697.605
696.01
700.405
693.372
697.975
696.286
697.424
697.822
697.362
699.723
696.269
702.537
701.656
702.017
702.587
702.717
703.225
703.633
703.126
706.145
698.434
703.445
701.345
702.375
702.483
701.531
704.162
698.301
709.261
702.837
705.179
703.399
702.52
701.969
698.601
699.985
692.527
686.933
685.568
679.722
675.225
669.24
661.194
656.368
640.413
644.567
625.816
616.698
601.696
587.122
570.724
554.025
549.74
568.549
583.616
599.189
613.593
626.281
637.937
647.976
656.415
663.111
667.964
670.902
700.975
728.647
754.128
777.913
799.61
819.404
837.251
853.218
867.378
879.82
890.65
899.983
907.941
914.652
920.241
924.833
928.549
931.501
933.794
935.526
936.781
937.637
938.163
938.422
938.468
938.34
938.067
937.677
937.193
936.638
936.027
935.373
934.685
933.97
933.234
932.48
931.713
930.935
930.147
929.353
928.553
927.75
926.945
926.139
925.335
924.529
923.722
922.93
922.183
921.478
920.793
920.106
919.43
918.784
918.183
917.632
917.135
916.696
916.324
916.024
915.804
915.671
915.629
915.684
915.838
916.095
916.453
916.912
917.468
918.113
918.834
919.614
920.424
921.232
922.001
922.693
923.263
923.651
923.781
923.564
922.907
921.706
919.851
917.221
913.689
909.122
903.384
896.336
887.843
877.775
866.01
852.441
836.975
819.539
800.068
778.608
754.978
729.572
701.902
726.744
729.393
727.26
932.275
898.294
923.09
851.643
716.477
727.671
930.036
925.299
676.107
914.28
709.559
732.974
725.285
915.733
679.508
894.913
914.233
851.135
738.785
915.36
731.568
731.726
915.55
670.001
651.169
776.345
734.204
729.9
725.791
726.22
734.315
935.886
936.337
922.089
936.671
934.921
727.447
920.553
737.737
731.407
730.799
918.887
922.045
921.152
731.693
919.189
620.614
777.3
605.094
687.089
690.772
618.601
632.405
917.824
730.765
694.339
724.791
929.747
737.324
928.48
729.374
916.564
586.883
699.625
590.95
728.037
693.154
697.631
581.137
727.075
635.34
650.498
649.575
818.278
798.088
914.064
732.115
732.646
922.119
728.071
920.199
719.264
907.662
695.632
876.403
914.746
730.082
731.507
916.59
914.538
732.934
737.452
726.603
917.287
919.698
737.153
704.329
726.729
732.931
912.929
721.212
933.667
724.923
817.885
878.181
728.715
932.038
733.829
931.545
927.691
926.897
734.782
924.497
725.703
923.695
936.723
933.77
935.95
725.507
732.988
674.584
637.283
646.401
567.633
700.569
599.91
764.33
926.797
927.218
751.741
754.181
920.38
756.641
922.725
909.62
733.021
765.604
760.439
764.128
931.154
931.468
765.121
914.269
675.205
772.052
657.651
669.842
713.168
762.44
620.593
604.33
752.479
753.566
635.528
798.785
793.749
664.239
600.77
658.89
835.694
835.708
703.086
886.444
912.214
725.06
921.393
729.324
921.724
733.852
918.353
914.122
715.191
731.849
723.88
922.257
901.94
732.341
686.596
732.492
864.671
914.899
739.692
920.463
737.597
918.071
914.102
919.869
725.513
731.686
915.115
734.595
731.095
917.184
918.503
729.658
732.108
916.043
729.103
727.043
914.45
730.678
710.575
736.436
726.623
915.917
688.204
921.302
726.436
727.346
726.251
888.984
906.234
918.507
865.769
932.985
926.799
728.038
930.797
734.594
934.316
935.028
734.27
929.263
926.099
730.567
728.322
936.603
922.895
733.264
724.429
936.413
935.47
725.936
763.64
919.591
663.733
679.414
658.985
622.658
683.655
616.754
696.162
626.501
610.684
719.827
724.888
893.257
917.887
847.042
758.293
929.793
691.639
831.855
754.658
916.862
907.796
727.102
748.867
912.26
763.279
882.254
909.426
764.443
764.489
910.385
911.277
759.674
762.519
757.686
917.242
758.468
915.832
767.243
917.15
756.979
914.206
912.4
765.524
791.735
700.375
795.005
737.135
663.489
688.943
813.477
909.459
765.278
759.894
758.825
740.472
755.144
764.501
930.781
757.018
755.615
931.521
930.666
921.166
660.552
655.063
750.036
639.664
748.354
717.469
674.02
629.791
694.905
702.109
847.214
860.656
699.167
709.788
754.412
917.499
764.727
916.56
768.046
897.619
911.278
765.056
734.044
913.442
766.261
766.286
910.805
910.249
909.883
917.703
765.82
765.061
915.082
913.532
909.751
913.867
757.997
759.557
763.852
740.019
746.664
911.288
754.547
725.072
754.822
873.349
907.783
757.709
928.525
926.503
925.027
759.69
762.965
918.774
761.823
928.578
923.5
754.603
755.811
924.513
764.435
763.261
927.914
931.404
756.897
931.209
761.215
921.947
704.932
688.688
644.637
683.168
638.51
723.284
711.211
712.637
757.204
783.181
791.789
915.894
783.589
918.965
781.315
756.345
783.173
914.536
782.779
825.406
901.937
903.901
909.372
779.818
789.252
792.106
902.564
697.516
786.921
921.965
922.377
923.175
793.184
909.9
795.84
906.387
786.821
903.235
691.33
764.905
912.655
789.511
792.037
913.026
658.559
742.312
678.179
814.435
695.126
647.275
831.221
773.543
786.909
713.302
840.656
726.696
872.297
719.032
771.574
909.398
764.878
764.726
911.928
902.183
792.461
903.289
890.652
760.156
759.248
914.879
759.438
912.973
910.034
762.962
910.002
790.8
782.667
763.661
915.862
764.524
903.423
909.549
763.976
758.414
754.842
911.824
763.598
915.691
761.417
745.113
917.57
766.602
910.715
918.162
884.045
913.327
783.356
791.238
924.268
911.496
929.208
757.62
929.788
861.075
921.578
916.595
762.007
758.074
901.131
925.773
758.961
754.503
758.943
930.323
917.916
757.326
782.883
922.982
920.261
788.56
710.012
724.199
717.583
682.053
646.404
744.463
728.226
839.762
883.601
884.992
901.169
901.824
790.773
794.951
904.264
816.269
735.493
904.213
816.838
891.464
899.185
779.842
819.202
916.792
807.622
788.214
789.984
804.661
899.323
816.52
783.587
907.822
718.519
738.737
714.22
915.158
747.874
910.177
792.604
905.008
903.949
783.255
784.628
915.289
783.112
910.706
782.901
919.881
921.353
922.216
790.656
777.672
665.023
698.04
767.551
808.037
677.571
806.385
737.852
725.436
738.056
853.981
765.03
875.324
747.829
865.684
776.957
890.481
901.828
791.661
910.183
791.873
795.169
902.094
900.493
789.407
902.307
906.683
785.229
904.912
788.664
789.495
909.222
907.112
793.737
795.802
902.546
903.021
793.19
790.287
906.44
908.239
902.953
784.823
787.235
769.973
775.329
787.288
905.731
795.636
918.268
782.475
786.094
784.415
909.356
919.664
782.866
922.745
922.507
787.757
783.328
911.241
784.116
787.039
807.602
783.118
791.099
913.012
792.071
921.122
789.926
920.837
913.79
711.795
705.262
665.545
759.634
675.916
734.322
771.434
865.884
801.774
812.212
807.464
909.779
909.195
903.429
812.623
891.896
808.331
812.747
890.526
806.971
816.71
908.1
900.065
818.973
830.314
817.346
819.874
814.011
893.185
891.914
814.677
910.287
808.932
899.191
811.738
891.3
820.074
902.945
821.094
895.364
894.024
720.168
799.152
796.629
891.561
818.521
912.082
901.943
817.086
702.47
733.277
780.278
711.709
746.192
682.151
824.018
746.626
731.29
831.467
770.981
789.285
865.514
853.702
760.66
748.74
876.078
874.021
787.376
799.744
896.082
806.288
893.816
898.047
811.968
808.685
899.949
817.906
904.996
892.262
901.961
909.035
784.69
891.6
904.495
814.402
794.613
787.71
901.816
791.162
807.567
903.601
789.021
789.703
795.365
908.054
819.68
795.434
811.806
783.513
906.432
904.855
807.858
917.55
816.369
900.5
921.84
806.747
892.733
785.242
916.046
815.619
909.749
783.065
901.467
909.328
908.126
909.914
815.974
788.768
750.069
726.059
685.12
695.755
756.975
809.538
769.523
793.298
873.918
888.029
905.653
893.07
748.682
843.955
854.551
822.228
878.394
828.084
838.318
828.552
892.301
838.973
842.21
895.365
891.799
887.639
788.234
886.917
878.668
839.188
856.294
886.278
819.717
812.249
893.688
896.872
811.008
891.992
807.337
904.137
899.875
808.16
910.597
830.378
737.716
766.053
899.717
835.661
758.283
730.799
703.325
814.138
805.027
759.781
844.84
781.064
738.966
796.01
880.813
865.524
802.205
809.637
793.926
896.297
831.863
887.875
834.745
891.734
817.804
819.833
813.274
840.518
813.311
895.213
811.952
892.027
894.122
878.487
890.116
892.427
898.963
819.503
901.158
809.893
892.763
813.055
820.638
816.815
815.261
893.842
898.792
893.272
819.966
820.596
821.221
909.316
907.38
811.709
829.964
815.449
909.603
808.145
908.81
907.514
813.534
807.152
813.992
807.488
898.007
890.296
838.52
902.749
899.529
910.34
808.183
816.979
770.086
834.213
896.715
896.015
890.088
840.085
896.113
890.088
879.274
830.106
829.666
778.677
800.832
812.543
830.379
848.137
895.355
879.563
858.715
843.163
849.727
843.174
882.902
844.826
835.147
879.542
843.058
881.559
835.701
837.464
880.421
879.847
834.026
893.983
888.462
776.399
852.787
872.923
874.642
863.921
859.011
888.675
889.62
849.407
837.207
838.767
891.744
883.553
878.213
784.457
764.599
754.917
830.049
845.197
820.341
782.157
816.271
855.717
874.358
862.449
816.604
809.684
822.643
826.833
883.803
881.509
885.75
835.018
881.49
836.906
893.648
884.547
851.866
837.07
887.825
879.213
841.019
842.836
835.601
835.683
878.731
841.391
839.322
880.25
891.988
816.132
820.128
894.612
879.364
897.404
843.079
820.938
835.067
827.843
839.125
906.576
892.481
887.215
810.632
829.725
808.199
904.887
829.894
829.229
895.114
896.727
886.915
829.226
838.808
830.084
745.516
721.374
752.636
892.204
830.527
838.368
843.177
890.687
755.512
772.145
801.078
801.846
793.055
817.927
832.568
831.909
841.721
833.991
821.384
845.008
867.257
869.621
868.037
828.949
836.002
880.376
848.954
863.401
857.716
878.105
862.383
894.496
863.218
879.915
857.566
879.867
860.881
884.86
866.021
859.542
863.395
882.017
864.272
827.926
848.872
855.166
872.252
848.542
872.143
854.702
844.107
885.633
845.876
878.651
833.846
790.482
843.423
809.16
869.063
860.886
842.482
832.719
871.624
872.326
879.927
836.177
882.512
881.064
881.203
889.023
880.169
838.799
835.258
843.78
845.914
885.875
882.672
881.257
831.758
842.952
879.599
835.61
842.394
896.463
829.218
838.845
887.177
835.25
829.567
896.112
895.915
833.221
896.015
858.539
889.427
849.276
873.414
864.792
770.749
763.614
779.954
856.724
860.642
855.43
865.175
854.747
857.055
876.656
848.143
847.233
873.974
860.396
865.336
794.444
852.719
863.195
865.672
856.86
875.025
858.694
880.475
854.739
848.533
849.156
881.211
874.139
872.047
848.165
851.252
821.383
787.459
855.486
848.558
859.544
858.019
863.589
882.135
880.621
893.427
873.071
879.221
831.942
828.898
891.387
848.467
885.182
787.845
808.21
871.175
803.669
807.199
817.5
817.895
826.65
828.854
849.222
838.043
840.018
845.903
864.501
874.787
851.176
853.459
856.796
869.251
865.34
846.625
865.701
879.577
878.441
875.144
880.456
861.414
878.2
879.99
867.339
873.017
860.761
869.918
865.76
869.54
880.79
865.099
872.727
858.28
872.485
863.001
867.716
862.829
855.078
867.738
865.009
857.787
866.158
865.095
863.703
854.821
872.267
865.352
855.064
865.23
856.815
850.673
862.983
851.726
880.734
853.083
846.774
862.789
876.92
880.777
849.08
876.028
854.112
875.493
868.682
866.877
865.233
880.616
854.943
872.288
855.749
848.418
847.707
867.882
