620.625
617.536
503.788
508.211
826.398
817.823
817.944
619.916
617.799
614.283
609.381
603.114
595.507
586.589
576.41
564.988
552.406
538.709
523.881
524.578
540.243
554.878
568.611
581.245
593.145
603.404
614.052
621.225
630.166
636.473
642.762
647.952
652.313
656.446
658.964
662.359
664.378
665.81
667.207
668.04
668.639
669.15
668.984
669.763
668.376
669.117
668.413
668.294
668.047
667.431
667.87
666.163
668.222
666.539
667.144
666.71
666.694
666.826
666.434
667.216
666.503
666.272
666.914
666.809
667.149
667.497
667.398
668.596
667.141
670.381
668.895
670.183
670.19
670.559
671.304
670.809
672.801
670.922
671.967
672.238
672.544
672.929
673.23
673.429
674.125
673.115
676.312
674.469
675.592
675.229
675.16
675.504
674.022
676.092
671.284
673.082
670.787
670.04
668.387
666.171
664.578
660.489
658.876
655.851
650.583
646.094
640.118
633.515
626.805
617.224
611.179
596.012
588.292
574.98
562.988
549.093
534.805
519.076
519.353
533.857
547.678
560.21
571.741
582.176
591.306
599.203
605.726
610.86
614.558
616.789
642.755
666.597
689.205
710.34
730.101
748.389
765.242
780.66
794.675
807.33
818.677
828.78
837.709
845.539
852.351
858.227
863.248
867.497
871.053
873.991
876.383
878.295
879.79
880.929
881.765
882.341
882.693
882.855
882.857
882.729
882.494
882.171
881.776
881.323
880.823
880.285
879.717
879.125
878.514
877.89
877.255
876.613
875.968
875.322
874.678
874.034
873.392
872.767
872.185
871.645
871.127
870.614
870.115
869.649
869.228
868.855
868.532
868.263
868.053
867.904
867.821
867.805
867.857
867.976
868.16
868.403
868.699
869.038
869.409
869.796
870.177
870.526
870.809
870.986
871.016
870.856
870.46
869.768
868.71
867.209
865.184
862.551
859.224
855.111
850.12
844.158
837.134
828.957
819.544
808.816
796.705
783.153
768.113
751.55
733.465
713.817
692.71
670.043
646.06
695.383
688.683
697.323
879.878
827.445
856.82
779.437
670.225
694.873
878.279
874.545
627.859
866.773
665.804
703.88
686.759
853.777
630.904
827.69
866.431
782
702.727
867.652
702.425
700.575
867.137
618.282
603.975
709.112
694.94
699.141
696.099
697.061
697.811
876.846
881.24
871.974
879.47
881.276
697.311
870.765
703.772
704.928
698.608
869.428
865.843
869.47
696.758
869.726
584.802
712.663
567.491
633.161
634.945
574.45
585.636
868.71
698.415
648.56
697.459
866.07
703.963
877.081
698.214
868.409
554.058
641.714
551.542
668.689
638.45
642.352
541.744
665.352
589.348
603.247
610.818
750.438
728.919
866.469
703.223
701.825
868.389
693.73
861.198
677.78
842.853
650.732
807.601
866.661
702.168
699.369
867.829
867.017
704.16
704.15
696.047
868.791
869.607
704.081
655.943
695.152
690.653
844.163
675.889
880.721
680.825
747.213
806.046
697.822
869.617
698.183
879.38
876.459
875.827
696.099
873.901
695.811
873.257
880.307
872.55
881.4
696.637
698.589
622.452
592.929
597.818
537.793
644.912
557.439
721.778
865.322
875.557
701.023
723.262
870.287
723.048
872.176
862.625
680.143
730.965
724.996
725.07
876.875
875.13
732.704
865.277
624.828
705.78
608.381
618.017
655.681
717.553
575.316
569.962
687.904
691.47
598.7
732.334
725.564
615.919
558.433
624.529
766.983
764.047
658.752
818.301
848.799
681.627
863.823
696.674
869.075
702.271
857.879
866.589
671.873
700.316
691.837
867.339
835.846
703.665
642.542
705.176
795.52
867.313
701.888
869.633
704.088
869.141
866.416
870.241
699.074
702.934
866.87
699.599
698.958
868.246
869.212
698.6
699.575
867.458
694.992
695.358
866.514
702.146
663.839
704.436
695.305
868.023
637.564
871.351
697.522
696.518
695.502
817.366
836.352
850.959
793.421
880.329
861.83
697.487
878.845
697.163
881.043
874.938
692.892
877.69
875.188
698.148
684.641
880.886
872.617
698.013
696.46
878.337
881.403
696.77
725.514
869.648
613.947
626.471
608.71
580.209
629.482
572.26
639.065
586.069
569.63
661.5
665.93
823.453
852.613
775.872
723.951
876.929
643.208
763.596
723.012
859.75
844.844
684.768
710.147
863.237
722.733
814.579
862.27
729.785
732.636
862.698
863.871
727.939
725.203
723.717
867.759
724.546
866.644
729.47
864.959
726.268
865.365
864.049
700.74
750.266
644.743
729.002
677.088
617.334
637.243
743.809
862.444
730.538
729.247
727.066
687.976
723.167
723.31
877.038
723.134
722.814
875.951
872.523
870.922
612.985
605.152
688.375
592.36
684.709
657.953
623.397
586.477
639.768
649.742
778.537
791.968
656.979
666.867
713.73
861.757
724.964
865.334
729.748
831.992
849.783
732.867
692.281
864.986
731.317
731.146
862.958
863.162
862.867
863.247
726.772
732.306
865.452
864.858
862.359
853.853
726.1
716.495
728.859
698.925
694.97
863.275
722.932
670.623
723.912
802.265
840.041
722.869
868.235
875.065
873.978
724.679
725.713
868.985
714
876.389
872.792
722.84
706.196
861.798
724.34
720.076
876.004
876.518
722.539
874.014
725.358
871.552
648.5
635.554
599.799
629.56
590.981
662.424
656.837
665.297
702.926
747.738
746.852
854.736
747.731
868.482
730.666
706.833
747.714
865.094
748.534
757.9
855.775
843.174
853.029
733.318
748.971
757.346
855.787
644.866
750.64
865.308
869.453
868.205
755.773
858.442
757.827
858.18
750.566
855.727
637.226
732.913
864.637
742.122
749.477
863.864
608.898
680.071
631.094
747.046
641.903
602.43
760.582
709.355
720.278
661.389
772.739
676.697
803.96
676.332
718.769
862.327
730.178
732.865
864.257
855.993
757.773
838.945
823.897
728.202
727.493
865.876
724.375
864.457
862.5
728.396
855.034
751.304
738.416
714.773
865.485
732.397
856.341
862.284
729.438
726.638
723.132
863.642
733.049
857.149
720.137
704.636
864.301
728.218
863.501
858.215
813.477
846.79
747.652
750.769
873.395
862.61
876.703
723.704
870.614
789.772
857.589
867.25
725.997
724.053
832.285
874.537
724.327
722.926
710.657
877.048
868.29
723.398
748.066
868.77
869.285
751.304
652.235
666.038
660.035
632.375
604.032
683.496
669.313
770.241
817.623
816.88
853.567
855.516
756.096
757.818
857.383
749.814
683.223
845.109
773.067
846.413
843.91
728.553
780.459
866.886
770.95
751.954
753.366
756.488
833.236
771.399
749.248
859.545
663.656
678.88
658.355
861.499
697.881
857.677
754.588
857.46
856.708
747.767
735.248
865.7
747.67
861.964
748.656
861.092
869.747
869.781
751.057
713.091
620.905
651.579
704.087
741.397
625.824
738.32
682.352
670.327
687.869
786.06
711.37
808.426
693.519
796.272
725.167
825.631
855.647
756.939
856.515
753.135
757.898
855.575
838.313
753.023
855.662
858.68
750.824
857.29
752.361
754.548
858.694
858.239
756.78
757.448
856.277
856.615
757.97
755.639
847.194
850.466
856.027
742.873
746.107
721.808
728.008
751.09
858.056
757.949
867.994
748.474
750.29
749.379
845.687
868.944
748.532
866.994
869.006
750.944
747.758
862.577
749.725
739.164
770.918
747.687
744.665
850.602
748.348
863.429
751.111
869.566
864.488
656.247
649.309
618.389
697.144
623.792
673.921
712.842
800.058
746.21
760.492
770.826
855.119
859.785
855.447
773.316
846.734
770.779
775.323
829.423
770.321
769.338
859.126
847.419
775.584
791.119
778.802
781.615
776.508
847.202
846.437
774.113
859.183
771.212
851.965
773.767
845.162
778.148
852.185
781.862
848.255
847.708
668.565
733.555
730.685
846.481
779.862
859.443
854.213
772.184
650.677
675.458
716.037
655.372
685.696
636.743
755.007
688.771
674.198
764.595
719.214
731.793
797.948
784.054
708.614
696.672
807.194
809.122
736.759
750.715
832.515
751.92
834.166
841.344
764.966
761.088
846.026
773.701
857.761
846.561
855.551
860.688
750.236
846.522
857.096
768.37
757.488
751.484
855.582
756.471
770.92
856.993
752.668
755.202
757.923
858.397
780.867
756.725
774.386
748.79
848.504
839.944
770.771
867.466
773.637
853.013
869.846
769.997
825.567
749.848
866.303
767.016
861.172
748.797
841.136
855.945
851.318
859.961
774.162
723.505
688.777
667.83
636.08
641.458
694.132
771.47
713.604
737.515
808.04
824.116
857.251
847.538
689.406
776.433
790.051
765.054
818.63
776.211
788.915
789.56
836.729
793.225
801.536
842.898
846.586
841.713
723.931
832.907
834.94
791.669
789.787
823.789
781.528
774.872
847.562
850.03
773.065
846.597
769.848
856.027
852.499
770.576
859.885
791.21
681.299
703.92
848.621
795.721
696.762
672.834
652.805
747.269
739.861
701.564
777.964
722.909
684.406
739.417
817.043
798.831
747.007
756.581
744.09
838.127
781.114
835.16
785.14
846.591
779.225
781.164
775.844
793.975
775.885
848.596
774.583
846.445
847.867
834.75
844.198
847.112
847.757
776.88
853.75
772.053
846.915
775.615
781.752
778.312
777.109
848.02
849.266
845.665
781.578
779.347
781.571
853.578
858.603
772.888
790.766
774.422
859.937
770.65
859.612
856.239
773.657
770.533
763.933
770.851
836.432
833.565
793.84
854.886
852.233
860.028
770.564
770.88
707.094
793.442
847.594
848.403
843.797
799.686
848.081
843.985
835.281
790.842
790.566
718.258
740.973
753.515
775.785
793.233
848.089
835.703
811.184
798.915
808.826
802.225
837.033
802.365
795.05
835.416
801.609
836.691
795.513
797.262
835.809
835.449
794.3
839.482
842.415
713.546
788.649
820.263
820.464
821.677
808.646
837.129
840.204
808.484
795.087
794.963
842.422
838.293
833.625
721.018
704.524
699.548
762.646
779.991
754.748
726.165
758.04
788.436
813.206
798.887
762.951
755.246
769.864
770.893
826.965
823.195
830.334
783.108
816.54
786.24
830.855
825.385
798.098
788.536
829.876
835.422
800.506
802.038
795.447
795.575
834.903
795.733
799.009
835.999
846.679
777.695
781.533
848.428
835.177
848.562
801.936
780.787
794.953
788.881
792.224
857.987
841.325
841.362
772.225
790.599
770.446
856.637
790.811
790.197
841.634
848
841.122
790.128
790.691
790.972
685.626
668.056
693.238
845.551
791.062
798.13
801.507
844.297
697.835
713.575
741.802
737.485
729.343
753.004
768.853
766.835
778.724
773.634
763.029
786.992
810.453
814.247
805.674
771.408
779.287
820.025
808.192
821.161
807.808
826.099
819.3
847.43
819.973
829.722
811.188
835.924
818.016
835.545
823.465
816.859
820.04
834.939
821.734
789.002
807.947
813.059
828.163
807.452
828.079
812.714
800.393
837.435
802.413
831.868
768.25
730.239
778.632
750.014
806.63
797.582
786.633
779.546
817.615
816.955
835.84
795.983
836.253
836.311
836.333
838.312
835.658
798.534
795.118
801.775
802.921
840.316
837.3
836.691
792.298
801.688
835.306
795.436
797.487
848.109
790.078
795.822
841.379
793.894
790.508
848.304
848.461
792.939
846.664
809.842
843.241
808.459
829.316
822.471
710.071
702.397
717.905
814.479
800.989
802.967
807.483
802.142
805.602
823.592
807.458
806.605
822.575
811.044
822.718
732.011
810.147
819.756
822.829
812.82
830.563
816.125
834.534
812.662
807.572
807.842
834.615
829.798
828.009
807.056
809.672
757.266
728.358
794.564
791.925
800.856
812.455
821.247
837.193
830.954
846.567
828.87
828.168
792.095
789.764
844.878
807.444
837.274
726.259
744.081
827.416
741.525
744.767
755.211
755.87
765.344
766.867
787.166
776.714
780.752
785.404
806.225
813.367
795.979
799.66
805.632
812.693
822.945
805.997
823.231
834.403
829.279
824.915
835.101
812.978
833.25
835.97
819.956
825.497
814.864
823.283
823.169
824.946
835.17
820.222
827.292
815.767
828.44
819.433
822.081
819.1
812.925
824.401
822.352
815.333
823.044
822.357
819.354
812.722
828.273
822.384
812.919
822.338
814.47
808.988
819.007
809.637
834.511
793.459
806.018
815.09
832.164
835.286
807.784
831.407
810.925
830.957
824.647
823.694
822.408
834.859
812.82
828.241
813.529
807.229
806.727
824.304
