922.726
923.832
1002.2
786.227
1096.56
1089.58
1032.6
922.689
922.377
921.64
920.259
917.854
913.879
907.614
898.336
885.5
868.693
846.333
813.788
814.752
846.133
865.397
877.77
885.467
889.819
886.091
864.151
957.442
912.621
907.443
900.299
889.843
877.309
865.889
880.041
786.947
745.365
762.096
749.63
740.393
731.66
720.113
700.237
685.24
785.013
747.316
732.691
728.695
729.185
729.801
715.569
688.382
452.242
451.075
447.334
449.036
451.984
455.417
464.912
459.845
473.275
514.136
504.597
514.108
518.336
521.752
526.456
535.297
585.88
483.792
508.226
522.658
528.538
531.123
532.846
537.137
558.954
918.862
1022.85
1047.6
1055.56
1058.18
1059.08
1059.4
1059.51
1059.55
1059.56
1059.57
1059.57
1059.57
1059.57
1059.57
1059.57
1059.57
1059.57
1059.57
1059.57
1059.57
1059.57
1059.57
1059.57
1059.57
1059.56
1059.55
1059.53
1059.48
1059.38
1059.2
1058.85
1058.22
1057.1
1055.22
1052.21
1047.69
1041.37
1033.19
1023.16
1011.06
1006.02
1003.25
971.018
948.067
944.222
936.871
931.896
928.917
926.821
925.417
924.521
924.017
960.015
1002.92
1032.66
1054.52
1070.75
1082.14
1089.6
1094.17
1096.82
1098.28
1099.07
1099.47
1099.68
1099.78
1099.83
1099.85
1099.86
1099.87
1099.87
1099.87
1099.87
1099.87
1099.87
1099.87
1099.87
1099.87
1099.87
1099.87
1099.87
1099.87
1099.87
1099.87
1099.87
1099.87
1099.87
1099.87
1099.87
1099.87
1099.87
1099.87
1099.86
1099.86
1099.86
1099.85
1099.85
1099.84
1099.83
1099.82
1099.8
1099.79
1099.77
1099.74
1099.71
1099.66
1099.61
1099.55
1099.48
1099.4
1099.31
1099.2
1099.09
1098.95
1098.8
1098.64
1098.46
1098.27
1098.09
1097.92
1097.76
1097.63
1097.53
1097.46
1097.41
1097.36
1097.33
1097.31
1097.3
1097.32
1097.35
1097.39
1097.43
1097.48
1097.54
1097.6
1097.65
1097.69
1097.69
1097.6
1097.31
1096.65
1095.3
1092.75
1088.26
1080.85
1069.47
1053.24
1031.36
1001.64
958.758
637.879
808.059
677.747
1099.84
1099.44
1099.82
1094.15
848.259
664.49
1099.84
1099.82
920.66
1098.04
1067.82
1067.85
1068.01
1097.01
1065.41
1097.11
1098.82
1092.42
1068.01
1097.37
1057.26
875.61
1099.33
947.475
971.15
1054.42
815.708
710.281
630.586
650.093
787.5
1099.84
1099.84
1099.78
1099.84
1099.84
681.216
1099.74
1068.02
1068.02
1068.02
1096.74
1096.74
1096.62
773.02
1099.7
1048.57
1052.88
1003.56
954.455
960.369
895.967
916.917
1099.62
841.847
871.876
647.073
1099.83
1068.02
1099.83
683.485
1097.01
1028.33
959.737
1013.2
1000.67
955.973
957.006
840.04
1002.5
909.905
918.59
1060.22
1080.58
1070.72
1098.47
1066.7
1068.02
1096.65
1068.02
1096.86
1067.97
1097.15
1067.26
1096.24
1099.1
977.902
861.31
1099.49
1097.81
1067.96
1068.02
634.5
1096.89
1096.7
1068.02
863.177
650.657
820.339
1099.75
837.691
1099.84
824.993
1082.14
1098.26
679.584
1099.84
776.129
1099.84
1099.83
1099.83
806.11
1099.82
652.983
1099.81
1099.84
1099.84
1099.84
635.939
758.711
963.854
978.456
930.571
1015.16
957.929
874.849
868.474
1099.72
1099.72
924.905
783.71
1099.69
808.1
1099.71
1096.61
948.96
1077.79
766.464
843.088
1099.73
1099.72
1077.93
1094.49
1011.46
1054.38
950.076
970.245
996.341
884.874
911.114
1039.58
1032.37
1030.81
1055.38
1069.18
1070.77
923.132
874.243
1063.41
1087.96
1089.59
1067.63
1096.86
1097.09
1067.99
1096.8
1068.02
1096.62
1068.02
1096.93
1098.26
1067.92
1068.02
1068.01
1096.69
1097.18
1067.55
1066.59
1068
1094.93
1097.58
1068.02
1096.66
1068.02
1096.8
1098.66
1099.72
713.397
1064.27
1099.22
923.62
855.131
1099.56
1099.66
813.668
865.889
1099.42
647.541
635.31
1098.97
1035.74
855.491
1068.01
643.011
1097.18
908.704
1099.76
659.461
670.474
659.197
1099.04
1099.65
1099.79
1096.8
1099.84
1099.83
679.366
1099.84
796.28
1099.84
1099.84
824.597
1099.84
1099.83
695.953
814.949
1099.84
1099.8
740.011
632.115
1099.84
1099.84
643.38
834.213
1099.68
966.781
951.901
940.604
990.677
961.829
899.029
959.77
1027.83
1031.05
998.301
999.766
1099.34
1099.71
1094.13
764.569
1099.73
1072.82
1086.96
748.623
1094.64
1095.19
1077.51
1077.91
1099.42
1077.93
1095.35
1097.63
1075.06
1077.93
1098.59
1095.16
1000.69
788.034
834.502
1099.62
862.358
1099.54
1077.92
1094.31
924.357
1099.44
1099.2
1054.7
885.765
1006.06
1068.23
1025.71
1063.66
964.775
1082.19
1096.98
1077.54
1023.71
989.655
942.666
745.446
858.76
1099.73
817.703
791.891
1099.72
1099.73
1099.7
1016.16
955.728
1029.77
934.629
1032.27
1002.9
959.743
1044.99
988.531
965.5
1091.3
1093.67
1075.06
1076.37
1077.92
1094.54
1077.93
1094.3
1077.92
1095.45
1095.04
1077.93
1077.72
1094.56
1077.91
1077.88
1098.77
1095.84
1096.22
1094.46
1077.93
1077.93
1094.42
1099.37
1098.16
1094.89
956.22
1077.93
1059.17
1077.83
934.758
1098.94
754.899
956.506
748.825
1098.17
1099.63
756.851
1099.72
1099.72
1099.72
763.902
821.946
1099.66
892.617
1099.73
1099.72
773.882
913.465
1099.72
850.563
877.48
1099.72
1099.73
799.872
1099.72
773.839
1099.71
993.414
1008.34
1021.99
981.026
936.73
1002.44
995.058
1078.96
988.723
857.832
905.48
1099.49
847.478
1099.49
957.516
1084.32
882.877
1099.46
932.344
1084.91
1093.54
1091
1090.2
1084.76
1084.78
1084.68
1097.16
1038.58
844.089
1099.49
1099.48
1099.49
1084.72
1089.73
1084.79
1089.57
1010.51
1098.64
997.173
1077.93
1094.69
925.022
891.262
1099.44
961.604
1032.81
1069.17
1079.62
989.205
1055.71
1089.61
1051.83
1070.99
961.148
1089.01
1081.54
1094.85
1077.11
975.417
1097.32
1076.86
1077.92
1094.9
1092.83
1084.75
1095.34
1095.49
1009.6
995.959
1099.49
890.856
1099.29
1098.38
1042.88
1090.01
1084.77
1084.77
1084.54
1094.36
1077.92
1097.84
1097.91
1070.32
977.557
744.899
1099.08
1077.92
1094.76
1077.93
1077.88
1094.38
1077.92
1095.48
1099.49
1098.94
1099.68
894.536
879.887
1099.72
1099.39
1099.73
761.499
1099.72
1096.74
1099.72
1099.58
805.01
845.06
1099.54
1099.72
764.249
763.468
901.607
1099.73
1099.64
826.315
907.409
1099.49
1099.49
855.162
1004.35
1035.27
1016.85
1041.1
1045.64
1028.1
1022.26
1094.09
1092.19
1099.11
1098.88
1095.43
1082.93
1084.77
1090.46
1081.21
1083.09
1099.05
934.656
1087.75
1082.27
1089.2
1089.67
1099.48
968.466
1046.9
1064.16
1089.72
1099.4
1089.69
957.253
1099.17
1057.77
1037.17
1011.78
1099.21
1083.87
1089.84
1084.73
1098.56
1098.13
852.449
946.944
1099.47
872.869
1099.35
941.868
1099.49
1099.49
1099.49
872.614
1071.3
1058.72
1074.71
1050.02
1077.7
978.341
1082.31
996.093
996.83
1083.04
1091.12
982.597
1092.28
993.096
1098
967.029
1091.95
1094.24
1084.49
1089.86
1084.75
1084.76
1096.37
1091.32
1058.68
1096.78
1098.98
993.11
1098.64
1051.51
1070.44
1089.68
1089.48
1084.72
1084.78
1092.14
1091.48
1084.77
1080.5
1090.7
1090.44
1097.52
1084.78
1084.77
1084.66
1084.72
1026.62
1089.82
1084.77
1099.49
920.341
843.243
846.222
1099.47
1099.49
847.121
1099.49
1099.48
848.108
848.685
1099.31
965.892
935.801
977.314
864.582
914.717
1099.48
897.616
1099.49
864.041
1099.49
1099.45
1036.77
1008.72
1043.83
1047.31
981.75
1033.91
1017.33
1086.87
995.08
970.754
946.751
1099.03
1099.07
1098.99
914.908
1085.09
1006.36
1072.89
1084.46
933.362
948.347
1099.08
1081.71
1089.63
1024.63
1088.63
1089.68
1081.27
1096.19
1093.62
920.199
1099.02
1024.97
1098.6
1047.23
1097.39
1089.58
1084.23
1089.73
1080.22
1097.25
1078.15
1074.33
1082.32
1089.12
1089.52
1099.09
1098.93
938.257
1058.8
1056.94
1063.31
1016.09
1056.2
1068.18
1089.64
1021.21
1018.65
1084.97
1088.73
1007.48
1092.04
1096.62
1087.79
1086.06
1098.73
1086.37
1089.42
1089.66
1091.65
987.853
1083.8
1082.69
1089.71
1089.72
1082.08
1089.65
1090.11
1094.97
1095.93
1099.17
977.777
1086.4
1098.37
1089.68
1084.76
1038.97
1094.88
1084.01
960.448
1090.92
1054.84
1076.32
1084.75
1089.4
1089.73
1084.74
1055.17
847.13
1099.05
1099.45
987.126
1099.49
931.175
1098.83
1099.49
927.089
1099.3
844.379
1099.48
954.836
1099.29
949.483
1099.05
1098.99
1099.05
1099.06
927.938
1066.38
1043.31
1028.41
1059.37
999.694
1055.41
918.166
1089.2
1092.22
1098.7
1098.98
1099.05
1083.04
1037.45
1096.37
1078.37
1020.94
1073.54
1093.29
990.579
993.543
1098.33
982.757
1093.29
1098.28
1091.33
1097.93
1069.06
1069.64
1077.58
1093.18
1087.11
1085.14
1089.7
1068.54
1096.67
1098.18
1039.22
1092.97
922.65
1099.01
1098.76
1013.17
1099.05
1019.28
1071.59
1071.39
1098.48
1074.93
1051.89
1029.31
1070.51
1089.54
1075.45
1020.25
1086.67
1012.79
1080.16
1001.33
1085.78
1098.35
1092.69
979.517
1089.55
1083.22
1093.27
1069.48
1093.22
1090.35
1089.2
1089.73
1077.45
1093.14
1079.06
1081.2
1062.49
1094.31
1097.04
1075.01
1096.82
1083.98
1080.71
1089.58
1098.65
1031.53
1095.64
1075.59
1089.68
1087.58
1083.75
1082.35
1081.11
1077.23
1089.64
1089.62
1089.74
1099.05
1099.07
915.062
1029.86
924.344
1099.07
997.06
1099.08
1098.9
916.452
939.685
962.16
953.225
1099.05
1098.34
980.759
1098.97
1098.69
1099.06
1018.81
942.484
1058.7
973.447
1098.32
1098.4
1098.19
1092.91
1098.34
1097.72
1070.93
1060.19
1047.83
1040.71
1034.56
1094.59
1010.14
1095.7
1098.42
1082.39
1023.02
1093.14
1054.42
1093.32
1066.23
1093.28
1080.66
1087.94
1093.14
1094.74
1086.93
1090.65
1093.34
1091.48
1070.32
1098.33
1098.04
1061.77
1097.71
1051.2
1097.24
1060.76
1095.58
1069.9
1070.96
1057.48
977.731
980.826
1098
1096.32
1094.86
1082.04
1040.79
1085.76
1093.91
1079.39
1078.68
1091.15
1025.37
1097.68
1074.85
1077.21
1093.05
1092.89
1093.17
1015.84
1071.05
1072.27
1070.36
998.32
1098.88
993.973
1099.03
1098.36
1095.68
1093.18
1098.35
1080.22
1093.12
1093.33
1088.58
1077.91
1072.77
1093.09
1092.6
1069.81
1092.23
1085.93
1089.62
1081.79
1089.08
1080.25
1093.25
1089.7
1083.32
986.007
984.814
1099.06
1098.06
1097.83
916.18
1035.76
919.735
1099.03
1007.82
1000.84
1098.32
1098.33
1097.71
1052.06
987.076
1013.44
1042.55
1071.48
1071.46
1098.32
975.932
1091.54
1093.12
1098.24
1081.13
1087.4
1093.44
1089.13
1067.41
1093.44
1068.3
1095.84
1066.31
1046.72
1095.07
1040.4
1055.32
1053.44
1098.17
1095.29
1095.45
1098.35
1045.9
1056.42
1023.73
1097.21
1095.74
1098.4
1095.79
1097.2
1020.43
1084.19
1095.61
1097.5
1074.26
1095.45
1095.76
1097.28
1050.36
980.502
1060.44
1089.85
1096.31
1070.97
1096.13
1085.38
1093.2
1066.72
1093.44
1058.08
1079.72
1038.16
1097.09
1029.97
1076.06
1098.02
1095.59
1003.62
1052.28
1097.27
1086.91
1089.52
1064.6
1094.13
1094.9
1070
1092.51
1092.16
1085.41
1093.16
1093.42
1096.92
1067.27
1068.99
1064.99
1093.18
1090.34
1087.81
1093.12
1098.34
1055.93
981.203
1097.58
974.033
1041.87
1098.37
1098.42
973.985
1098.26
1023.42
1098.13
1050.2
1094.24
1065.18
1081.69
1051.62
1056.11
1089.07
1060.09
1026.98
1097.28
1095.64
1095.6
1097.23
1040.35
1034.11
1050.8
1095.55
1078
1057.08
1016.32
1095.69
1049.33
1021.14
1096.92
1095.29
1097.23
1090.99
1063.8
1078.74
1097.24
1096.75
1095.89
1073.6
1081.84
1069.66
1091.24
1062.1
1036.56
1097.2
1021.5
1052.95
1068.24
1097.2
1098.37
1096.53
1097.21
974.739
977.21
1098.28
1067.47
1097.52
1088.46
1069.67
1092.25
1092.59
1055.88
1094.91
1053.31
1050.04
1096.1
1064.2
1096.67
1043.61
1096.94
1057.85
1098.29
1032.53
1029.29
1025.07
1097.29
1068.74
1028.04
1071.67
1097.35
1056.19
1051.36
1097.39
1095.53
1097.27
1085.66
1096.02
1048.11
1095.22
1043.21
1076.18
1046.18
1097.33
1095.71
1049.92
1095.11
1095.2
1095.62
1095.97
1095.56
1093.54
1090.29
1079.93
1094.86
1088.75
1082.1
1095.59
1091.98
1094.56
1087.25
1093.18
1085.8
1094.46
1018.13
1095.54
1017
1097.22
1097.09
1023.28
1095.58
1097.18
1097.37
1018.68
1097.1
1017.07
1097.02
1046.61
1048.38
1084.12
1097.28
1092.68
1095.61
1093.99
1076.24
1020.31
1047.47
