975.329
975.361
1043.24
873.547
1099.51
1099.5
1089.25
975.394
975.411
975.356
975.22
974.924
974.297
972.931
970.018
963.965
952.008
930.335
897.548
898.875
931.964
952.111
960.649
959.691
947.862
919.762
897.458
1051.73
992.105
966.883
956.343
951.421
946.866
935.793
905.704
668.626
523.038
529.164
526.21
526.095
525.973
525.952
525.946
525.951
525.967
526.015
526.15
526.545
527.627
531.287
539.74
590.925
487.037
511.842
526.494
532.432
534.974
536.064
539.994
532.995
707.675
1004.97
1049.63
1065.25
1070.1
1071.76
1072.33
1072.53
1072.61
1072.63
1072.64
1072.64
1072.64
1072.64
1072.64
1072.64
1072.64
1072.64
1072.65
1072.65
1072.65
1072.65
1072.65
1072.65
1072.65
1072.65
1072.65
1072.65
1072.65
1072.65
1072.65
1072.65
1072.65
1072.65
1072.64
1072.64
1072.64
1072.65
1072.65
1072.65
1072.65
1072.65
1072.65
1072.65
1072.64
1072.64
1072.64
1072.63
1072.61
1072.56
1072.45
1072.22
1071.72
1070.71
1068.73
1065.05
1058.78
1049.76
1047.87
1051.13
1044.87
1006.58
997.187
987.671
980.92
977.823
976.451
975.867
975.586
975.436
1004.94
1045.14
1071.79
1086.39
1093.7
1097.16
1098.75
1099.46
1099.76
1099.9
1099.95
1099.98
1099.99
1099.99
1099.99
1099.99
1099.99
1099.99
1099.99
1099.99
1099.99
1099.99
1099.99
1099.99
1099.99
1099.99
1099.99
1099.99
1099.99
1099.99
1099.99
1099.99
1099.99
1099.99
1099.99
1099.99
1099.99
1099.99
1099.99
1099.99
1099.99
1099.99
1099.99
1099.99
1099.99
1099.99
1099.99
1099.99
1099.99
1099.99
1099.99
1099.99
1099.99
1099.99
1099.99
1099.99
1099.99
1099.99
1099.99
1099.98
1099.98
1099.97
1099.97
1099.96
1099.95
1099.94
1099.93
1099.92
1099.91
1099.91
1099.9
1099.9
1099.9
1099.89
1099.89
1099.89
1099.89
1099.89
1099.89
1099.89
1099.89
1099.89
1099.89
1099.89
1099.9
1099.9
1099.9
1099.89
1099.87
1099.82
1099.69
1099.39
1098.69
1097.1
1093.63
1086.31
1071.7
1045.07
1004.84
862.548
769.551
665.799
1099.99
1099.98
1099.99
1099.46
824.222
901.797
1099.99
1099.99
953.239
1099.93
1079.19
1079.2
1079.2
1099.85
1078.98
1099.85
1099.97
1099.37
1079.2
1099.89
1079.2
1079.2
1099.99
1002.37
1014.91
1086.31
658.252
654.32
1059.67
1078.35
654.353
1099.99
1099.99
1099.99
1099.99
1099.99
1079.09
1099.99
1079.2
1079.2
1079.2
1099.85
1099.85
1099.84
1079.19
1099.99
1074.86
1086.22
1052.73
1003.37
1004.31
978.278
990.985
1099.99
1079.2
879.16
718.935
1099.99
1079.2
1099.99
654.808
1099.87
1063.9
1004.59
1058.21
1044.27
1003.49
1003.73
920.772
1044.64
988.334
988.228
1078.17
1097.08
1093.68
1099.95
1079.2
1079.2
1099.84
1079.2
1099.85
1079.2
1099.86
1079.16
1099.79
1099.98
1079.2
1079.2
1099.99
1099.92
1079.2
1079.2
820.543
1099.86
1099.85
1079.2
855.762
872.096
722.895
1099.99
819.275
1099.99
814.581
1097.16
1099.9
655.797
1099.99
654.277
1099.99
1099.99
1099.99
655.636
1099.99
956.265
1099.99
1099.99
1099.99
1099.99
1072.31
654.264
1006.24
1025.16
997.531
1054.38
1004.21
954.982
846.393
1099.99
1099.99
905.583
1024.61
1099.99
1074.57
1099.99
1099.85
931.523
1088.01
841.937
841.333
1099.99
1099.98
1088.01
1099.69
1051.32
1086.2
1027.5
1036.37
1042.88
868.309
991.65
1070.76
1071.5
1071.39
1077.05
1093.59
1093.67
977.259
955.762
1078.72
1098.66
1098.75
1079.18
1099.84
1099.85
1079.2
1099.85
1079.2
1099.84
1079.2
1099.85
1099.94
1079.2
1079.2
1079.2
1099.84
1099.86
1079.2
1079.1
1079.2
1099.67
1099.9
1079.2
1099.85
1079.2
1099.86
1099.96
1099.99
1079.16
1079.2
1099.98
1079.2
1079.2
1099.99
1099.99
1079.19
1079.2
1099.99
779.317
849.133
1099.98
1079.2
834.037
1079.2
868.504
1099.88
925.324
1099.99
1078.89
686.768
876.257
1099.95
1099.99
1099.99
1099.76
1099.99
1099.99
658.54
1099.99
654.598
1099.99
1099.99
679.022
1099.99
1099.99
654.449
804.874
1099.99
1099.99
654.277
1014.68
1099.99
1099.99
1076.81
841.26
1099.99
1009.16
1003.14
1000.79
1041.02
1004.95
978.171
1004.31
1069.06
1069.16
1043.27
1043.83
1099.97
1099.98
1099.46
853.921
1099.99
1087.43
1098.58
998.076
1099.68
1099.7
1087.99
1088.01
1099.97
1088.01
1099.71
1099.92
1088.01
1088
1099.97
1099.74
1088
841.375
1087.29
1099.99
1087.91
1099.98
1087.99
1099.67
1088
1099.98
1099.98
1086.22
966.499
1045.79
1093.46
1069.87
1085.38
1022.25
1097.17
1099.88
1088.01
1087.99
1088.01
917.629
964.126
842.639
1099.99
1082.97
1041.4
1099.99
1099.99
1099.99
1057.39
1029.44
1070.96
1015.85
1071.21
1044.16
1029.28
1077.62
1041.67
1006.27
1099.27
1099.56
1087.75
1087.89
1088.01
1099.68
1088.01
1099.67
1087.99
1099.71
1099.69
1088.01
1088
1099.7
1088.01
1088.01
1099.97
1099.79
1099.82
1099.68
1088
1088.01
1099.69
1099.98
1099.95
1099.69
1088
1088.01
1088
1088
909.782
1099.98
1004.18
954.702
931.722
1099.89
1099.98
897.877
1099.99
1099.99
1099.99
843.142
841.294
1099.99
883.281
1099.99
1099.99
1013.52
901.876
1099.99
841.646
854.989
1099.99
1099.99
1060.23
1099.99
841.509
1099.99
1042.54
1047.7
1064.14
1039.9
1015.94
1044.26
1055.18
1093.13
1008.38
1055.17
969.438
1099.97
1017.19
1099.97
989.174
1093.8
1065.9
1099.97
1087.33
1098.38
1099.67
1099.29
1099.27
1093.83
1093.82
1093.83
1099.92
1074.99
967.2
1099.97
1099.97
1099.97
1093.78
1099.25
1093.83
1099.27
1093.83
1099.95
1062.73
1088
1099.7
976.607
966.714
1099.97
1041.18
1071.29
1086.74
1096.99
1057.97
1082.67
1098.76
1085.94
1093.71
981.107
1099.04
1093.52
1099.67
1087.96
994.662
1099.9
1088
1088
1099.72
1099.59
1093.84
1099.7
1099.71
1087.99
1088
1099.98
1087.97
1099.98
1099.96
1088
1099.26
1093.82
1093.83
1093.81
1099.68
1088
1099.94
1099.94
1088
1088
985.82
1099.98
1088.01
1099.68
1088.01
1088
1099.67
1087.99
1099.77
1099.97
1099.95
1099.98
1070.3
966.477
1099.99
1099.97
1099.99
869.669
1099.99
1099.76
1099.98
1099.98
841.358
1087.74
1099.98
1099.99
846.2
1007.88
894.762
1099.99
1099.98
1086.09
1076.07
1099.97
1099.97
966.899
1044.84
1072.38
1068.38
1077.48
1080.43
1070.41
1069.35
1099.46
1099.36
1099.95
1099.92
1099.83
1093.82
1093.82
1099.35
1097.91
1096.19
1099.92
1034.84
1099.23
1098.33
1096.96
1097.01
1099.97
1086.26
1093.82
1093.77
1097.01
1099.96
1096.97
1093.27
1099.96
1087.74
1083.26
1074.72
1099.94
1093.77
1099.27
1093.79
1099.96
1099.95
1047.03
985.779
1099.97
1062.73
1099.97
1090.68
1099.97
1099.97
1099.97
966.703
1093.79
1087.09
1092.28
1085.53
1096.78
1054.03
1097.2
1034.22
1046.64
1093.7
1099.3
999.726
1099.38
1020.31
1099.87
991.626
1099.34
1099.73
1093.83
1099.26
1093.8
1093.81
1099.89
1099.31
1093.77
1099.91
1099.96
1093.81
1099.96
1093.82
1093.79
1099.26
1099.27
1093.78
1093.82
1099.52
1099.45
1093.83
1093.82
1099.28
1099.28
1099.93
1093.83
1093.82
1093.82
1093.82
1093.83
1099.29
1093.82
1099.97
1082.16
968.194
975.504
1099.97
1099.97
999.268
1099.97
1099.97
966.859
1033.97
1099.97
1093.6
981.24
1087.99
1059.73
972.409
1099.97
967.489
1099.97
966.932
1099.97
1099.97
1073.35
1066.5
1079.86
1085.03
1055.39
1071.72
1059.69
1098.63
1044.61
1039.25
1079.85
1099.92
1099.92
1099.92
1035.54
1098.87
1093.98
1096.98
1098.41
1068.11
1036.11
1099.92
1098.32
1096.94
1094.27
1096.97
1096.97
1096.89
1099.88
1099.79
1035.82
1099.92
1096.57
1099.92
1097.02
1099.89
1096.91
1098.64
1097
1098.22
1099.91
1095.18
1096.34
1097.21
1099.4
1096.99
1099.93
1099.92
1034.91
1088.48
1087.16
1092.73
1077.11
1086.76
1090.55
1098.77
1071.65
1074.93
1098.52
1096.94
1049.34
1099.37
1099.75
1096.85
1096.64
1099.93
1098.56
1096.95
1096.99
1099.32
1043.08
1098.38
1098.34
1096.99
1097
1098.35
1096.95
1099.31
1099.84
1099.86
1099.97
1093.75
1099.05
1099.96
1096.97
1093.82
1093.82
1099.79
1093.81
1084.64
1099.39
1093.79
1093.81
1093.8
1099.25
1097.01
1093.8
1097.03
984.703
1099.92
1099.96
1090.01
1099.97
1034.88
1099.92
1099.97
1059.26
1099.96
970.427
1099.97
1036.79
1099.96
1092.47
1099.92
1099.91
1099.92
1099.92
1035.5
1093.19
1084.4
1081.2
1088.61
1069.16
1086.45
1039.62
1098.17
1098.5
1099.91
1099.92
1099.92
1098.58
1085.75
1099.72
1097.03
1072.24
1096.5
1098.57
1068.91
1084.36
1099.83
1068.87
1098.58
1099.82
1099.63
1099.82
1095.49
1096.36
1098.3
1098.52
1098.7
1098.45
1096.98
1096.98
1099.9
1099.92
1096.96
1099.75
1050.48
1099.92
1099.92
1095.28
1099.92
1093.49
1094.01
1093.82
1099.85
1098.67
1090.69
1083.71
1093.04
1098.76
1096.98
1065.95
1098.7
1053.75
1096.47
1046.15
1098.5
1099.89
1098.51
1041.17
1096.96
1098.36
1098.56
1096.43
1098.54
1099.54
1096.96
1097
1096.93
1098.5
1096.88
1098.35
1097
1099.82
1099.91
1097.85
1099.88
1098.71
1098.23
1096.91
1099.94
1096.81
1099.87
1096.96
1096.97
1096.96
1096.93
1098.49
1098.31
1097.88
1096.95
1096.94
1097
1099.92
1099.92
1036.15
1094.94
1036.01
1099.92
1092.11
1099.92
1099.91
1035.31
1074.99
1037.53
1082.72
1099.92
1099.83
1068.85
1099.92
1099.92
1099.92
1096.09
1035.1
1091.99
1069.01
1099.83
1099.84
1099.83
1098.52
1099.83
1099.87
1097.05
1098.26
1097.14
1082.75
1077.15
1099.24
1070.46
1099.3
1099.84
1099.01
1085.55
1098.51
1097.12
1098.58
1096.22
1098.56
1098.58
1099.53
1098.51
1099.81
1098.52
1098.5
1099.77
1099.7
1098.58
1099.83
1099.83
1094.04
1099.8
1092.46
1099.64
1096.34
1099.26
1096.61
1096.85
1097.47
1070.13
1069.91
1099.78
1099.82
1099.78
1097.16
1084.98
1097.64
1099.44
1097.26
1097.45
1098.4
1073.09
1099.84
1096.6
1096.84
1098.52
1098.5
1098.54
1071.36
1096.35
1096.42
1096.36
1068.8
1099.92
1068.74
1099.92
1099.83
1099.29
1098.52
1099.83
1098.71
1098.54
1098.58
1098.46
1098.64
1097.41
1098.49
1098.51
1096.82
1099.7
1096.95
1096.94
1098.42
1099.59
1098.22
1098.55
1096.98
1098.55
1079.78
1068.82
1099.92
1099.78
1099.83
1037.19
1095.67
1043.55
1099.92
1090.72
1088.06
1099.83
1099.83
1099.83
1097.65
1068.67
1092.37
1088.37
1093.92
1093.9
1099.83
1070.7
1098.52
1098.5
1099.83
1096.94
1098.28
1099.14
1098.7
1095.25
1099.37
1094.37
1099.65
1093.83
1086.54
1099.25
1085.65
1092.42
1092.35
1099.82
1099.25
1099.26
1099.83
1095.63
1095.29
1084.8
1099.63
1099.32
1099.84
1099.32
1099.64
1085
1099.22
1099.29
1099.69
1098.66
1099.27
1099.31
1099.65
1093.55
1075.44
1097.76
1099.33
1099.63
1098.64
1099.64
1099.35
1098.53
1096.23
1098.62
1094.82
1097.45
1079.81
1099.76
1074.68
1096.71
1099.82
1099.28
1069.21
1092.42
1099.65
1099.46
1098.46
1095.92
1099.8
1099.81
1096.63
1099.74
1098.51
1098.53
1098.51
1098.61
1099.84
1096.37
1096.66
1098.44
1098.52
1099.65
1098.49
1098.5
1099.83
1098.01
1071.11
1099.84
1068.96
1096.43
1099.83
1099.84
1069.37
1099.82
1085.23
1099.83
1096.51
1099.71
1097.26
1097.1
1091.28
1091.81
1099.39
1092.89
1084.53
1099.65
1099.28
1099.27
1099.64
1094.26
1092.36
1092.62
1099.26
1098.98
1091.09
1084.76
1099.29
1093.19
1085.98
1099.64
1099.26
1099.64
1099.3
1098.05
1099.13
1099.64
1099.64
1099.65
1098.84
1099.24
1094.93
1098.88
1093.08
1085.13
1099.65
1085.6
1094.32
1096.53
1099.63
1099.83
1099.63
1099.63
1069.8
1072.28
1099.83
1098.36
1099.7
1098.57
1095.33
1099.68
1099.22
1089.91
1099.48
1088.6
1087.41
1099.59
1093.4
1099.62
1086.01
1099.63
1092.68
1099.83
1084.62
1084.43
1084.63
1099.65
1097.91
1090.14
1098.35
1099.67
1094.22
1092.92
1099.67
1099.25
1099.65
1099.36
1099.38
1092.57
1099.16
1091.48
1098.84
1092.39
1099.66
1099.3
1093.18
1099.27
1099.68
1099.28
1099.36
1099.26
1099.24
1099.62
1099.11
1099.27
1099.57
1099.24
1099.27
1099.29
1099.68
1099.52
1099.26
1099.45
1099.26
1085.38
1099.25
1085
1099.64
1099.64
1088.06
1099.26
1099.64
1099.67
1085.7
1099.64
1084.91
1099.64
1092.51
1092.91
1099.36
1099.65
1099.27
1099.66
1099.24
1099.01
1086.56
1092.7
