681.003
681.042
536.065
548.369
880.147
866.788
869.837
680.171
677.701
673.598
667.873
660.545
651.629
641.157
629.179
615.68
600.85
584.55
566.969
567.68
585.982
602.871
618.355
632.297
645.364
655.577
667.807
672.029
682.353
687.144
692.882
696.984
699.975
703.386
703.524
707.2
707.99
707.708
708.177
707.71
707.263
706.94
705.405
706.531
702.014
703.65
701.718
701.381
700.791
699.435
700.639
696.513
702.648
698.518
700.138
699.227
699.214
699.614
698.549
700.64
698.101
696.942
698.483
697.848
698.47
698.862
698.32
700.804
696.579
705.443
701.013
703.697
703.227
703.578
704.895
703.03
707.753
701.295
702.995
703.381
703.447
704.028
704.115
704.344
705.502
702.706
712.197
706.982
709.76
708.961
709.099
710.269
707.319
713.744
700.602
707.175
703.491
703.967
702.968
700.967
701.421
695.561
699.034
699.15
692.923
690.386
684.616
678.749
673.109
661.803
660.717
633.968
631.131
614.806
602.345
586.915
570.839
552.647
556.676
571.873
589.899
605.288
619.586
633.312
645.285
655.85
664.712
671.761
676.884
679.995
711.221
739.096
765.377
789.362
811.433
831.39
849.341
865.329
879.436
891.766
902.435
911.568
919.3
925.766
931.101
935.439
938.904
941.615
943.682
945.203
946.266
946.947
947.316
947.437
947.36
947.125
946.758
946.286
945.73
945.111
944.445
943.741
943.007
942.251
941.476
940.687
939.885
939.074
938.255
937.429
936.599
935.765
934.929
934.093
933.259
932.421
931.583
930.76
929.982
929.247
928.529
927.81
927.1
926.42
925.784
925.197
924.664
924.191
923.783
923.449
923.196
923.031
922.96
922.989
923.122
923.362
923.71
924.167
924.729
925.391
926.141
926.962
927.83
928.712
929.573
930.377
931.079
931.622
931.928
931.909
931.469
930.504
928.899
926.531
923.265
918.963
913.481
906.671
898.389
888.494
876.856
863.354
847.886
830.369
810.763
788.962
765.171
739.011
711.191
729.221
739.607
733.555
940.503
909.801
933.621
863.674
725.767
728.058
938.157
933.237
684.803
921.53
709.927
739.875
729.159
925.019
675.713
905.225
921.588
862.027
735.115
922.583
738.419
734.628
923.041
678.736
659.067
787.718
740.497
738.508
731.408
732.736
739.514
945.129
944.969
929.907
945.622
943.337
732.91
928.309
738.04
744.58
739.741
926.264
930.365
928.809
729.633
926.884
632.134
787.63
613.115
696.152
700.522
626.278
640.298
925.453
732.322
707.034
734.005
939.79
737.7
936.538
735.686
923.811
597.574
709.82
591.911
737.434
702.325
706.873
588.421
737.441
643.069
658.446
660.399
829.087
809.835
921.36
739.388
741.379
930.064
736.423
928.973
720.554
917.48
696.164
887.101
922.168
738.332
733.187
924.151
921.773
740.661
737.899
730.276
924.564
927.149
738.567
712.941
728.924
738.818
923.967
730.298
941.98
733.981
829.794
890.047
734.828
941.856
738.872
939.735
935.719
934.894
740.164
932.405
730.59
931.574
945.553
943.378
944.5
732.234
738.321
683.499
644.65
654.684
578.957
709.855
606.848
770.348
936.409
935.289
757.589
761.263
928.181
759.647
930.609
916.771
739.627
767.688
764.012
769.749
939.608
940.232
772.573
921.562
683.089
783.209
665.404
678.112
722.27
768.944
627.585
615.577
763.657
763.739
647.136
809.458
805.277
672.201
607.724
675.623
846.584
847.719
703.568
896.967
921.766
722.383
929.931
738.543
929.514
741.293
927.377
921.394
715.314
740.711
736.49
930.378
912.015
739.865
688.055
741.62
875.494
922.124
735.735
928.008
738.017
925.39
921.427
927.596
735.731
739.073
922.572
732.383
732.783
924.779
926.166
732.615
733.421
923.569
728.3
729.305
921.838
738.635
720.319
738.131
729.117
923.147
694.096
929.089
733.19
732.309
729.454
900.689
917.515
929.292
877.748
941.253
937.082
734.082
938.952
740.026
942.678
944.445
739.322
937.352
934.067
736.089
736.299
945.327
930.743
736.454
732.456
945.501
943.95
732.385
769.064
927.364
672.144
688.331
667.501
628.58
693.025
624.536
706.188
634.457
612.695
729.059
734.222
904.532
928.199
858.841
761.628
938.042
693.515
842.68
760.817
925.326
917.278
737.166
759.148
919.839
764.895
892.709
916.647
766.532
771.807
917.729
918.415
766.426
765.327
760.424
924.93
761.227
923.464
768.508
924.862
764.719
921.774
919.876
776.346
797.766
709.353
805.615
747.025
665.677
697.028
825.161
916.63
767.276
767.963
765.529
746.768
761.182
770.5
939.157
759.786
759.957
940.168
939.716
928.994
667.67
662.933
760.151
647.339
759.331
727.325
682.061
631.688
703.655
710.291
858.04
871.412
709.936
720.291
760.23
925.745
766.28
924.138
768.525
907.624
920.493
772.433
743.957
920.674
768.522
767.695
918.183
917.378
917.02
925.749
767.317
772.646
922.452
921.069
917.032
922.82
764.603
760.461
765.408
749.734
752.723
918.699
760.716
730.341
762.137
884.981
918.594
759.855
937.932
934.539
932.998
763.143
768.328
926.518
766.164
936.729
931.412
760.649
761.466
934.346
770.249
770.311
936.022
939.948
758.907
940.107
764.915
929.803
713.879
697.137
651.214
691.684
646.262
733.447
720.138
721.169
767.065
787.193
798.414
925.39
787.504
926.787
790.294
761.293
787.122
922.191
788.927
836.122
908.928
912.998
917.713
784.243
796.7
798.588
909.729
706.161
793.099
930.696
930.539
931.646
800.153
917.488
799.177
913.538
790.659
910.533
700.353
772.254
919.843
796.859
798.249
920.63
667.011
752.976
680.257
825.18
703.963
649.467
843.003
783.807
798.088
722.211
851.372
732.401
882.926
729.332
781.022
916.592
766.891
772.026
919.085
909.163
799.025
913.037
900.896
766.808
765.986
922.477
761.127
920.48
917.346
765.515
918.122
798.055
788.722
768.492
923.326
772.853
910.648
916.799
766.159
765.045
760.958
919.267
772.097
924.392
763.109
754.605
925.438
768.036
917.844
927.443
895.516
923.89
787.131
797.095
932.21
919.05
937.405
760.989
939.007
872.82
931.646
924.258
767.675
760.81
912.182
933.775
762.35
760.679
764.453
938.631
925.629
760.049
787.947
931.336
928.153
795.125
719.476
733.941
727.104
689.908
654.882
754.483
737.952
851.192
893.729
895.894
908.455
908.879
797.207
798.285
911.275
826.835
743.135
913.266
823.133
898.243
907.357
787.879
824.045
924.524
813.445
791.991
793.538
811.836
909.771
822.099
789.78
915.262
727.237
748.358
723.227
923.351
752.877
917.917
799.708
912.321
911.204
787.248
793.399
922.968
787.086
918.234
789.07
928.964
929.332
930.31
796.322
788.391
673.751
707.025
777.709
818.675
686.1
817.709
746.755
734.349
743.27
864.626
774.669
885.665
758.132
876.943
786.179
900.37
908.837
798.104
918.099
799.01
798.508
909.203
909.858
793.035
909.444
914.076
791.413
912.236
792.414
795.274
916.678
914.345
800.271
799.193
909.521
909.998
798.953
796.758
915.274
916.82
910.147
792.514
794.831
774.604
779.808
791.036
912.822
799.024
926.058
788.772
792.202
790.478
919.319
927.52
788.973
931.335
930.751
794.061
787.282
918.764
790.351
795.732
813.407
787.116
797.69
922.736
798.487
930.021
795.521
928.77
921.42
720.991
714.542
672.388
769.649
684.519
744.567
779.959
876.07
809.601
819.265
813.256
918.081
916.757
910.783
817.766
898.663
813.189
818.695
899.73
812.756
823.629
915.606
907.816
824.29
835.905
822.189
825.789
819.858
900.194
898.821
820.01
918.063
813.784
906.415
816.785
898.321
825.309
910.416
827.146
902.324
901.091
727.645
809.639
807.479
898.358
823.358
920.092
909.252
823.562
710.392
742.572
790.634
720.823
756.05
691.154
835.435
755.83
740.426
842.033
779.14
797.537
876.03
865.076
768.841
756.892
887.177
883.992
795.25
807.207
905.714
813.856
902.751
906.46
817.962
815.245
907.901
823.347
912.041
899.216
909.043
916.496
790.937
898.368
911.78
820.177
798.022
791.465
908.847
797.587
813.385
910.59
792.696
796.26
798.753
915.39
824.576
799.144
817.558
789.593
915.278
915.062
813.218
925.311
822.505
907.766
929.873
812.415
903.415
791.306
923.752
822.801
917.246
789.249
910.744
917.422
916.782
917.543
821.96
799.271
759.907
735.434
692.172
704.446
767.359
814.476
778.02
801.703
884.336
898.009
913.075
899.862
758.246
854.86
864.542
831.193
887.396
835.609
845.616
834.12
900.639
845.658
848.168
903.192
898.641
894.592
798.535
894.893
885.2
845.912
866.657
895.749
825.521
818.199
900.723
904.029
815.922
898.88
812.311
911.512
907.122
813
918.325
835.951
746.734
776.232
907.378
841.603
768.235
740.235
710.594
825.079
815.408
768.884
855.334
789.475
747.281
804.063
890.542
876.146
810.449
816.937
801.624
904.966
839.184
895.637
841.847
898.554
822.651
825.014
819.245
847.09
819.24
902.118
817.851
898.957
901.18
885.007
897.099
899.202
906.492
824.728
908.424
814.748
899.746
819.007
826.654
821.67
820.467
900.661
906.078
900.282
825.942
825.929
827.246
917.794
914.858
816.792
835.57
821.237
917.197
813.05
916.347
915.281
818.755
812.958
821.182
813.284
907.519
898.838
845.038
910.082
906.764
918.016
813.031
823.664
780.259
840.275
904.085
903.207
897.093
846.023
903.35
897.091
885.807
835.972
835.499
788.35
810.421
821.503
838.812
856.193
902.504
886.139
865.632
849.37
855.769
849.11
889.648
850.791
840.911
886.187
848.924
888.338
841.431
843.32
887.156
886.545
839.961
902.139
895.433
786.482
862.864
880.687
882.653
870.191
866.351
896.25
896.871
855.451
843.453
845.158
899.084
890.4
884.929
794.76
774.246
763.371
841.009
855.371
830.724
790.662
825.466
866.51
883.63
872.223
824.499
817.75
830.368
835.543
892.268
890.241
893.965
842.833
891.693
844.431
903.399
893.543
859.74
843.95
896.591
885.767
846.968
848.789
841.354
841.485
885.251
847.821
845.249
886.809
898.854
821.044
826.114
901.469
886.023
904.591
848.945
826.877
840.803
833.445
845.998
914.027
900.084
894.158
815.646
835.426
813.105
912.285
835.449
834.778
903.105
904.05
893.851
835.067
845.882
835.646
755.221
729.565
762.245
899.258
836.408
844.264
849.054
897.704
764.629
781.312
810.164
812.24
803.215
828.349
842.495
842.286
851.461
843.261
830.153
853.786
875.74
877.849
877.693
837.518
844.388
889.608
854.96
869.649
865.019
885.75
868.745
901.616
869.585
887.277
864.3
886.465
867.217
892.129
872.38
865.856
869.74
888.968
870.526
833.68
854.923
861.372
878.851
854.635
878.745
860.924
850.268
892.7
851.952
885.498
844.156
800.195
853.682
818.571
878.595
870.757
850.698
840.866
879.616
880.55
886.563
841.934
889.304
887.823
887.979
896.468
886.887
844.71
840.986
849.69
851.947
892.778
889.359
887.852
837.659
848.826
886.277
841.343
848.706
903.739
835.063
845.136
894.118
841.386
835.368
903.325
903.089
839.217
903.406
865.642
896.418
855.299
880.033
871.09
780.475
773.445
789.857
862.982
869.663
863.17
873.834
862.442
864.571
884.477
854.121
853.184
881.527
867.575
871.705
804.344
858.91
869.516
871.962
863.248
881.659
864.996
887.285
860.93
854.594
855.281
888.099
880.762
878.651
854.26
857.416
831.454
796.617
864.765
857.071
868.402
864.631
869.833
888.772
887.911
900.515
879.679
886.714
837.879
834.707
898.421
854.543
892.273
797.652
818.363
877.722
813.494
817.012
827.274
827.574
836.141
838.502
858.744
847.505
849.051
855.16
873.255
884.238
859.414
861.44
864.307
877.693
871.66
852.575
872.041
886.302
885.64
882.507
887.209
868.451
884.89
886.609
874.224
879.959
867.358
876.717
872.128
876.049
887.573
871.542
879.363
864.577
879.098
869.298
874.293
869.126
861.255
874.203
871.378
864.071
872.583
871.47
870.067
861.011
878.871
871.753
861.245
871.62
863.061
856.749
869.3
857.852
887.576
862.14
852.732
869.714
883.581
887.548
855.111
882.671
860.388
882.13
875.118
873.207
871.616
887.41
861.129
878.899
861.957
854.523
853.702
874.261
