573.162
570.582
475.074
477.208
775.598
772.898
768.781
572.557
570.748
567.74
563.549
558.191
551.691
544.074
535.379
525.639
514.895
503.221
490.595
491.246
504.737
517.489
529.582
540.886
551.577
561.228
570.727
578.476
586.574
593.234
599.576
605.127
610.022
614.524
618.073
621.664
624.444
626.775
628.847
630.484
631.83
632.978
633.677
634.644
634.635
635.35
635.383
635.589
635.682
635.558
635.856
635.213
636.042
635.375
635.66
635.486
635.5
635.571
635.436
635.772
635.581
635.58
635.895
635.934
636.159
636.414
636.473
637.108
636.641
638.009
637.552
638.247
638.399
638.712
639.182
639.136
640.093
639.577
640.194
640.409
640.674
640.925
641.145
641.27
641.601
641.158
642.259
641.422
641.71
641.313
640.95
640.678
639.528
639.71
637.152
636.93
634.884
633.315
631.155
628.573
625.991
622.212
618.984
614.958
609.864
604.728
598.715
592.086
585.134
576.644
569.254
558.114
549.364
538.038
526.976
514.771
502.181
488.637
488.198
500.823
512.334
523.044
532.722
541.413
549.023
555.541
560.915
565.129
568.153
569.974
592.139
612.749
632.416
651.042
668.637
685.148
700.581
714.926
728.193
740.399
751.569
761.735
770.935
779.213
786.616
793.197
799.008
804.104
808.542
812.374
815.655
818.435
820.766
822.7
824.281
825.549
826.54
827.285
827.817
828.168
828.363
828.425
828.374
828.228
828.003
827.712
827.367
826.978
826.553
826.101
825.628
825.14
824.641
824.137
823.633
823.126
822.621
822.131
821.68
821.269
820.878
820.492
820.12
819.775
819.469
819.202
818.974
818.787
818.641
818.536
818.471
818.443
818.45
818.483
818.536
818.598
818.657
818.697
818.703
818.652
818.521
818.28
817.893
817.321
816.525
815.465
814.1
812.38
810.247
807.639
804.494
800.75
796.344
791.212
785.293
778.524
770.848
762.209
752.558
741.851
730.05
717.127
703.062
687.842
671.477
653.961
635.346
615.624
594.895
661.965
643.675
662.412
826.948
760.613
791.998
713.911
623.294
661.839
826.09
823.372
582.06
817.286
621.998
668.532
643.996
790.034
588.602
761.102
817.22
716.129
668.051
817.447
667.531
666.293
817.721
571.133
560.103
650.021
652.678
661.713
662.429
663.112
658.071
817.178
825.265
821.353
821.428
826.887
663.41
820.409
667.097
665.452
657.578
816.65
806.421
814.221
663.572
819.623
544.941
652.965
529.256
583.853
585.723
534.146
543.259
818.859
664.61
601.209
662.678
802.88
668.26
825.279
662.132
817.402
517.904
591.278
516.341
614.46
588.377
591.717
505.778
611.715
547.284
559.683
568.554
686.882
667.657
817.199
668.083
661.936
811.147
651.654
799.548
634.322
777.377
606.985
740.794
817.389
667.186
665.402
818.213
817.348
668.582
668.132
662.244
817.272
816.081
666.809
608.937
661.878
646.898
778.048
629.322
827.144
634.72
684.175
739.328
662.219
807.307
659.208
826.724
824.828
824.356
654.767
822.869
662.237
822.364
823.007
811.13
826.007
662.76
660.266
575.444
550.869
553.649
503.672
593.91
519.227
676.713
803.609
823.119
651.68
687.115
819.573
687.274
821.014
813.546
630.156
693.6
686.742
682.575
821.432
817.644
692.667
812.911
578.193
647.265
563.604
571.107
603.319
670.737
534.671
531.838
631.331
634.276
557.431
670.5
664.883
571.162
520.235
580.412
702.086
699.591
614.908
751.475
784.129
639.098
803.284
655.007
812.859
663.144
795.153
817.233
628.314
659.861
648.603
809.022
769.719
668.357
598.902
669.138
729.022
817.407
664.993
815.282
667.753
817.032
817.192
820.011
664.429
667.862
817.535
665.956
665.059
818.516
819.236
664.637
665.608
817.948
661.654
661.887
817.284
667.209
616.662
668.768
661.942
817.453
591.491
820.864
663.479
662.093
662.09
750.472
769.791
785.434
727.15
827.093
797.796
662.28
826.434
656.611
827.082
814.405
649.986
825.702
823.869
661.693
639.272
824.275
821.86
660.653
662.513
819.503
826.537
662.894
683.844
819.072
568.413
578.133
562.954
540.299
581.238
531.824
589.103
545.394
531.98
608.3
612.096
757.257
788.411
710.959
686.968
823.053
597.961
699.157
686.881
799.662
780.643
636.795
663.068
813.276
678.922
748.229
813.457
692.826
693.919
813.783
813.709
690.995
685.946
687.825
817.586
688.511
816.718
688.147
809.173
689.491
815.709
814.749
643.109
705.215
594.753
667.623
621.927
574.206
589.522
681.362
813.496
693.352
691.936
690.251
638.026
686.838
679.094
822.171
687.351
686.986
819.197
813.429
820.066
568.299
560.129
631.615
549.478
628.69
605.63
576.979
546.765
589.705
600.997
713.13
725.94
609.794
619.254
667.695
802.782
681.807
810.505
689.134
766.34
786.504
693.199
644.367
813.289
693.656
693.738
813.964
813.663
813.606
805.374
684.241
691.791
812.336
815.329
813.544
791.587
689.443
671.637
692.18
651.249
645.247
814.189
686.867
621.05
687.223
736.176
774.557
686.639
807.405
822.896
822.268
686.919
684.795
818.548
666.683
823.313
821.462
686.855
657.372
799.215
680.996
674.02
823.264
820.446
686.961
815.746
686.558
820.547
597.175
587.142
557.264
580.977
548.005
609.305
606.312
616.296
649.684
709.677
699.053
793.144
709.33
816.842
678.635
656.489
709.778
814.7
710.223
694.228
807.365
780.67
793.697
684.093
701.703
717.14
807.562
595.655
709.803
807.182
814.9
811.619
711.121
803.346
715.73
806.508
712.066
807.046
587.797
693.595
813.528
692.506
703.534
813.765
563.572
624.877
586.765
683.949
592.812
560.881
696.727
650.112
660.52
611.807
708.106
627.302
737.627
628.485
665.774
813.466
693.121
693.889
813.658
807.403
717.35
773.942
757.785
691.196
690.603
816.095
688.449
815.043
813.645
691.709
796.813
704.72
689.467
664.498
811.545
691.263
807.955
813.484
692.555
689.92
686.926
814.453
694.37
795.956
675.709
657.31
807.497
686.268
813.703
797.48
747.216
781.89
709.745
706.571
821.883
812.784
823.249
687.032
810.663
724.122
794.167
817.197
685.723
688.078
766.358
822.61
686.992
686.904
662.465
822.702
817.995
687.569
709.963
812.906
817.022
709.22
600.935
613.304
607.319
585.206
561.103
627.423
615.264
706.306
752.302
751.726
804.628
807.368
716.32
717.167
807.459
687.213
631.762
784.853
725.694
798.913
785.627
674.965
738.282
815.959
730.744
713.223
714.389
704.065
768.784
721.836
710.764
810.243
612.262
623.934
606.937
805.799
647.665
801.606
709.339
808.762
808.222
709.613
683.895
815.143
709.708
812.27
710.306
801.227
816.709
815.778
707.68
654.57
576.028
603.602
645.576
679.064
578.494
676.825
629.967
618.723
638
720.812
658.164
742.865
640.457
731.191
672.577
760.768
807.366
716.898
799.401
707.234
716.932
807.432
774.893
714.117
807.487
809.622
712.08
808.535
713.561
715.165
804.513
805.799
712.775
714.922
807.45
807.489
717.463
715.969
785.696
790.036
807.729
694.259
698.148
671.754
678.323
712.528
807.045
716.271
816.615
710.173
709.954
709.885
782.497
817.007
709.629
809.677
813.838
709.522
709.512
813.014
711.16
688.566
730.721
709.692
695.998
788.182
701.479
804.436
708.476
816.936
814.245
605.177
598.138
573.528
639.606
576.323
619.818
657.428
735.58
691.236
707.674
730.531
798.317
808.592
806.084
730.509
798.829
730.653
734.218
767.083
729.855
719.095
808.524
791.296
727.475
749.154
737.109
738.328
735.144
799.669
799.172
730.021
805.859
730.921
803.423
733.083
797.491
731.396
797.756
737.035
797.574
799.932
618.374
672.279
670.482
799.092
737.869
804.589
805.137
723.874
601.387
622.152
656.437
603.791
630.671
590.187
692.119
634.615
621.249
701.031
665.728
676.165
732.399
719.39
655.485
644.213
741.959
744.887
683.267
697.798
768.297
697.534
772.738
781.973
713.961
709.346
788.825
724.876
807.331
799.204
807.416
811.365
711.563
798.848
808.504
718.099
717.089
712.827
807.384
716.572
730.708
807.503
713.805
715.605
716.627
805.107
738.487
713.656
733.519
709.617
789.088
776.065
730.631
816.323
727.157
804.195
816.349
729.43
760.681
709.961
815.569
715.845
811.626
710.389
780.061
800.253
792.752
808.045
728.5
662.877
632.424
614.464
589.172
591.894
637.66
730.118
658.649
681.534
744.285
761.046
807.372
798.968
634.298
713.062
726.888
707.711
757.619
721.313
736.548
747.419
778.898
743.783
757.162
787.583
799.311
794.006
663.956
775.873
788.54
739.594
725.308
760.654
738.54
733.846
799.931
801.819
732.52
799.337
729.174
806.51
803.795
730.428
807.046
749.226
628.002
646.932
794.719
752.916
639.853
619.334
604.123
685.685
678.571
646.603
713.777
667.274
631.693
684.042
753.266
734.955
690.968
702.944
690.831
777.699
726.829
779.148
731.557
799.27
737.401
738.513
734.605
742.686
734.597
798.527
733.622
799.144
800.14
788.203
796.715
798.906
792.917
729.488
805.104
731.644
799.47
734.443
737.407
736.747
735.72
799.017
796.024
794.361
737.997
733.137
736.246
795.871
808.26
730.613
748.82
729.545
808.399
730.558
808.718
802.547
730.258
730.173
711.928
730.613
774.59
774.897
745.334
805.664
803.618
807.671
730.376
721.618
648.736
748.667
795.649
798.466
795.661
755.759
797.501
796.292
788.205
748.63
748.516
660.994
682.899
695.191
719.818
736.091
798.693
789.434
759.974
749.755
765.175
757.428
787.491
755.478
752.246
789.225
756.077
790.021
752.538
753.899
789.344
789.132
751.666
782.476
794.571
655.008
726.396
764.585
763.571
776.526
754.482
782.084
787.056
764.874
748.903
747.247
789.958
791.279
787.147
662.399
648.169
645.579
699.998
716.806
692.477
670.562
700.278
724.663
751.399
735.979
707.278
699.348
714.536
714.162
767.859
763.094
772.239
728.931
753.054
732.964
768.33
765.135
741.606
735.704
770.385
789.097
756.379
757.449
752.386
752.755
788.127
745.207
755.244
788.539
799.413
736.246
737.614
798.925
788.977
796.003
756.94
734.997
752.118
746.628
741.813
807.883
787.095
793.751
730.437
748.636
729.495
806.949
748.77
748.125
785.459
796.538
793.593
748.077
739.31
748.976
630.303
616.902
638.015
796.927
747.812
754.609
755.624
796.022
642.956
657.381
683.86
677.488
669.497
691.918
707.16
705.009
717.065
713.973
704.691
728.394
751.876
756.617
743.856
713.235
721.359
759.098
764.516
775.895
754.636
770.851
773.14
798.3
773.559
776.013
761.018
789.682
772.14
782.796
778.432
771.225
773.405
784.442
775.945
746.519
764.38
768.496
781.835
763.836
781.815
768.34
751.833
785.455
754.319
781.267
705.346
672.427
716.432
691.995
744.179
735.473
729.041
724.48
760.937
759.242
789.626
752.81
786.261
789.736
789.656
783.993
789.267
754.897
752.223
755.441
755.411
793.06
788.357
788.792
749.899
756.456
789.052
752.425
747.656
797.112
747.987
748.832
793.881
748.49
748.509
798.061
798.793
748.72
794.413
757.644
795.24
764.814
783.2
777.369
653.237
645.448
659.679
769.827
740.7
747.884
748.352
746.381
750.629
767.516
763.764
762.869
767.879
757.684
777.747
672.866
763.829
772.905
776.628
764.937
783.804
770.667
785.446
768.087
764.017
764.041
784.668
783.186
781.805
763.432
765.643
695.843
671.14
733.642
734.116
741.235
763.04
775.765
788.797
777.74
797.695
782.414
773.709
748.386
746.944
796.442
763.867
785.996
668.063
683.268
781.614
682.247
685.034
695.195
695.887
705.409
706.491
725.775
716.298
721.536
725.145
746.724
751.917
739.067
743.661
751.498
754.22
777.885
762.155
778.196
786.672
776.415
771.167
787.105
760.39
785.8
789.744
768.461
774.171
764.648
772.813
778.167
776.605
786.666
771.381
778.061
770.43
782.302
772.329
772.467
771.703
768.135
778.949
777.392
770.113
777.78
777.362
771.112
768.093
782.206
777.239
768.177
777.252
769.405
763.73
771.241
763.885
785.03
733.462
761.962
763.173
784.959
787.042
762.999
784.391
763.927
784.08
776.943
777.045
777.366
786.084
768.134
782.067
768.623
763.539
762.349
777.155
