539.258
537.468
453.797
455.139
734.224
736.733
728.573
538.73
537.144
534.509
530.835
526.139
520.44
513.766
506.144
497.607
488.201
477.945
466.934
467.539
479.394
490.761
501.548
511.802
521.401
530.557
538.818
546.957
553.998
560.813
566.872
572.451
577.516
581.978
586.152
589.624
592.833
595.646
598.044
600.151
601.95
603.44
604.799
605.712
606.814
607.352
608.024
608.446
608.79
609.138
609.189
609.641
609.361
609.755
609.668
609.809
609.859
609.894
610.047
610.003
610.211
610.362
610.408
610.608
610.749
610.9
611.179
611.191
611.76
611.499
612.093
612.141
612.468
612.716
612.887
613.307
613.241
613.829
613.871
614.102
614.258
614.383
614.465
614.535
614.415
614.588
613.954
614.068
613.508
613.115
612.515
611.65
610.97
609.376
608.716
606.661
605.09
602.857
600.449
597.731
594.466
591.158
587.009
582.546
577.832
572.398
566.581
560.242
553.194
546.019
537.434
529.65
519.918
510.513
500.087
489.362
477.967
466.262
465.593
476.416
486.68
495.98
504.495
512.067
518.714
524.388
529.069
532.733
535.361
536.942
556.424
574.671
592.151
608.843
624.703
639.719
653.869
667.151
679.561
691.106
701.799
711.656
720.702
728.962
736.468
743.255
749.359
754.818
759.674
763.966
767.734
771.019
773.861
776.302
778.381
780.132
781.585
782.769
783.715
784.451
785.005
785.397
785.65
785.783
785.813
785.754
785.621
785.425
785.178
784.889
784.567
784.218
783.851
783.47
783.081
782.685
782.285
781.895
781.537
781.212
780.902
780.591
780.288
780.005
779.75
779.521
779.319
779.14
778.984
778.848
778.727
778.618
778.512
778.4
778.272
778.115
777.915
777.654
777.313
776.872
776.305
775.584
774.676
773.545
772.155
770.474
768.467
766.092
763.302
760.048
756.281
751.954
747.022
741.437
735.156
728.135
720.336
711.722
702.261
691.927
680.696
668.556
655.496
641.519
626.624
610.836
594.166
576.657
558.334
634.315
608.525
633.431
784.614
710.666
742.188
666.261
587.911
634.733
784.452
782.687
548.524
777.123
587.709
639.303
609.751
740.379
557.023
710.736
777.576
667.674
639.359
776.506
638.876
637.882
778.166
537.492
528.545
607.95
618.95
630.779
635.006
635.485
625.792
769.886
780.427
781.122
775.153
783.285
636.039
780.369
636.523
632.355
624.112
773.539
758.945
769.341
636.694
779.747
515.666
609.958
501.222
548.644
550.837
505.316
513.071
779.129
637.014
566.059
633.671
753.723
638.506
784.01
632.272
775.725
491.543
555.671
490.649
575.634
552.612
555.541
480.16
573.769
517.106
528.243
537.53
640.671
623.845
777.361
639.19
628.937
764.971
617.825
750.871
599.714
727.109
573.454
690.988
777.832
638.301
637.469
778.595
776.966
639.365
637.911
634.045
775.16
772.411
635.265
574.177
634.507
612.575
727.93
593.912
784.229
599.317
638.867
690.164
632.807
758.567
627.465
784.643
783.722
783.401
621.612
782.306
634.701
781.917
777.228
762.849
781.607
635.077
628.766
541.893
520.342
522.159
478.587
557.465
492.038
640.816
755.253
781.114
614.038
657.457
779.201
657.911
780.227
773.684
592.783
662.628
655.114
648.09
776.946
771.733
659.38
770.116
544.561
605.541
531.451
537.6
565.858
633.864
505.659
503.813
591.199
593.221
526.699
625.762
621.421
538.797
493.012
546.839
654.634
653.002
580.82
701.298
734.112
605.132
755.187
621.062
767.338
631.179
745.95
777.25
594.076
626.745
613.77
762.191
719.329
639.267
565.115
639.001
679.786
776.766
634.565
771.022
637.251
774.442
777.467
780.055
635.875
639.035
777.988
638.491
637.203
778.848
779.436
636.541
637.82
778.368
634.289
634.314
777.696
638.709
581.244
638.675
634.394
776.166
557.905
780.732
635.612
633.839
634.488
700.831
719.689
735.418
678.645
784.481
748.277
633.205
784.585
623.852
783.837
766.61
615.979
784.257
783.053
631.761
604.298
778.977
781.523
630.095
634.76
772.721
782.55
635.283
649.845
778.822
535.754
543.63
530.325
511.397
546.937
503.015
553.778
515.689
504.21
570.228
573.558
707.701
738.991
663.677
656.369
779.792
564.404
652.047
657.192
751.915
730.988
599.93
625.708
773.423
643.209
698.412
774.03
662.351
662.024
774.535
772.729
660.783
653.698
658.47
777.664
658.885
776.977
653.639
763.985
659.26
776.147
775.382
601.915
668.679
558.999
623.223
582.363
542.187
554.887
636.408
773.813
662.597
661.204
660.265
600.579
657.055
643.587
778.12
658.11
657.671
773.778
766.51
779.565
535.857
527.985
590.879
518.803
588.893
568.47
543.5
517.488
553.915
565.542
665.023
677.057
573.805
583.407
630.878
755.654
646.382
765.952
655.745
716.312
737.208
660.285
607.286
771.013
662.628
662.59
774.709
773.326
773.526
758.888
649.184
658.406
768.984
775.843
774.254
742.741
659.774
635.603
661.933
614.007
607.611
774.91
657.269
584.565
656.702
687.394
724.832
656.886
759.504
781.143
780.953
655.624
651.371
778.414
629.821
780.733
780.513
657.468
619.869
750.444
646.019
637.553
780.985
775.502
657.857
769.334
654.393
779.908
560.468
552.355
526.309
546.263
517.339
571.669
569.676
579.433
610.123
678.369
660.931
745.012
677.789
775.376
638.688
617.801
678.645
774.437
679.044
647.69
768.001
731.97
746.536
645.241
663.411
684.074
768.81
560.084
676.098
760.896
771.007
766.303
674.43
758.695
680.785
764.249
680.883
768.169
552.4
660.983
771.729
653.554
666.466
773.784
531.14
585.572
553.38
638.08
557.398
530.106
650.498
607.443
617.611
575.232
660.576
590.385
688.179
591.92
625.733
773.927
662.481
661.501
772.291
767.824
684.044
724.037
707.781
661.148
660.547
776.452
659.378
775.62
774.386
661.772
750.267
666.796
650.515
625.578
767.604
656.796
769.174
774.139
662.148
659.95
657.064
775.136
662.076
747.632
639.511
620.242
761.662
651.634
773.067
749.757
697.963
732.267
678.788
670.562
780.759
773.049
780.343
656.491
763.246
675.99
745.038
777.364
652.507
658.732
716.65
781.085
656.027
657.324
625.041
779.06
777.975
658.251
678.823
768.075
774.99
674.532
564.384
575.487
569.538
550.852
529.606
587.193
576.514
659.61
702.898
702.817
765.482
768.428
683.711
683.4
766.606
641.478
593.6
737.591
687.298
760.228
739.274
633.954
703.662
775.175
697.914
681.651
682.688
662.712
719.709
681.847
679.452
770.927
574.977
584.418
569.832
761.075
609.347
756.338
672.203
769.843
769.403
678.2
644.203
774.722
678.572
772.649
679.06
753.953
774.011
772.305
672.17
612.412
543.002
568.02
603.448
633.765
544.502
632.444
591.617
581.042
600.162
672.512
618.258
693.644
601.137
683.021
632.528
711.341
768.177
683.981
753.498
669.698
682.951
768.629
725.836
682.268
768.719
770.486
680.41
769.595
681.915
682.87
760.468
762.971
676.227
679.576
767.616
767.358
683.879
683.517
737.443
742.301
768.971
655.213
659.572
632.722
639.227
681.045
765.296
681.67
775.397
678.877
676.642
677.245
733.722
775.268
677.363
763.889
769.496
675.431
677.907
773.522
679.787
649.045
697.878
678.475
657.493
739.694
663.897
757.643
673.564
774.584
774.128
568.383
561.483
540.835
598.195
542.347
581.167
616.519
687.175
649.35
666.518
697.479
752.911
767.287
766.533
695.205
759.69
697.998
700.836
718.852
696.578
679.082
767.768
746.164
688.297
714.97
703.036
702.63
701.38
761.533
761.064
693.813
762.796
698.209
764.633
700.145
759.336
693.059
753.623
700.025
756.082
761.683
581.29
627.769
626.891
760.567
703.46
760.435
765.864
684.922
565.373
583.605
613.356
566.722
591.062
555.778
646.469
595.104
582.846
654.305
625.097
634.431
683.541
671.852
615.397
604.807
693.336
696.303
642.021
656.418
718.992
655.766
724.863
735.054
673.357
668.323
743.066
685.288
766.051
761.124
768.555
772.043
680.186
759.957
769.638
677.761
683.816
681.333
768.333
683.825
697.817
767.033
682.1
683.224
682.352
761.675
703.686
678.201
700.285
677.328
742.229
727.088
697.92
775.331
689.316
765.161
773.275
695.937
711.625
677.007
774.975
675.33
772.125
679.126
732.442
755.543
746.334
766.106
691.184
619.036
591.881
576.103
554.837
556.289
597.164
695.984
617.746
639.275
696.25
712.847
767.309
759.197
594.313
666.311
679.471
663.981
710.404
678.366
694.848
712.844
733.091
703.744
720.88
743.183
761.014
755.725
620.415
730.488
750.679
697.712
677.252
712.172
703.034
700.546
761.75
763.278
699.606
761.177
695.721
766.806
764.864
697.795
764.358
714.978
589.165
605.724
751.208
718.275
598.75
580.713
568.333
640.833
633.822
606.196
666.276
625.829
592.803
642.179
704.66
687.174
648.348
661.416
649.469
730.268
684.011
734.317
688.952
760.869
703.178
703.482
701.079
701.227
701.015
757.505
700.393
761.061
761.911
750.16
758.687
759.471
748.581
690.742
766.253
698.843
761.364
700.989
700.775
702.809
702.052
758.867
752.712
752.424
702.02
695.246
698.858
749.931
767.75
695.723
714.714
692.713
766.787
697.956
767.691
759.193
694.502
697.021
671.042
697.654
726.68
728.683
705.876
766.253
764.765
765.367
697.732
682.127
606.571
711.784
753.53
758.025
756.966
719.92
756.479
758.104
749.634
714.424
714.378
618.945
639.616
651.279
676.468
691.498
758.772
751.813
718.521
709.575
729.633
720.702
746.889
716.991
717.65
751.904
718.703
752.567
717.767
718.667
752.006
751.847
717.165
737.1
756.16
612.525
679.636
720.266
718.537
739.62
711.207
737.8
743.921
729.412
710.964
708.291
747.443
753.589
749.839
619.796
607.04
605.536
654.086
669.722
646.725
628.893
656.565
677.293
703.927
688.395
664.315
656.519
671.538
670.563
721.445
716.238
726.305
686.363
704.877
690.828
720.215
718.262
697.252
693.451
723.805
751.364
720.337
720.932
717.509
718.167
749.846
704.185
719.578
749.622
761.189
702.472
701.335
758.357
751.699
753.162
720.092
697.176
717.484
711.935
701.197
767.602
743.388
755.565
695.941
714.518
695.701
767.074
714.375
713.651
740.546
754.793
755.488
713.959
698.145
714.669
590.36
579.353
597.907
757.739
712.155
719.203
717.944
757.185
602.764
615.976
640.551
633.63
625.813
646.983
661.171
659.225
670.755
668.851
660.436
683.389
706.174
711.337
696.744
668.776
676.768
712.016
728.838
738.833
712.054
726.652
735.606
758.633
735.776
732.704
720.225
752.147
734.875
740.082
741.873
734.195
735.382
743.346
738.351
711.514
728.993
732.556
744.548
728.561
744.602
732.581
712.033
743.126
714.942
739.933
658.809
629.627
670.049
648.426
696.579
688.479
684.4
681.484
716.108
713.838
752.235
717.838
745.332
752.338
752.204
740.138
751.957
719.373
717.531
717.389
716.45
755.193
748.211
749.496
715.566
719.359
751.777
717.607
707.052
755.742
713.856
710.362
755.816
711.132
714.361
757.338
758.611
712.269
752.063
715.605
756.682
729.22
746.162
740.567
611.755
604.126
617.18
733.834
694.366
704.306
702.46
702.348
706.956
722.88
728.008
727.017
724.085
714.837
741.338
629.421
725.75
734.622
738.67
725.689
746.075
733.818
745.48
732.127
728.701
728.693
743.994
745.611
744.658
728.178
730.137
650.392
628.669
687.182
689.378
695.281
722.726
738.464
749.088
734.738
758.273
744.999
729.953
712.346
711.653
757.442
728.591
744.328
625.343
638.588
744.784
638.471
640.872
650.578
651.21
660.429
661.287
679.317
670.728
676.409
679.355
700.647
704.758
694.692
699.666
708.401
708.523
741.181
726.165
741.574
747.977
733.621
727.898
748.155
717.982
747.367
752.284
726.671
732.424
723.747
731.659
741.687
736.928
747.237
731.415
737.72
733.718
745.237
733.798
731.93
732.903
731.925
742.365
741.026
733.532
741.321
741.001
731.61
732.078
745.202
740.85
732.033
740.883
732.964
726.5
732.125
726.251
744.734
687.544
725.788
721.162
746.761
747.853
726.171
746.381
725.334
746.219
737.751
738.706
741.001
746.4
732.057
744.962
732.299
728.256
725.879
738.404
