614.119
611.015
499.933
503.858
819.846
812.012
811.64
613.431
611.359
607.914
603.109
596.965
589.508
580.773
570.785
559.608
547.268
533.818
519.397
520.108
535.346
549.791
563.245
575.849
587.246
598.255
607.066
617.166
623.948
631.403
637.27
642.617
647.298
650.885
654.728
656.729
658.994
660.92
662.14
663.218
663.96
664.318
664.91
664.352
665.479
664.547
664.779
664.407
664.106
664.126
663.214
664.26
662.017
663.159
662.327
662.506
662.387
662.219
662.598
662.012
662.811
663.256
663.006
663.477
663.611
663.783
664.407
663.904
665.805
663.58
665.557
665.077
665.759
666.125
666.164
667.311
666.245
668.588
668.332
668.775
669.152
669.445
669.771
670.157
670.038
671.389
668.957
670.869
670.035
670.394
670.331
669.701
670.475
667.808
670.881
667.759
667.841
666.029
664.451
662.706
659.666
657.992
653.243
648.708
645.001
639.397
633.789
627.348
619.499
612.66
601.047
595.792
582.3
572.061
558.911
545.785
531.33
516.592
515.135
529.482
542.758
555.198
566.494
576.597
585.554
593.201
599.556
604.544
608.132
610.295
635.634
659.13
681.256
702.118
721.563
739.646
756.325
771.627
785.572
798.199
809.558
819.704
828.705
836.629
843.553
849.553
854.708
859.095
862.79
865.866
868.391
870.431
872.046
873.297
874.235
874.906
875.343
875.581
875.651
875.584
875.402
875.127
874.774
874.358
873.891
873.383
872.842
872.274
871.686
871.083
870.468
869.846
869.22
868.592
867.967
867.342
866.719
866.112
865.549
865.028
864.529
864.034
863.555
863.108
862.705
862.35
862.044
861.791
861.595
861.458
861.383
861.372
861.426
861.541
861.716
861.943
862.216
862.525
862.856
863.192
863.512
863.789
863.988
864.068
863.989
863.708
863.179
862.343
861.132
859.47
857.278
854.476
850.98
846.704
841.558
835.456
828.31
820.036
810.556
799.795
787.692
774.193
759.254
742.854
724.963
705.624
684.782
662.593
638.956
691.499
681.522
692.228
872.937
818.402
848.179
770.436
663.509
691.914
871.428
867.82
621.121
860.349
661.205
698.739
681.655
845.39
629.126
818.791
860.013
773.061
701.181
861.158
697.395
695.998
860.67
611.704
597.92
700.924
689.227
692.954
691.663
692.209
692.701
869.011
873.916
865.323
871.867
874.157
693.198
864.151
700.278
696.514
692.435
862.626
858.123
862.341
694.997
863.149
578.133
704.492
561.335
626.29
628.032
568.77
579.745
862.17
694.94
640.35
691.03
857.699
700.553
870.276
693.073
861.824
548.03
634.615
548.341
661.271
631.478
635.308
536.532
657.922
583.521
597.168
604.836
741.762
720.413
860.057
698.08
695.52
860.984
687.953
853.142
672.709
834.172
646.411
798.601
860.223
696.126
695.567
861.327
860.576
699.064
700.406
691.428
862.145
862.708
699.36
649.733
691.52
685.192
835.286
669.231
873.702
674.083
738.502
796.949
692.919
861.385
693.266
872.473
869.675
869.063
690.868
867.194
691.285
866.568
872.805
864.455
874.153
691.583
693.374
615.884
586.923
591.632
531.294
637.821
552.209
716.057
857.182
868.69
694.916
717.723
863.629
718.757
865.462
856.258
673.632
726.786
720.5
719.599
869.632
867.61
726.866
858.531
618.498
697.683
602.302
611.587
648.524
711.348
569.802
563.468
679.986
683.563
591.595
723.852
717.149
609.862
553.19
614.582
758.145
755.162
654.17
809.334
840.259
678.349
855.937
690.129
861.813
697.295
849.656
860.174
667.61
694.213
683.89
859.78
827.044
698.332
637.042
698.592
786.528
860.849
700.488
862.626
700.325
862.423
860.003
863.645
692.231
697.651
860.418
697.665
695.182
861.726
862.654
694.016
696.157
860.974
692.792
691.761
860.087
696.93
656.794
699.915
691.43
861.488
632.316
864.718
692.359
692.42
691.227
808.28
827.381
842.193
784.351
873.351
853.322
692.664
871.967
691.894
873.977
866.976
687.574
870.862
868.444
693.571
678.553
873.478
865.947
694.066
690.992
870.622
874.223
691.94
720.172
863.008
607.611
619.733
602.326
575.257
622.725
566.537
632.038
579.891
565.543
654.227
658.568
814.509
844.067
766.969
719.654
869.887
639.323
754.819
717.978
851.924
836.366
677.434
702.456
856.69
718.093
805.675
855.915
725.753
727.202
856.307
857.393
722.582
721.083
719.622
861.173
720.214
860.093
724.951
857.755
720.138
858.853
857.591
692.783
744.46
637.889
720.581
669.449
612.705
630.763
735.192
856.086
726.515
723.01
721.786
681.767
718.349
717.553
869.87
719.087
718.335
868.532
864.775
864.246
606.877
599.025
680.525
586.464
676.876
650.735
617.057
582.329
632.923
643.259
769.659
783.039
648.704
659.654
707.639
854.096
720.398
858.262
726.507
823.252
841.458
727.082
684.981
858.324
727.612
727.211
856.551
856.756
856.484
855.747
722.301
726.589
858.608
858.364
855.991
845.691
721.085
712.373
725.012
691.673
688.785
856.852
717.91
665.085
718.009
793.266
831.262
719.423
860.23
868.23
867.198
720.236
720.545
862.364
708.694
869.446
866.057
717.986
700.213
853.521
718.754
713.834
869.101
869.192
718.863
866.385
720.62
864.857
641.483
628.952
594.313
622.922
585.053
655.079
649.871
657.838
695.414
743.17
740.596
846.61
743.406
861.735
723.404
700.899
743.127
858.494
743.279
749.226
849.501
834.952
845.303
727.819
742.286
751.751
849.494
638.086
745.148
857.707
862.344
860.821
749.455
851.33
753.042
851.527
746.25
849.356
630.349
727.169
858.047
735.595
743.543
857.299
602.553
672.367
626.18
738.431
635.104
597.998
751.792
701.245
712.009
654.168
763.965
670.96
795.023
668.982
711.306
855.973
726.129
727.163
857.728
849.703
752.015
830.327
815.061
723.141
722.199
859.346
721.119
857.981
856.121
724.614
847.474
744.724
732.148
708.88
858.533
725.451
850.019
855.924
725.293
721.364
718.063
857.202
726.469
849.154
715.221
697.7
856.955
723.811
857.063
850.224
804.49
838.121
743.302
745.078
866.638
856.081
869.713
719.2
862.741
780.8
849.175
860.681
720.466
719.973
823.412
867.731
719.94
717.858
704.613
869.947
861.688
719.306
743.122
861.486
862.463
745.447
645.176
658.716
652.725
625.779
597.43
675.735
661.823
761.491
808.892
808.098
847.169
849.256
750.524
753.185
850.947
741.283
676.608
837.185
766.975
840.266
836.324
721.103
775.344
860.222
765.577
747.388
749.1
749.307
824.616
765.394
743.906
853.086
656.67
671.354
651.314
854.248
691.95
850.428
748.202
851.088
850.37
743.187
728.121
859.08
743.112
855.451
743.338
853.234
862.83
862.743
745.499
705.013
614.084
644.33
696.077
732.885
619.288
729.853
675.356
663.244
681.98
777.235
703.861
799.627
685.678
787.431
717.792
816.996
849.383
751.334
849.116
746.658
753.236
849.303
829.938
748.447
849.381
852.255
745.227
850.909
747.798
749.077
851.708
851.487
750.372
752.627
849.964
850.27
752.35
750.095
839.134
842.572
849.721
735.758
739.312
715.965
722.215
746.517
851.487
753.212
861.277
743.004
744.851
744.033
837.297
862.161
742.986
859.509
861.816
745.387
743.16
856.08
744.379
731.954
765.491
743.126
738.454
842.342
742.275
855.702
745.756
862.699
857.906
649.193
642.215
612.671
689.267
617.231
666.388
705.665
791.406
739.136
753.851
765.461
847.716
853.122
848.998
768.026
840.549
765.839
769.781
821.193
764.919
762.821
852.532
840.153
769.787
785.805
773.736
775.778
770.876
841
840.285
768.695
852.258
766.26
845.617
768.757
838.938
772.544
845.163
775.843
841.737
841.469
662.178
725.185
722.419
840.34
774.765
852.312
847.798
765.955
643.883
668.183
707.854
648.287
678.144
629.686
746.369
681.394
666.984
755.965
711.737
724.564
789.116
775.237
701.164
689.346
798.366
800.537
729.351
743.44
824.001
744.955
826.087
833.592
758.751
754.384
838.602
767.798
851.264
840.389
849.286
854.225
744.893
840.359
850.741
762.261
753.149
746.911
849.321
750.876
765.554
850.608
748.11
749.527
753.234
851.532
775.76
752.033
768.876
743.486
840.712
831.432
765.614
860.777
767.672
846.63
862.871
764.561
816.855
744.46
859.662
760.295
854.679
743.457
833.08
848.7
843.656
853.212
768.301
715.184
681.06
660.524
630.096
634.693
686.356
766.384
706.3
730.176
799.475
815.709
850.742
841.28
681.857
767.818
781.571
757.291
810.574
769.135
782.1
784.244
829.171
786.844
795.707
835.715
840.447
835.497
715.735
825.487
828.948
784.82
781.1
815.42
775.721
769.339
841.345
843.728
768.07
840.45
764.885
849.56
846.13
765.641
853.021
785.895
674.024
696.078
841.634
790.106
688.94
665.462
646.611
738.834
731.504
694.099
769.281
715.654
677.177
732.259
808.555
790.215
739.692
749.756
736.737
830.209
774.034
827.894
778.07
840.452
774.145
775.884
770.267
787.245
770.292
842.156
769.058
840.283
841.635
828.744
838
840.895
840.674
771.194
847.386
767.084
840.728
770.06
775.799
773.264
771.95
841.711
842.406
839.067
775.71
773.761
775.493
846.043
852.04
767.668
785.452
768.671
853.233
765.755
852.984
849.271
768.296
765.155
757.187
765.489
828.248
825.877
787.593
848.453
845.875
853.224
765.629
764.511
699.077
787.613
840.876
841.926
837.525
793.908
841.533
837.762
829.217
785.27
785.023
710.447
733.009
745.691
768.266
785.726
841.67
829.715
804.584
792.51
803.153
796.421
830.665
796.497
789.615
829.416
795.906
830.606
790.071
791.615
829.754
829.419
788.682
832.05
836.181
705.543
780.285
813.018
813.05
815.856
801.651
830.006
833.353
802.815
789.075
788.828
835.643
832.164
827.565
712.995
696.825
692.2
754.098
771.473
746.288
718.831
750.188
779.799
805.012
790.476
755.747
747.981
762.725
763.243
819.222
815.291
822.751
775.969
808.045
779.294
822.551
817.44
790.718
781.575
822.057
829.433
794.705
796.192
790.001
790.109
828.873
789.116
793.245
829.89
840.535
772.682
775.632
842.058
829.171
841.795
796.263
774.681
789.525
783.533
785.7
851.452
834.3
835.157
767.072
785.181
765.427
850.15
785.494
784.887
834.325
841.343
834.927
784.58
784.023
785.657
678.026
660.985
685.678
839.222
785.416
792.4
795.762
838.008
690.382
705.963
734
729.295
721.179
744.697
760.531
758.459
770.441
765.706
755.237
779.273
802.746
806.696
797.435
763.672
771.616
811.963
802.527
815.331
800.92
818.938
813.371
841.041
814.013
822.786
804.738
829.933
812.121
828.737
817.639
810.992
814.044
828.423
815.845
783.468
802.284
807.253
822.14
801.832
822.063
806.988
794.1
830.744
796.341
825.359
759.736
722.272
770.239
742.094
798.315
789.271
779.038
772.176
810.216
809.406
829.842
790.51
829.827
830.24
830.247
831.294
829.616
792.784
789.683
795.975
796.96
834.154
831.009
830.529
786.7
796.011
829.288
789.997
790.971
841.51
784.525
789.78
835.187
787.982
784.981
841.794
842.013
787.182
839.907
803.1
836.985
802.793
823.316
816.652
702.33
694.616
709.97
808.666
792.992
795.787
799.684
794.894
798.479
816.305
801.798
800.951
815.479
804.17
816.891
723.988
804.244
813.71
816.889
806.709
824.493
810.276
828.194
806.851
801.933
802.196
828.17
823.744
822
801.435
803.996
748.946
720.622
786.448
784.341
792.959
806.112
815.391
830.971
824.088
840.208
822.835
821.123
786.399
784.171
838.57
801.825
830.655
718.346
735.816
821.454
733.49
736.726
747.101
747.83
757.345
758.74
778.953
768.615
772.917
777.36
798.366
805.207
788.54
792.349
798.599
805.013
817.126
800.345
817.41
828.222
822.456
817.96
828.888
806.218
827.102
829.975
813.349
818.885
808.423
816.789
817.341
818.738
828.899
813.926
820.964
809.929
822.438
813.356
815.683
812.987
807.099
818.49
816.522
809.503
817.161
816.517
813.136
806.905
822.278
816.518
807.091
816.482
808.643
803.219
812.849
803.806
828.123
785.481
800.381
808.422
826.046
829.044
802.073
825.311
804.933
824.876
818.519
817.698
816.56
828.555
806.997
822.235
807.692
801.599
801.061
818.246
