717.734
724.457
549.941
573.773
907.634
892.707
896.459
716.844
714.212
709.84
703.731
695.889
686.318
675.043
662.09
647.432
631.332
613.423
594.24
594.933
614.732
632.937
649.244
663.741
677.232
686.853
700.217
700.696
712.267
715.399
720.499
723.57
725.301
728.207
726.108
730.712
730.751
728.995
728.967
727.541
726.457
725.609
723.078
724.9
717.102
720.011
717.089
716.705
715.906
714.008
716.036
709.5
720.512
713.85
716.486
715.174
715.126
715.789
713.985
717.531
712.56
710.065
712.616
711.301
712.198
712.482
711.555
715.172
707.999
723.589
715.958
719.922
719.019
719.288
721.056
717.74
725.433
713.182
715.121
715.814
715.433
716.165
715.833
716.221
717.451
712.867
730.222
721.107
725.23
723.984
724.118
725.574
721.146
731.755
707.553
718.882
713.634
714.588
713.881
711.818
713.872
705.291
715.42
719.608
711.529
710.989
705.406
700.352
695.439
683.168
687.471
645.878
649.03
630.909
618.263
602.634
585.846
566.54
576.895
590.431
611.898
630.539
647.053
663.937
678.892
692.193
703.457
712.483
719.082
723.102
758.065
788.418
816.989
842.538
865.732
886.328
904.471
920.273
933.868
945.419
955.104
963.107
969.614
974.81
978.87
981.961
984.234
985.827
986.861
987.44
987.655
987.579
987.279
986.81
986.218
985.532
984.77
983.947
983.081
982.184
981.266
980.332
979.385
978.429
977.465
976.494
975.518
974.536
973.549
972.559
971.567
970.573
969.578
968.583
967.59
966.594
965.594
964.61
963.674
962.782
961.906
961.021
960.141
959.287
958.475
957.709
956.994
956.337
955.744
955.225
954.789
954.446
954.203
954.07
954.053
954.16
954.397
954.768
955.276
955.922
956.701
957.603
958.61
959.699
960.842
962.012
963.173
964.273
965.24
965.989
966.422
966.43
965.892
964.668
962.604
959.535
955.283
949.661
942.481
933.552
922.691
909.723
894.492
876.874
856.767
834.036
808.935
780.806
750.897
744.569
767.458
751.441
976.387
960.91
979.737
918.182
757.674
742.743
973.509
967.63
719.136
952.284
726.163
756.533
745.527
963.058
694.423
948.127
952.99
908.314
746.875
953.018
755.442
748.696
955.165
716.196
692.172
840.48
763.782
758.41
748.727
750.144
760.215
985.397
982.647
963.677
984.643
980.095
750.347
961.767
750.055
761.782
757.433
956.901
964.333
960.314
743.57
960.035
657.21
832.626
636.897
734.864
744.423
658.839
674.631
958.274
746.823
742.234
752.172
983.609
750.028
971.562
754.286
954.186
621.172
756.308
611.688
779.12
741.451
746.295
618.076
786.366
676.545
692.534
686.62
875.515
863.714
952.419
756.388
758.363
962.595
755.101
964.795
735.461
957.958
713.698
932.074
953.93
755.113
747.383
956.628
952.398
757.811
749.988
745.812
954.972
957.999
750.191
746.66
744.232
764.139
972.591
761.114
978.266
763.615
884.306
943.263
753.221
984.649
758.958
975.434
970.582
969.6
762.443
966.643
747.067
965.657
984.065
985.237
981.835
749.637
757.701
722.743
674.531
690.239
601.197
749.471
638.06
795.248
978.061
970.307
788.455
779.819
961.822
776.452
964.686
947.003
773.535
782.99
782.559
792.023
976.305
978.217
789.921
951.777
717.844
834.784
700.762
715.439
762.945
795.701
660.358
640.122
814.859
807.414
672.623
855.385
857.935
706.651
638.816
701.282
893.112
902.417
720.528
940.973
961.009
735.977
964.775
756.524
961.483
758.507
964.269
952.293
731.034
758.065
756.107
963.575
953.726
756.713
705.672
757.782
921.246
952.641
747.409
959.143
750.033
955.883
952.654
960.903
753.532
756.055
954.515
745.639
747.071
957.429
959.155
747.006
747.662
955.871
743.324
744.821
953.418
756.262
753.157
750.302
744.415
953.533
727.801
962.702
750.498
750.092
744.739
952.924
967.404
976.647
931.742
977.332
982.012
752.239
974.475
761.454
979.189
985.462
763.086
972.538
968.616
755.078
764.78
983.396
964.67
755.146
750.402
985.106
980.979
749.837
790.655
960.86
708.457
726.495
704.1
655.579
734.827
657.506
751.678
659.572
633.774
770.192
775.697
954.368
973.113
912.063
779.41
973.87
717.402
888.971
779.395
959.847
956.235
761.469
780.169
952.273
780.672
936.454
947.319
782.234
789.382
949.074
948.326
784.733
784.565
777.206
957.991
777.837
956.252
783.162
956.461
782.963
954.236
951.888
826.059
821.609
750.622
851.31
789.608
688.475
733.405
878.422
946.997
782.779
786.004
783.876
779.842
779.966
794.41
975.527
776.632
777.641
977.664
978.906
962.78
699.06
698.981
803.598
681.694
809.394
773.483
718.095
653.641
742.994
746.738
904.084
916.914
735.073
745.76
779.226
959.376
781.764
955.262
783.73
949.062
958.237
789.699
767.466
950.731
784.459
782.913
949.698
947.396
947.134
958.597
782.493
789.965
952.893
953.378
948.036
959.408
783.152
777.607
781.218
772.562
784.731
950.382
779.273
764.969
780.813
936.907
965.979
777.439
978.67
969.387
967.526
781.403
789.354
959.866
793.4
972.119
965.636
779.245
791.156
977.004
793.31
796.36
971.221
977.017
775.733
978.655
783.731
963.733
753.966
735.302
679.794
730.111
680.886
781.295
758.591
748.708
804.272
806.332
824.895
966.181
806.955
960.431
823.006
786.852
806.205
955.004
808.688
882.014
938.321
950.253
951.694
806.858
816.899
817.547
940.112
742.589
814.132
968.12
965.622
968.011
818.796
948.504
817
943.05
809.874
941.533
739.427
789.541
949.802
825.664
822.899
953.191
703.281
801.277
703.356
871.375
742.051
672.013
896.429
828.568
848.803
758.212
897.008
759.893
927.644
754.412
816.128
947.108
782.515
789.46
948.998
938.453
817.789
953.236
943.531
785.15
784.294
955.087
778.03
952.646
948.521
782.12
951.193
817.808
810.64
793.245
954.069
789.592
941.335
947.635
781.874
783.479
779.592
951.117
789.374
959.9
779.336
776.752
957.61
782.851
947.793
967.262
946.468
970.024
806.301
820.215
966.585
951.358
973.004
778.521
978.924
925.523
975.395
957.193
788.004
777.517
960.814
968.461
780.36
779.224
792.875
974.714
958.821
776.861
807.346
967.21
962.121
816.851
763.434
777.121
768.269
722.806
681.143
797.564
779.903
902.363
935.919
943.676
939.312
938.675
816.384
816.312
940.442
872.169
774.673
951.614
848.394
926.537
940.596
816.765
844.972
957.734
834.624
810.864
812.397
837.333
955.159
845.143
809.512
946.989
764.71
790.713
762.9
958.193
779.213
949.501
818.729
943.438
942.043
806.397
824.862
955.911
806.169
950.411
808.82
967.903
963.675
965.128
818.838
836.556
700.817
734.6
822.087
864.477
723.435
868.97
785.042
772.824
770.327
909.711
810.889
928.974
796.065
926.815
820.103
941.352
938.356
817.145
950.361
818.375
816.387
939.293
948.338
811.781
939.682
945.579
810.926
943.402
811.241
814.318
947.217
944.107
818.576
817.145
938.732
939.159
817.449
815.987
951.358
951.806
940.682
813.712
815.485
798.554
803.044
810.028
942.168
816.827
959.553
808.427
812.93
810.786
962.304
961.326
808.81
968.18
966.162
815.439
806.502
950.946
810.097
825.895
834.576
806.233
825.239
964.589
824.016
968.164
817.58
962.917
954.108
760.947
754.756
702.272
813.5
722.269
790.544
819.156
918.763
844.612
850.501
834.426
953.151
948.909
941.954
839.92
926.801
834.375
839.89
937.539
833.862
851.577
947.512
939.324
846.316
858.869
843.205
846.242
840.842
929.705
927.85
842.929
951.015
834.949
936.983
838.078
927.821
846.684
940.887
847.652
930.88
930.862
759.315
854.886
856.115
926.779
844.297
954.04
940.216
849.632
744.261
783.64
835.392
761.044
800.412
718.651
886.832
795.949
780.519
887.109
808.814
834.876
920.321
915.73
799.217
787.898
936.075
925.552
823.261
833.474
945.445
847.606
939.318
940.723
842.251
840.1
940.225
845.822
941.274
928.469
938.988
948.349
810.626
926.57
942.764
843.83
816.275
810.359
938.504
816.68
834.569
939.735
811.449
815.44
816.578
945.497
845.462
817.27
838.792
809.703
952.7
959.238
834.41
958.663
847.047
938.529
964.442
833.503
950.014
811.795
956.827
851.766
949.269
808.967
950.122
951.586
953.369
949.958
845.878
844.578
803.09
776.819
722.97
743.311
814.638
835.915
812.954
835.532
929.415
940.788
944.572
927.993
799.777
902.892
906.449
867.597
924.359
864.82
874.948
856.836
935.314
872.329
871.294
935.687
927.326
923.628
843.073
927.259
912.216
871.632
910.352
934.822
846.069
839.397
930.355
934.253
837.204
927.813
833.479
942.784
937.796
834.145
951.124
858.89
784.924
821.391
939.343
865.005
811.454
781.297
742.002
873.827
860.042
808.675
899.846
827.823
782.256
840.265
930.879
922.378
843.357
849.41
828.741
940.342
867.405
927.105
869.125
927.113
843.611
845.762
840.329
872.164
840.224
930.524
839.051
928.095
930.919
911.924
926.418
927.319
937.121
846.385
939.231
835.966
929.136
840.16
847.105
842.749
841.548
928.849
935.799
928.922
846.363
847.009
847.835
953.62
946.634
838.663
858.518
844.62
949.476
834.254
948.394
948.043
841.255
834.097
851.231
834.459
948.006
934.413
871
941.158
937.382
950.617
834.16
850.629
824.323
863.897
934.755
933.306
926.403
869.064
933.555
926.467
912.687
858.881
858.378
829.63
850.224
858.96
872.633
888.733
932.48
913.435
893.523
873.238
880.316
872.279
917.158
874.216
864.283
913.85
872.072
916.599
864.728
866.447
915.221
914.446
863.206
936.041
924.561
830.187
906.007
912.133
915.304
895.811
895.152
926.953
926.305
880.023
867.864
870.567
929.379
918.956
912.83
840.339
815.832
798.445
889.56
898.309
875.094
825.143
863.074
913.771
921.873
912.978
855.505
849.667
860.458
870.668
926.769
925.947
927.361
874.226
935.623
874.762
945.043
931.191
891.245
870.383
933.176
912.929
870.034
871.935
864.522
864.91
912.126
872.359
868.282
913.76
927.675
842.163
846.527
929.749
913.743
933.936
872.111
847.646
864.135
856.09
873.469
945.669
931.505
923.154
837.278
858.336
834.387
943.666
858.291
857.555
936.302
934.559
922.819
857.909
874.236
858.529
797.467
764.126
804.059
928.807
859.321
867.364
872.213
927.078
803.227
820.04
848.352
857.93
847.011
873.874
884.551
887.337
892.465
882.099
866.549
890.123
910.482
911.396
918.535
872.834
878.733
928.367
879.331
895.173
894.54
916.816
894.314
931.469
895.205
917.171
891.451
913.89
892.66
921.846
898.489
891.194
895.34
917.331
896.087
856.309
879.5
886.678
905.946
879.316
905.854
886.262
873.993
921.381
875.712
913.26
887.942
840.843
897.92
857.332
918.116
912.745
884.135
873.404
912.077
914.17
914.182
865.061
916.958
915.999
916.218
926.653
914.878
867.765
864.29
872.939
875.593
921.621
916.686
914.904
860.703
871.973
914.092
864.58
872.859
934.084
857.902
870.069
923.13
865.333
858.243
933.474
933.155
862.579
934.117
894.311
925.657
879.751
907.386
896.855
822.69
816.167
832.651
888.482
906.981
894.629
909.511
892.952
894.167
916.293
878.378
877.336
912.071
895.684
897.887
846.855
883.906
895.058
897.654
889.059
909.016
890.286
915.145
886.155
879.191
880.068
916.207
908.036
905.774
878.93
882.41
874.376
835.209
903.366
892.1
905.042
891.3
895.344
915.952
917.522
930.223
906.848
917.151
861.002
857.429
927.873
879.181
921.286
839.98
861.881
904.818
855.672
858.934
868.987
868.64
876.155
879.393
898.59
887.317
886.669
893.842
909.284
924.056
893.158
893.99
894.755
912.336
897.551
876.665
898.042
914.086
914.736
912.258
915.082
895.977
912.525
914.141
901.487
908.001
893.362
904.203
898.282
902.502
915.452
897.495
906.302
889.868
906.312
894.798
900.753
894.603
886.371
900.913
897.59
889.352
899.108
897.746
895.734
886.207
906.079
898.171
886.397
897.996
888.279
881.317
894.817
882.612
915.525
899.776
876.844
896.854
911.083
915.439
879.48
910.093
885.709
909.516
901.312
899.042
897.954
915.266
886.304
906.072
887.102
879.233
877.915
900.259
