656.648
654.581
524.778
531.869
859.727
847.977
850.141
655.877
653.549
649.675
644.268
637.346
628.939
619.08
607.791
595.162
581.16
565.937
549.563
550.318
567.408
583.432
598.207
611.886
623.91
635.778
644.048
655.746
661.336
668.944
674.13
678.896
682.988
685.499
689.128
689.418
690.811
692.134
692.381
692.76
692.763
692.346
692.594
690.808
692.757
690.517
690.756
689.904
689.283
689.313
687.599
689.755
685.052
687.426
685.882
686.264
686.087
685.748
686.506
685.209
687
687.961
687.26
688.07
688.105
688.282
689.231
688.017
691.547
686.295
689.981
688.719
689.715
690.112
689.834
691.779
689.19
694.007
693.324
693.747
694.251
694.463
694.908
695.348
694.977
697.451
691.747
695.681
694.05
694.895
694.991
694.178
696.231
691.549
699.627
694.44
696.07
694.319
693.268
692.364
689.174
689.499
683.184
678.095
675.896
670.172
665.279
659.14
651.093
645.547
631.05
631.54
614.555
604.943
590.388
576.186
560.26
544.052
540.938
558.216
572.847
587.494
600.863
612.733
623.509
632.745
640.482
646.598
651.019
653.69
682.43
708.93
733.51
756.519
777.648
797.039
814.644
830.518
844.715
857.308
868.383
878.036
886.372
893.499
899.528
904.571
908.734
912.122
914.832
916.955
918.573
919.76
920.585
921.113
921.396
921.477
921.388
921.159
920.816
920.385
919.883
919.325
918.723
918.085
917.42
916.733
916.027
915.308
914.577
913.837
913.092
912.342
911.59
910.837
910.087
909.335
908.583
907.847
907.155
906.506
905.876
905.248
904.632
904.048
903.508
903.019
902.583
902.206
901.894
901.652
901.486
901.403
901.406
901.498
901.681
901.954
902.316
902.763
903.288
903.881
904.527
905.203
905.881
906.524
907.094
907.549
907.844
907.918
907.695
907.089
906.009
904.357
902.029
898.913
894.893
889.847
883.655
876.194
867.346
856.998
845.049
831.406
815.995
798.76
779.647
758.704
735.791
711.22
684.648
717.85
717.114
718.583
916.48
876.477
902.951
829.073
702.528
718.61
914.436
910.023
661.142
900.18
697.338
724.785
714.721
897.471
666.507
874.817
899.977
830.145
729.429
901.266
723.333
722.773
901.064
653.956
636.672
755.077
722.731
720.768
717.379
717.866
723.808
918.119
919.759
907.026
919.468
918.763
719.061
905.599
728.598
723.393
721.922
904.394
905.617
906.057
722.415
904.344
609.919
757.441
593.556
670.391
673.11
604.855
617.86
903.096
721.777
679.912
716.481
910.488
728.293
912.993
720.372
902.386
577.063
681.191
579.681
709.74
676.229
680.539
568.798
707.479
621.081
635.87
638.471
797.542
776.251
899.901
723.962
724.048
906.434
718.74
902.896
707.638
888.432
683.066
855.672
900.38
721.841
722.484
901.983
900.455
724.917
728.352
717.729
903.032
905.04
727.901
689.78
717.852
720.641
891.904
707.605
917.712
711.687
795.647
855.8
719.854
913.193
723.621
915.82
912.258
911.517
723.619
909.274
717.134
908.524
919.755
915.314
919.531
717.157
723.027
658.289
623.705
631.29
558.427
683.367
586.706
752.006
908.297
911.688
736.705
745.116
905.338
747.074
907.535
895.694
717.033
755.962
750.378
752.875
914.872
914.578
756.045
899.928
659.765
751.14
642.412
653.773
695.417
749.251
606.534
594.023
731.987
734.428
624.497
778.407
772.278
649.391
587.609
647.903
814.758
813.229
690.662
865.992
893.463
713.386
904.542
720.21
906.354
725.44
900.577
899.996
703.26
723.153
714.594
906.218
882.257
724.203
673.803
724.403
843.754
900.818
730.124
905.605
728.465
903.712
899.896
904.969
717.398
723.504
900.69
725.296
722.073
902.516
903.716
720.682
723.109
901.497
719.905
718.155
900.14
722.588
696.317
727.409
717.743
901.792
673.058
906.294
718.061
718.711
717.418
866.848
884.793
897.919
843.238
917.114
907.106
719.286
915.136
723.776
918.265
916.932
722.263
913.72
910.771
721.394
715.447
919.843
907.778
723.418
716.238
918.944
919.191
717.582
752.684
904.598
648.3
663.006
643.372
610.056
666.608
602.873
678.03
614.22
598.76
701.83
706.705
871.825
898.112
824.857
748.561
913.917
678.164
811.05
745.532
900.149
889.182
714.827
737.662
897.595
752.249
861.939
895.401
754.801
755.565
896.152
897.314
750.559
752.066
748.093
902.401
748.822
901.088
756.944
901.923
747.853
899.578
897.936
745.164
779.773
683.035
774.757
718.594
650.18
673.041
791.612
895.509
755.647
750.835
749.7
724.766
746.004
752.557
914.654
747.451
746.271
914.86
913.225
906.075
646.081
639.588
731.024
624.98
728.205
698.694
658.388
617.282
677.849
686.101
826.357
839.874
686.364
697.243
743.039
901.211
753.937
901.61
758.002
878.073
893.153
756.013
721.992
899.238
756.783
756.597
896.515
896.336
895.97
901.807
755.241
755.957
900.573
898.959
895.629
896.228
748.903
748.004
754.137
728.228
731.264
896.94
745.433
708.846
745.653
851.356
887.133
748.077
910.408
911.039
909.68
749.754
752.302
903.832
747.988
912.895
908.259
745.505
741.182
905.605
752.857
750.596
912.311
914.945
747.292
914.06
750.974
906.806
687.492
672.266
631.271
666.57
623.737
704.009
694.466
698.432
740.692
773.08
778.704
897.553
773.475
903.856
766.184
742.287
773.055
899.738
772.872
804.819
888.291
886.005
892.893
766.96
777.862
782.164
888.645
681.378
776.459
905.061
906.584
906.778
782.611
894.902
785.369
892.3
776.631
889.072
674.552
755.895
898.558
775.625
779.733
898.316
643.123
722.685
664.619
793.83
678.679
634.329
809.122
753.813
766.014
697.273
820.019
712.35
851.701
706.598
755.644
895.414
755.235
755.745
897.91
888.548
782.498
884.196
870.692
751.085
750.13
900.197
749.824
898.453
895.858
753.431
893.951
779.648
770.247
749.855
901.149
755.216
889.396
895.478
754.312
749.281
745.692
897.417
754.644
898.526
750.1
733.639
902.028
756.191
896.786
900.217
862.296
893.11
773.248
779.583
908.975
896.875
913.434
747.93
912.025
838.931
902.243
901.8
751.563
748.473
880.07
910.369
749.135
745.387
744.716
914.329
903.028
747.738
772.87
906.812
905.013
777.742
691.881
706.077
699.78
666.921
633.532
725.653
710.019
818.188
863.869
864.181
887.002
888.088
780.81
784.658
890.506
795.988
720.107
886.613
804.195
878.191
883.03
764.777
808.237
901.852
796.971
777.954
779.766
790.763
879.278
803.919
773.643
893.402
701.766
720.282
696.993
899.23
733.613
894.873
781.883
890.825
889.868
773.139
769.946
900.445
773.007
896.132
772.98
902.309
905.929
906.559
779.278
757.532
651.681
684.065
748.033
787.649
661.547
785.114
720.958
708.533
723.691
833.422
748.773
855.236
731.122
844.308
761.407
871.164
888.159
781.708
894.529
780.946
784.848
888.271
882.108
779.138
888.436
892.351
775.196
890.705
778.402
779.421
894.493
892.848
783.218
785.271
888.907
889.361
783.124
780.327
889.032
891.307
888.981
772.816
775.57
756.438
762.099
777.031
891.781
785.238
903.219
772.56
775.764
774.303
890.166
904.487
772.853
906.116
906.549
777.142
773.194
896.684
774.166
772.794
796.93
773.02
777.59
894.252
779.394
903.896
778.822
905.506
899.037
694.632
687.937
651.534
740.401
659.753
715.375
753.739
846.112
785.275
797.084
796.837
893.592
894.505
889.145
801.374
878.625
797.564
801.898
872.462
796.339
802.921
893.527
884.726
806.891
818.969
806.403
808.9
803.142
879.537
878.441
803.077
895.147
798.125
885.139
800.862
877.614
808.421
888.165
809.913
881.63
880.268
704.967
779.067
776.138
878.262
807.565
896.486
887.736
804.088
686.756
715.477
760.543
694.301
727.411
668.461
802.523
728.905
713.748
811.135
755.693
772.051
845.143
832.17
745.22
733.261
854.948
854.608
772.583
785.535
877.22
790.22
876.242
881.438
798.767
795.136
884.218
805.58
891.155
878.709
888.181
894.586
774.724
878.336
890.361
801.52
784.398
777.445
888.115
781.201
796.93
889.903
778.751
779.722
785.02
893.573
808.719
784.887
800.941
773.484
889.216
885.232
797.154
902.557
804.045
886.369
906.307
796.084
872.288
775.028
901.155
801.404
895.229
773.134
883.459
893.537
891.267
895.082
803.926
768.734
731.189
708.09
670.581
678.978
737.332
798.645
752.872
776.865
853.923
868.775
891.244
879.726
730.469
823.205
835.168
805.135
860.726
813.128
823.923
817.298
875.927
825.733
830.433
879.964
878.433
874.056
768.527
871.145
865.836
825.564
836.234
867.735
808.751
801.407
879.992
882.946
800.14
878.551
796.618
889.814
885.778
797.387
895.559
819.043
720.522
746.808
884.692
824.031
739.348
712.923
688.398
793.431
785.121
742.019
824.586
763.554
722.523
779.127
861.815
845.197
786.029
794.034
779.425
879.212
817.245
872.511
820.465
878.401
806.86
808.876
802.426
827.196
802.464
881.605
801.103
878.516
880.384
865.668
876.499
879.129
884.059
807.652
887.038
799.054
879.16
802.205
809.545
805.879
804.367
880.431
884.379
879.416
808.977
809.099
809.936
892.793
892.862
800.598
818.614
803.638
894.846
797.407
894.175
892.359
802.124
796.532
799.334
796.858
879.576
873.546
825.607
888.501
885.456
895.411
797.405
803.601
750.716
822.417
882.279
881.962
876.394
828.373
881.963
876.425
866.409
818.664
818.268
760.245
782.691
794.917
814.197
832.093
881.383
866.662
844.94
830.527
837.775
831.375
869.561
832.754
823.549
866.526
831.237
868.297
824.096
825.814
867.24
866.735
822.448
877.949
874.842
757.119
833.386
857.556
858.804
851.576
844.473
873.673
875.258
837.446
825.025
826.119
877.307
870.171
865.053
764.88
746.206
738.309
809.255
825.518
800.38
765.575
798.784
835.124
856.21
843.429
801.031
793.811
807.382
810.181
867.116
864.333
869.528
819.781
861.853
822.102
874.793
866.982
836.214
823.129
870.671
866.346
829.281
831.04
824.02
824.061
865.9
828.337
827.627
867.323
878.582
805.216
809.103
881.113
866.325
883.19
831.294
809.547
823.474
816.596
825.525
892.112
877.502
873.653
799.64
818.36
797.403
890.523
818.594
817.955
879.399
882.395
873.369
817.83
824.824
818.769
727.069
705.235
734.389
878.406
819.09
826.685
831.309
876.964
737.999
754.427
783.296
782.053
773.577
798.036
813.33
812.05
822.784
815.941
804.048
827.809
850.53
853.371
849.334
811.938
819.307
862.4
837.06
851.072
843.2
862.962
849.856
880.578
850.651
865.327
844.141
866.929
848.415
870.492
853.538
847.126
850.805
868.292
851.881
816.644
836.911
842.847
859.296
836.549
859.19
842.43
831.632
871.634
833.512
865.073
813.966
772.143
823.735
791.317
850.46
841.822
826.106
817.023
855.822
856.092
866.929
824.58
869.067
867.837
867.942
874.274
867.02
827.111
823.662
831.829
833.691
872.394
869.461
868.252
820.256
831.162
866.523
824.019
829.561
882.229
817.813
826.424
873.625
823.287
818.185
882.014
881.896
821.562
881.524
844.404
875.763
837.357
860.427
852.411
752.176
744.825
760.976
844.356
842.939
840.094
848.143
839.484
842.168
861.178
836.283
835.405
859.007
846.175
852.825
775.427
840.411
850.589
853.202
844.13
861.967
846.306
867.051
842.433
836.568
837.1
867.62
861.113
859.098
836.17
839.112
801.939
769.652
837.33
831.838
842.156
844.837
851.243
869.035
866.185
879.568
860.085
864.372
820.403
817.552
877.631
836.492
871.202
769.055
788.682
858.294
784.778
788.274
798.639
799.178
808.233
810.168
830.647
819.643
822.372
827.835
847.276
856.431
834.943
837.687
841.88
852.613
852.925
834.814
853.253
866.324
864.165
860.542
867.155
847.474
865.011
867.019
853.679
859.235
847.569
856.401
853.261
856.602
867.431
852.137
859.546
845.9
859.524
850.373
854.528
850.169
842.773
854.997
852.485
845.417
853.489
852.544
850.888
842.513
859.318
852.729
842.752
852.63
844.469
838.607
850.266
839.55
867.24
835.35
834.949
849.062
863.787
867.445
837.12
862.932
841.63
862.418
855.897
854.317
852.654
867.231
842.632
859.331
843.429
836.4
835.828
855.219
