648.895
646.443
519.806
526.855
852.991
841.801
843.612
648.125
645.835
642.03
636.725
629.939
621.698
612.029
600.988
588.579
574.926
560.016
543.887
544.598
561.52
577.227
591.833
605.137
617.643
628.009
639.366
645.548
655.064
660.83
666.93
671.702
675.523
679.344
680.919
684.32
685.786
686.505
687.464
687.727
687.842
687.962
687.194
688.032
685.437
686.444
685.216
684.966
684.549
683.609
684.315
681.667
685.174
682.555
683.539
682.909
682.896
683.126
682.485
683.749
682.414
681.881
682.856
682.572
683.02
683.41
683.14
684.848
682.362
687.621
685.047
686.882
686.711
687.087
688.063
687.065
690.076
686.599
687.949
688.251
688.5
688.965
689.225
689.433
690.356
688.683
694.113
691.065
692.866
692.37
692.424
693.165
691.164
694.936
687.294
690.943
688.182
688.009
686.674
684.614
683.865
679.233
679.406
677.491
671.956
668.198
662.311
655.945
649.65
639.308
635.037
615.757
609.692
595.034
582.738
567.994
552.806
535.859
537.272
552.469
568.028
581.731
594.488
606.243
616.5
625.456
632.892
638.766
643.012
645.581
673.916
699.649
723.975
746.489
767.396
786.552
804.026
819.831
834.019
846.656
857.82
867.599
876.09
883.393
889.613
894.853
899.216
902.801
905.702
908.006
909.793
911.137
912.105
912.762
913.161
913.344
913.345
913.195
912.922
912.551
912.103
911.592
911.032
910.432
909.8
909.144
908.467
907.775
907.069
906.355
905.634
904.908
904.179
903.45
902.724
901.996
901.269
900.558
899.89
899.266
898.662
898.059
897.47
896.913
896.401
895.939
895.53
895.179
894.892
894.674
894.531
894.467
894.487
894.591
894.781
895.055
895.412
895.845
896.347
896.907
897.507
898.124
898.729
899.283
899.747
900.081
900.236
900.153
899.756
898.96
897.677
895.811
893.262
889.922
885.68
880.42
874.029
866.391
857.395
846.938
834.925
821.273
805.913
788.79
769.893
749.151
726.712
702.373
676.543
712.465
713.376
715.372
908.865
866.095
893.285
818.441
696.775
711.697
906.912
902.646
654.667
893.306
688.53
722.007
708.593
888.503
653.521
865.036
893.049
820.034
719.674
894.373
720.467
717.985
894.04
646.479
629.89
745.098
717.407
718.655
713.669
714.817
718.546
909.542
911.758
899.745
911.162
910.97
715.024
898.366
721.737
725.074
719.549
897.265
897.51
898.612
713.543
897.16
607.618
747.909
589.493
662.592
664.986
598.567
611.058
895.964
715.663
676.126
715.6
901.217
721.552
905.521
716.87
895.436
574.925
672.733
571.312
700.911
668.315
672.535
563.395
698.242
614.405
629.062
634.779
787.594
766.052
893.009
721.363
722.016
898.691
715.386
894.373
699.993
879.028
673.881
845.635
893.407
720.315
716.63
894.905
893.582
722.479
721.812
713.324
896.036
897.822
722.26
682.967
712.194
714.241
881.851
702.006
910.018
706.454
785.213
845.203
716.237
904.112
718.442
908.237
904.811
904.093
717.902
901.92
713.218
901.194
911.564
906.413
911.609
714.35
718.423
650.731
617.483
624.291
557.531
675.303
580.391
745.725
899.361
904.184
728.399
742.163
898.062
741.474
900.192
888.897
708.581
749.773
744.578
747.266
906.997
906.404
752.979
892.868
652.285
741.308
635.011
646.043
686.845
742.762
599.646
591.878
722.508
725.378
622.131
768.676
762.231
642.307
581.343
649.412
804.698
802.666
681.708
856.064
884.273
702.99
896.232
717.993
898.769
722.108
891.832
893.115
694.312
720.899
714.385
898.301
872.654
721.856
665.722
723.618
833.653
893.939
719.744
898.282
721.872
896.656
892.987
897.76
717.3
721.06
893.692
716.462
716.205
895.411
896.557
715.927
716.839
894.446
711.861
712.474
893.191
720.346
690.741
722.023
712.376
894.876
664.283
899.037
715.298
714.325
712.643
856.34
874.566
888.056
832.597
909.461
897.639
715.7
907.585
718.431
910.525
908.199
715.774
906.223
903.371
717.015
709.64
911.753
900.471
717.236
714.299
910.509
911.338
714.485
747.185
897.344
641.095
655.35
636.104
603.311
658.736
596.549
669.704
609.43
590.739
693.139
697.929
861.604
888.599
814.384
742.876
906.244
668.075
801.055
741.818
891.907
880.059
710.793
734.894
890.481
744.645
852.079
888.572
748.519
752.427
889.238
890.471
747.173
745.322
742.207
895.216
743.062
893.947
749.83
894.405
745.476
892.488
890.92
735.562
773.834
674.724
765.091
709.851
641.214
665.316
781.333
888.706
749.311
748.649
746.272
716.184
742.063
746.649
906.855
741.58
741.392
906.798
904.786
898.776
638.99
632.075
722.04
617.977
718.872
689.789
650.866
608.674
669.617
678.258
816.312
829.84
683.086
693.176
737.473
893.172
746.453
894.232
749.847
868.537
884.251
752.978
718.062
892.253
750.301
749.893
889.576
889.532
889.173
893.957
747.878
752.844
893.423
891.895
888.761
887.551
745.283
739.189
747.468
724.363
722.8
889.975
741.725
699.047
742.953
840.922
877.238
741.423
901.649
903.567
902.264
743.991
746.939
896.601
739.563
905.317
900.892
741.632
733.057
896.482
747.098
744.755
904.772
906.983
740.839
905.76
745.216
899.486
679.074
664.332
624.378
658.558
616.714
694.899
686.567
692.659
733.444
767.433
772.266
888.668
767.568
896.533
759.5
733.948
767.386
892.563
768.609
794.934
881.619
877.214
884.763
759.029
773.256
778.08
881.867
673.782
771.773
896.85
898.916
898.814
778.433
887.492
778.96
885.356
770.595
882.183
666.696
752.882
891.633
768.912
773.628
891.182
635.978
713.571
655.448
783.947
670.962
625.574
798.716
744.346
756.207
690.163
810.085
704.041
841.732
702.523
748.634
888.6
748.915
752.699
891.032
881.874
778.558
874.86
860.98
747.488
746.724
893.083
742.877
891.412
888.967
747.173
886.025
775.125
763.882
741.631
893.893
753.126
882.572
888.63
748.153
745.8
741.949
890.427
752.817
890.07
742.439
729.724
894.353
748.975
889.967
891.516
851.95
883.402
767.341
773.792
901.585
889.782
905.812
742.448
903.433
828.451
892.926
894.635
746.807
742.583
870.002
902.926
743.421
741.703
736.922
906.598
895.821
741.853
767.931
898.958
897.62
773.114
683.247
697.586
691.401
659.765
628.614
716.773
701.442
807.969
854.269
854.219
880.103
881.387
776.707
778.372
883.745
786.254
712.25
878.044
797.881
871.684
875.055
757.83
802.258
894.61
792.018
772.022
773.518
784.217
869.637
796.985
769.41
886.399
693.721
711.439
688.756
891.465
725.142
887.311
777.603
883.93
883.019
767.483
763.476
893.249
767.346
889.06
768.747
893.781
898.448
898.961
773.577
748.041
646.5
678.623
738.669
777.875
653.976
775.083
712.788
700.492
715.188
823.499
741.61
845.488
724.156
834.13
754.556
861.74
881.482
777.614
886.795
776.528
778.567
881.534
873.096
773.112
881.68
885.388
771.067
883.799
772.448
774.966
887.217
885.809
779.014
778.789
882.225
882.662
778.678
776.235
880.466
882.963
882.18
768.069
770.868
748.316
754.105
771.088
884.911
778.911
895.925
768.518
771.156
769.832
880.899
897.13
768.679
898.038
898.798
772.4
767.495
889.622
769.935
766.737
791.986
767.367
770.717
885.177
773.122
895.532
773.212
898.072
891.882
686.537
679.788
644.238
731.178
652.117
706.545
744.723
836.52
776.81
789.181
791.872
885.687
887.35
882.192
795.438
872.108
791.808
796.885
863.607
791.394
796.08
886.434
877.141
800.223
813.213
800.454
803.844
798.112
872.879
871.86
796.943
887.754
792.336
878.294
795.118
870.933
802.005
880.857
804.752
874.849
873.561
697.066
769.444
766.433
871.748
801.603
888.873
880.819
797.605
679.171
706.931
751.132
685.993
718.462
663.171
792.368
720.397
705.325
801.352
748.67
763.276
835.285
821.944
738.096
726.009
844.86
845.164
765.741
778.929
867.995
781.936
867.608
873.249
791.606
788.274
876.444
798.794
884.346
872.094
881.463
887.572
770.499
871.828
883.488
794.463
778.014
771.52
881.427
777.107
791.973
883.178
772.76
775.772
778.73
886.423
802.744
778.401
795.832
769.097
880.825
875.773
791.813
895.289
797.892
879.486
898.771
791.075
862.477
770.487
893.937
794.423
888.181
768.917
874.703
885.819
883.044
887.851
797.912
759.175
722.14
699.483
662.99
670.903
728.029
792.86
744.681
768.705
844.303
859.466
884.233
873.162
721.782
813.306
825.774
796.989
852.071
805.621
816.817
811.592
867.891
819.172
824.704
872.388
871.895
867.41
759.093
863.356
859.525
818.838
826.53
858.667
803.634
796.406
873.313
876.158
794.331
871.983
790.949
882.844
878.911
791.619
888.221
813.288
712.323
737.687
877.316
818.358
730.333
704.445
680.597
783.605
775.575
733.427
814.814
754.655
714.562
770.499
852.549
835.444
777.965
785.94
772.714
870.803
809.971
864.915
813.413
871.876
800.914
803.148
797.445
820.617
797.483
874.892
796.084
871.918
873.685
859.36
869.852
872.593
876.685
801.09
880.166
793.24
872.522
797.197
804.42
799.93
798.708
873.828
877.25
872.566
803.925
802.914
804.685
884.729
885.797
794.736
812.869
797.702
887.655
791.667
887.05
884.947
796.098
791.586
791.975
791.893
870.63
865.336
819.204
881.565
878.601
888.129
791.633
796.942
741.488
816.684
875.191
875.082
869.697
822.683
875.027
869.748
860.072
813.131
812.751
751.45
774.117
786.294
806.447
824.139
874.55
860.326
838.094
824.253
831.899
825.543
862.965
826.572
817.679
860.146
825.197
861.809
818.194
820.065
860.79
860.317
816.838
870.072
868.179
747.895
824.032
849.965
850.973
845.496
837.256
866.249
868.147
831.562
819.088
819.848
870.199
863.623
858.607
755.554
737.423
730.247
799.361
816.008
790.785
757.389
790.472
825.272
847.342
834.185
793.219
785.872
799.722
802.228
858.904
855.897
861.529
812.348
852.381
814.805
865.659
858.406
828.449
816.238
862.278
860.023
823.578
825.279
818.144
818.223
859.583
821.887
821.947
860.952
872.028
799.292
804.014
874.46
859.937
876.16
825.328
804.121
817.585
810.935
818.795
885.074
870.12
867.016
793.828
812.721
791.653
883.533
812.856
812.226
871.674
875.362
866.74
812.32
817.911
813.026
718.289
697.48
725.685
871.66
813.546
820.989
825.237
870.254
729.594
745.883
774.63
772.61
764.241
788.525
804.025
802.53
813.596
807.124
795.533
819.359
842.306
845.367
840.264
803.552
811.053
853.643
831.206
844.99
836.001
855.452
843.654
873.773
844.425
858.086
837.462
860.578
842.244
863.383
847.402
840.981
844.558
861.526
845.751
811.134
831.025
836.774
852.938
830.618
852.837
836.356
825.415
864.702
827.223
858.348
804.384
763.495
814.27
782.861
841.393
832.603
817.99
809.479
848.027
848.084
860.554
818.717
862.416
861.367
861.454
866.974
860.585
821.429
817.768
825.71
827.444
865.8
862.935
861.838
814.697
825.164
860.119
818.121
823.214
875.249
812.296
820.281
866.995
817.467
812.654
875.108
875.037
815.898
874.405
837.385
869.08
831.495
854.055
846.317
743.273
735.835
751.875
838.266
834.277
832.508
839.792
831.914
834.786
853.511
830.438
829.562
851.604
839.109
846.676
766.278
834.271
844.331
847.029
837.777
855.536
840.178
860.445
836.367
830.668
831.133
860.924
854.706
852.748
830.234
833.103
792.564
761.022
828.471
823.604
833.655
838.276
845.144
862.569
859.025
872.792
853.705
857.003
814.802
812.042
870.904
830.572
864.312
760.039
779.294
851.964
775.695
779.118
789.551
790.094
799.265
801.139
821.61
810.726
813.726
819.052
838.825
847.509
826.929
829.894
834.491
844.43
846.817
828.97
847.132
859.791
857.094
853.312
860.601
840.544
858.508
860.655
846.885
852.403
840.993
849.694
847.119
850.184
860.857
845.675
853.011
839.781
853.17
844.088
847.965
843.864
836.69
848.726
846.324
839.305
847.25
846.366
844.499
836.445
852.969
846.511
836.675
846.424
838.367
832.592
843.927
833.478
860.597
826.705
829.072
842.241
857.311
860.88
831.163
856.475
835.404
855.973
849.559
848.098
846.459
860.646
836.56
852.978
837.345
830.451
829.921
848.945
