698.737
701.381
543.618
560.497
893.859
879.639
883.109
697.874
695.318
691.073
685.146
677.551
668.299
657.418
644.953
630.879
615.423
598.349
579.984
580.689
599.727
617.255
633.163
647.398
660.704
670.69
683.447
686.096
696.97
701.037
706.5
710.141
712.566
715.737
714.883
718.903
719.321
718.378
718.595
717.683
716.926
716.355
714.355
715.765
709.839
712.006
709.624
709.261
708.573
706.964
708.535
703.353
711.545
706.315
708.388
707.292
707.269
707.789
706.405
709.118
705.581
703.883
705.852
704.933
705.679
706.037
705.315
708.317
702.811
714.499
708.687
711.951
711.279
711.597
713.131
710.63
716.628
707.768
709.624
710.115
710.004
710.66
710.576
710.853
712.091
708.496
721.245
714.366
717.772
716.758
716.91
718.265
714.638
722.92
705.236
713.893
709.512
710.282
709.442
707.419
708.632
701.678
707.859
709.634
702.708
701.052
695.354
689.861
684.604
672.776
674.058
641.237
640.951
623.703
611.177
595.558
579.083
560.297
566.777
581.434
601.059
617.75
633.014
648.121
661.362
673.1
683.003
690.916
696.687
700.198
733.16
762.226
789.603
814.359
837.004
857.31
875.405
891.361
905.282
917.297
927.549
936.191
943.38
949.273
954.026
957.787
960.695
962.879
964.454
965.523
966.176
966.49
966.533
966.366
966.037
965.581
965.022
964.38
963.674
962.923
962.138
961.326
960.494
959.647
958.786
957.915
957.036
956.148
955.255
954.356
953.454
952.549
951.642
950.736
949.831
948.922
948.012
947.117
946.267
945.461
944.672
943.877
943.09
942.331
941.616
940.948
940.333
939.777
939.286
938.87
938.537
938.294
938.15
938.111
938.184
938.372
938.68
939.11
939.663
940.335
941.119
942.001
942.959
943.965
944.988
945.995
946.946
947.784
948.434
948.808
948.808
948.328
947.247
945.434
942.744
939.025
934.115
927.851
920.065
910.595
899.285
885.992
870.588
852.973
833.081
810.79
786.332
759.205
730.348
737.176
753.322
742.575
957.77
934.234
955.79
889.515
741.316
735.725
955.185
949.839
701.373
936.513
719.083
748.443
738.158
943.874
685.826
926.36
936.845
884.622
741.663
937.453
747.124
742.162
938.619
696.724
675.058
812.532
752.153
748.479
740.174
741.569
749.941
964.513
963.087
946.23
964.397
961.012
741.744
944.492
744.845
753.633
749.068
941.329
947.211
944.368
737.008
942.928
644.749
809.416
625.166
714.786
721.165
641.845
656.72
941.347
739.998
724.018
743.169
960.881
744.579
953.42
745.046
938.686
609.372
731.602
602.08
757.572
721.177
725.882
602.561
760.394
659.103
674.805
673.572
851.65
835.22
936.469
748.104
750.309
946.17
746.222
946.747
729.125
937.494
705.943
909.157
937.584
746.986
740.74
939.889
936.706
749.452
744.679
738.328
939.474
942.34
745.238
729.264
736.865
751.406
947.288
745.36
959.433
748.516
855.526
915.385
744.083
962.459
749.004
956.918
952.529
951.635
751.34
948.938
739.024
948.037
964.079
963.533
962.452
741.057
748.128
702.117
659.235
671.713
590.096
728.965
621.752
782.798
956.511
952.178
772.829
770.684
944.454
768.325
947.076
931.523
756.206
775.826
773.464
780.955
957.298
958.554
781.685
936.435
699.907
807.5
682.361
696.018
741.878
782.286
643.262
627.874
787.701
784.854
659.952
831.735
830.123
688.769
622.574
688.75
869.245
873.593
713.06
918.599
941.197
730.285
947.219
748.021
945.323
750.269
945.676
936.436
724.231
749.857
746.817
946.83
932.603
748.527
697.86
750.071
897.88
937.018
742.343
943.362
744.785
940.362
936.608
943.71
744.795
747.779
938.068
739.507
740.371
940.595
942.136
740.259
740.998
939.228
736.081
737.329
937.173
747.605
736.281
744.95
737.054
938.01
710.394
945.341
741.982
741.262
737.404
925.612
941.407
952.034
903.401
958.61
958.697
743.226
956.056
750.804
960.235
964.193
751.217
954.306
950.738
745.619
750.296
963.636
947.137
745.911
741.507
964.562
961.754
741.228
779.939
943.572
689.506
706.68
685.052
641.922
712.751
640.289
727.529
647.194
623.528
748.906
754.249
928.403
949.84
884.114
770.716
955.311
705.874
865.216
770.22
942.459
936.567
749.841
770.35
935.583
773.602
914.207
931.583
774.821
780.964
932.963
933.065
775.794
775.1
769.105
940.943
769.838
939.353
776.547
940.5
774.069
937.515
935.412
799.818
809.737
728.962
827.769
767.567
677.514
714.548
850.342
931.437
775.492
777.262
774.911
762.989
770.673
782.487
956.687
768.485
768.992
958.249
958.628
945.332
683.016
680.203
781.146
663.787
782.872
749.06
699.38
642.997
722.574
727.89
880.508
893.668
722.992
733.516
770.473
942.431
774.814
939.522
776.749
928.074
939.203
781.491
756.276
935.45
776.92
775.778
933.493
932.051
931.727
942.036
775.678
781.793
937.458
936.74
932.113
940.971
774.067
769.802
773.714
761.73
768.471
934.085
770.112
747.203
771.604
909.75
941.369
768.821
957.596
951.351
949.666
772.453
778.933
942.66
779.738
953.79
947.945
770.065
776.178
954.927
781.833
783.308
952.995
957.82
767.569
958.705
774.498
946.205
733.182
715.416
665.353
710.14
662.832
755.925
738.669
735.29
785.187
796.904
811.646
945.153
797.345
943.076
806.42
774.483
796.812
938.105
798.959
858.448
923.307
931.467
934.588
796.067
807.443
808.396
924.538
723.806
803.699
948.835
947.524
949.259
810.068
932.855
808.516
928.094
800.456
925.632
719.113
781.306
934.552
811.181
810.607
936.431
684.384
775.744
692.235
847.62
722.276
661.131
868.317
805.469
822.081
739.664
873.626
746.455
904.851
742.357
798.225
931.461
775.147
781.12
933.753
923.502
808.758
932.911
921.894
776.204
775.357
938.285
769.85
936.086
932.503
774.159
934.542
808.553
800.263
781.326
938.501
781.789
925.595
931.806
774.45
774.453
770.379
934.729
781.138
942.014
772.034
766.292
941.376
776.206
932.497
946.743
919.873
946.094
796.861
808.717
948.809
934.737
954.565
769.956
958.273
897.903
952.742
940.213
777.961
769.469
935.519
950.514
771.541
770.068
778.587
956.022
941.701
768.734
797.799
948.71
944.594
806.069
740.251
754.482
746.916
706.005
668.218
775.285
758.167
875.565
914.501
918.863
923.507
923.427
807.084
807.644
925.608
848.87
758.953
931.959
835.797
912.132
923.875
802.652
834.695
940.616
824.125
801.656
803.21
825.03
931.67
834.022
799.811
930.689
745.422
768.772
742.32
940.298
766.397
933.58
809.819
927.466
926.221
796.961
808.956
938.94
796.777
933.862
799.098
947.84
945.952
947.162
807.648
811.27
687.53
721.163
799.169
840.908
704.013
842.012
765.297
752.934
757.105
886.665
792.362
906.939
776.558
900.81
802.854
920.59
923.267
807.934
934.11
809.299
807.823
923.88
928.91
802.646
924.187
929.399
801.365
927.405
802.064
805.066
931.794
929.043
809.981
808.61
923.834
924.299
808.552
806.659
933.179
934.19
925.025
803.759
805.818
787.063
791.919
800.733
927.277
808.342
942.279
798.756
802.654
800.728
940.113
943.884
799.007
949.188
947.899
804.832
797.02
934.388
800.396
810.693
824.082
796.82
811.422
943.001
811.267
948.511
806.622
945.295
937.278
740.149
733.872
687.186
790.834
702.619
766.319
799.016
897.031
826.829
834.76
823.924
935.19
932.405
925.978
828.898
912.496
823.858
829.454
918.45
823.395
837.588
931.136
923.47
835.687
847.386
832.861
836.314
830.531
914.624
913.029
831.521
934.119
824.459
921.333
827.544
912.762
836.362
925.529
837.763
916.444
915.645
743.459
831.581
830.634
912.299
834.007
936.629
924.353
836.618
726.994
762.303
812.296
740.163
777.194
705.205
859.858
775.234
759.767
863.996
794.249
815.8
897.734
889.26
784.232
772.524
910.631
904.446
809.635
820.781
925.354
830.511
920.882
923.48
830.527
828.108
923.965
834.979
926.423
913.527
923.656
931.975
800.968
912.222
926.863
832.413
807.481
801.131
923.335
807.431
824.064
924.897
802.313
806.137
808.065
930.277
835.222
808.69
828.31
799.754
933.528
936.407
823.896
941.468
834.821
922.776
946.603
823.04
925.859
801.642
939.784
837.243
932.805
799.268
929.925
934.095
934.629
933.323
833.971
821.22
780.746
755.357
707.451
723.112
789.768
825.254
795.35
818.608
906.123
918.766
928.418
913.715
778.301
877.899
885.105
849.131
905.698
850.432
860.246
845.486
917.688
858.998
859.829
919.178
912.695
908.844
820.11
910.992
898.518
859.04
888.056
915.061
836.066
828.956
915.21
918.791
826.662
913.044
822.963
926.752
922.091
823.656
934.297
847.417
765.31
797.807
923.062
853.327
789.105
760.02
726.22
848.344
837.079
788.18
877.077
808.173
764.509
821.825
910.439
898.435
826.956
833.004
815.6
922.526
853.534
911.293
855.74
912.554
833.304
835.622
829.966
859.897
829.919
916.147
828.602
913.215
915.717
898.286
911.456
913.036
921.703
835.929
923.444
825.451
914.12
829.752
837.227
832.365
831.172
914.554
920.816
914.472
836.47
836.836
837.914
935.271
930.328
827.786
847.048
832.982
932.908
823.727
931.943
931.276
830.057
823.612
836.129
823.956
927.219
916.318
858.03
925.233
921.706
933.888
823.685
837.151
801.562
852.11
919.145
917.958
911.469
857.638
918.166
911.484
899.084
847.464
846.963
808.393
829.864
839.958
855.565
872.45
917.188
899.576
879.553
861.541
867.97
860.803
903.289
862.675
852.626
899.789
860.639
902.223
853.121
854.953
900.948
900.258
851.612
918.812
909.727
807.63
883.806
896.342
898.86
882.882
880.846
911.525
911.5
867.664
855.679
857.877
914.017
904.426
898.66
816.587
794.38
780.707
864.238
876.385
852.322
807.833
843.946
889.236
902.529
892.272
840.157
833.819
845.605
852.898
909.401
907.949
910.566
858.446
912.97
859.539
923.635
912.002
875.519
857.43
914.55
899.146
858.599
860.464
852.998
853.222
898.518
860.356
856.856
900.129
912.969
831.758
836.654
915.42
899.651
919.136
860.648
837.636
852.502
844.783
859.729
929.435
915.572
908.391
826.521
846.892
823.807
927.575
846.868
846.169
919.433
919.024
908.07
846.52
860.041
847.086
775.598
746.545
782.382
913.745
847.889
855.89
860.785
912.11
783.445
800.238
828.923
834.176
824.457
850.262
863.061
864.027
871.567
862.346
848.15
871.735
892.973
894.515
897.621
855.038
861.473
908.583
867.081
882.3
879.741
901.189
881.493
916.242
882.359
902.134
877.855
899.959
879.906
906.848
885.286
878.495
882.508
903.018
883.206
845.016
867.141
873.953
892.247
866.912
892.145
873.513
862.349
906.955
864.027
899.303
865.527
819.99
875.091
837.562
898.083
891.195
867.369
857.019
895.763
897.216
900.143
853.564
903.028
901.667
901.856
911.481
900.643
856.321
852.675
861.477
863.95
906.933
902.895
901.231
849.216
860.53
899.949
853.012
861.036
918.628
846.519
857.618
908.353
853.383
846.824
918.106
917.819
850.921
918.497
879.948
910.762
867.457
893.526
883.844
800.853
794.096
810.593
875.648
888.1
878.827
891.46
877.755
879.45
900.281
866.19
865.207
896.742
881.73
884.646
824.999
871.377
882.262
884.71
876.124
895.176
877.611
901.072
873.478
866.825
867.617
902.021
894.241
892.055
866.536
869.848
852.384
815.524
883.791
874.413
886.473
877.942
882.483
902.224
902.622
915.074
893.109
901.842
849.464
846.093
912.863
866.797
906.625
818.135
839.525
891.092
833.955
837.438
847.563
847.64
855.749
858.451
878.334
866.992
867.585
874.151
891.093
903.701
876.155
877.617
879.478
894.839
884.469
864.574
884.899
900.021
900.13
897.329
900.971
882.315
898.539
900.15
887.897
893.929
880.448
890.411
885.055
889.202
901.35
884.529
892.76
877.189
892.536
882.032
887.525
881.858
873.767
887.398
884.333
876.673
885.692
884.456
882.91
873.549
892.303
884.81
873.769
884.656
875.629
868.995
882.062
870.197
901.414
880.664
864.747
883.372
897.168
901.324
867.257
896.22
873.02
895.661
888.135
886.031
884.632
901.186
873.661
892.322
874.487
866.821
865.769
887.172
