526.443
524.96
445.828
446.837
717.448
722.047
712.212
525.942
524.441
521.946
518.468
514.022
508.628
502.31
495.095
487.016
478.104
468.417
457.96
458.541
469.831
480.619
490.932
500.699
509.991
518.627
526.942
534.362
541.61
548.06
554.127
559.631
564.632
569.234
573.244
577.008
580.255
583.134
585.701
587.917
589.844
591.533
592.898
594.219
595.074
596.053
596.682
597.285
597.765
598.089
598.514
598.543
599.032
598.973
599.232
599.291
599.406
599.527
599.565
599.757
599.786
599.877
600.061
600.159
600.325
600.51
600.623
600.958
600.899
601.46
601.412
601.777
601.938
602.159
602.434
602.512
602.933
602.858
603.149
603.254
603.369
603.443
603.475
603.427
603.417
603.067
603.16
602.554
602.259
601.629
600.914
600.129
598.903
598.017
596.086
594.757
592.623
590.489
587.948
585.06
581.954
578.224
574.392
570.051
565.122
559.902
554.115
547.834
541.178
533.694
526.317
517.441
509.041
499.481
489.77
479.394
468.666
457.347
456.795
467.273
476.83
485.734
493.743
500.932
507.217
512.588
517.015
520.481
522.966
524.462
542.941
560.269
576.915
592.834
608.008
622.407
636.021
648.839
660.86
672.086
682.526
692.193
701.106
709.286
716.76
723.556
729.706
735.244
740.203
744.621
748.531
751.971
754.976
757.586
759.835
761.756
763.375
764.722
765.824
766.711
767.406
767.932
768.31
768.559
768.697
768.739
768.698
768.588
768.42
768.203
767.948
767.662
767.352
767.024
766.685
766.335
765.978
765.628
765.306
765.013
764.73
764.445
764.163
763.897
763.653
763.43
763.226
763.039
762.866
762.703
762.547
762.39
762.225
762.043
761.83
761.575
761.262
760.873
760.391
759.794
759.057
758.153
757.051
755.716
754.116
752.22
749.995
747.404
744.404
740.951
737.001
732.512
727.443
721.755
715.409
708.369
700.601
692.074
682.762
672.644
661.702
649.925
637.309
623.853
609.569
594.466
578.573
561.909
544.522
622.967
594.965
621.77
767.433
691.251
722.538
647.995
574.179
623.319
767.571
766.229
535.943
760.721
574.113
627.495
595.998
720.744
543.528
691.134
761.435
649.088
626.711
759.766
627.283
626.601
762.112
524.794
516.535
591.987
605.524
618.601
623.755
624.274
612.753
750.886
762.263
764.855
756.483
765.588
624.576
764.178
623.678
620.034
610.734
755.957
739.894
751.13
624.897
763.615
504.589
593.632
490.873
535.351
537.658
494.436
501.667
763.044
625.51
553.102
622.486
734.197
626.002
767.293
620.208
758.689
481.579
542.23
480.417
560.937
539.106
541.879
470.552
559.413
505.653
516.34
525.231
623.049
607.194
761.115
627.473
615.927
746.329
604.132
731.475
586.098
707.39
559.997
671.751
761.753
627.066
626.052
762.538
760.466
627.329
625.453
622.781
757.954
754.626
622.757
560.542
623.145
598.812
708.302
580.138
766.807
585.585
621.599
671.191
620.8
739.145
614.528
767.57
767.077
766.823
608.245
765.901
623.532
765.561
758.728
743.552
763.605
623.967
616.133
529.194
508.867
510.282
469.514
543.701
481.739
626.388
735.976
764.061
599.256
645.615
762.865
645.962
763.706
757.402
578.438
649.869
642.063
634.147
758.917
753.204
645.982
752.661
531.755
589.704
519.242
524.925
551.678
619.296
494.684
493.38
576.013
577.677
515.353
608.75
604.897
526.378
482.697
535.216
636.491
635.199
567.373
681.845
714.413
591.182
735.953
607.703
748.911
617.814
726.419
760.933
580.293
613.45
600.455
743.339
699.64
627.513
552.375
627.369
660.837
760.154
621.03
753.026
624.69
757.053
761.279
763.895
625.099
627.408
761.926
626.548
625.813
762.779
763.329
625.441
626.219
762.316
622.338
622.781
761.591
627.099
567.727
626.656
623.071
759.285
544.605
764.505
624.534
621.957
623.325
681.606
700.142
715.758
659.991
767.184
728.673
621.299
767.612
610.666
766.282
747.455
602.37
767.461
766.538
619.361
590.428
760.646
765.214
617.304
623.696
753.883
764.704
624.106
636.082
762.539
523.397
530.604
518.006
500.201
533.969
492.17
540.44
504.478
493.512
555.816
558.971
688.431
719.488
645.545
643.682
762.228
550.636
634.035
645.094
732.821
711.431
585.696
611.297
757.288
628.636
679.099
757.961
649.772
648.882
758.591
755.972
648.667
640.221
646.441
761.518
646.954
760.902
639.709
745.692
647.532
760.137
759.432
586.271
653.91
545.435
606.342
567.389
529.637
541.711
619.269
757.616
649.887
649.217
648.151
585.923
644.721
629.354
760.252
646.059
645.664
755.416
747.651
763.172
523.547
515.816
575.458
507.185
573.829
554.398
530.763
506.065
540.371
551.866
646.57
658.243
560.695
569.439
616.29
736.741
631.952
747.873
641.405
696.765
717.715
646.949
592.908
753.752
649.483
649.787
758.774
756.835
757.147
740.173
634.858
644.675
751.327
759.859
758.268
723.35
647.583
620.75
649.495
599.581
592.896
758.976
645.217
570.121
644.689
668.561
705.351
644.188
740.351
764.197
764.198
642.744
637.7
762.181
614.965
763.441
763.92
645.415
605.035
731.064
631.91
623.068
763.816
757.308
645.755
750.638
641.303
763.454
546.575
539.152
514.453
533.123
505.742
557.425
555.717
565.657
594.855
665.492
645.707
725.873
664.58
758.532
623.099
602.554
665.914
758.121
666.37
629.898
751.918
712.712
727.674
629.577
648.173
670.642
753.062
546.535
662.372
742.279
753.207
748.001
659.603
740.616
666.396
747.01
667.913
752.43
539.013
647.762
754.648
638.055
651.532
757.594
518.883
570.686
540.595
620.59
543.95
518.144
632.825
591.247
601.289
561.477
642.346
575.723
669.08
577.929
610.224
757.8
649.865
648.449
755.379
751.645
670.543
704.46
688.32
648.802
648.397
760.415
646.997
759.655
758.426
649.207
731.585
651.65
634.997
610.183
749.737
643.466
753.436
758.116
649.658
647.923
644.969
759.197
649.47
728.377
624.999
605.624
743.155
637.366
756.45
730.72
678.881
712.754
665.978
655.963
764.088
756.967
762.918
644.083
744.234
657.472
725.58
761.254
639.187
646.632
697.249
764.238
643.281
645.35
610.317
761.348
761.789
646.233
666.141
749.941
757.911
660.554
550.533
561.139
555.243
537.854
517.783
571.965
561.849
641.691
683.671
683.785
749.624
752.553
670.516
669.549
749.9
623.996
578.733
718.782
671.779
744.417
720.732
618.064
689.467
758.626
684.545
668.729
669.476
646.496
700.471
665.698
666.795
755.018
560.735
569.423
555.725
743.001
594.293
738.057
657.306
754.076
753.66
665.255
628.6
758.334
665.77
756.616
666.432
735.039
756.664
754.661
657.765
596.364
530.548
554.463
587.457
616.493
531.616
615.513
576.788
566.687
585.412
653.925
602.877
674.563
586.249
664.412
616.953
692.029
752.176
670.65
735.016
654.67
668.929
752.836
706.515
669.29
752.953
754.647
667.819
753.825
668.96
669.911
742.594
745.527
661.751
665.115
751.326
750.944
670.374
670.364
718.287
723.279
753.232
639.918
644.207
617.214
623.708
668.238
748.246
667.417
758.658
666.287
663.055
663.941
714.461
758.309
664.408
745.431
751.534
661.511
664.959
757.546
667.121
633.594
684.58
665.646
642.094
720.478
648.793
738.87
659.249
757.374
757.877
554.42
547.611
528.243
582.477
529.486
566.517
600.648
668.41
632.921
650.124
684.004
734.631
750.49
750.494
680.717
743.68
684.655
687.338
699.854
682.987
663.057
751.201
727.988
672.381
700.991
689.07
688.115
687.801
746.059
745.56
678.952
745.317
684.843
748.93
686.638
743.88
677.423
735.751
685.011
739.152
746.186
566.95
610.8
610.248
744.831
689.344
742.564
749.95
669.227
551.691
568.936
596.98
552.661
575.992
542.778
629.008
579.99
568.199
636.385
609.41
618.191
664.67
653.55
599.972
589.777
674.486
677.395
625.984
640.188
699.65
639.316
705.93
716.353
657.01
652.035
724.697
669.251
749.179
745.653
752.725
756.133
667.433
744.054
753.885
661.534
669.875
668.435
752.401
670.559
684.428
750.48
669.093
670.155
668.223
744.016
689.383
663.394
686.913
664.088
723.521
707.816
684.577
758.69
673.977
749.353
755.783
682.348
692.465
663.559
758.51
659.206
756.142
666.485
713.555
737.492
727.747
749.055
676.017
602.368
576.494
561.543
541.614
542.771
581.773
681.941
601.906
622.809
677.543
693.935
751.041
742.926
579.078
648.297
661.083
646.933
691.799
661.309
678.168
698.651
714.782
687.566
706.129
725.291
745.396
740.208
603.818
712.327
735.201
680.982
658.692
693.152
688.688
687.079
746.266
747.674
686.19
745.639
681.874
750.698
749.1
684.447
747.019
700.963
574.31
590.023
733.596
704.258
583.131
566.043
554.52
623.663
616.72
590.743
647.997
609.782
577.967
625.822
685.668
668.633
631.679
645.002
633.324
711.435
667.017
716.317
672.061
745.196
689.144
689.072
687.521
684.617
687.415
740.749
686.94
745.578
746.416
734.599
743.278
743.337
730.665
674.965
750.527
685.448
745.893
687.46
685.908
688.914
688.259
742.445
735.134
735.34
687.408
679.679
683.692
731.484
751.287
681.391
700.756
677.749
749.865
684.569
751.009
741.617
679.859
683.5
654.805
684.226
707.745
710.271
689.888
750.277
749.036
748.174
684.385
666.269
590.545
696.732
736.422
741.567
741.261
705.37
739.788
742.64
733.844
700.569
700.524
602.812
622.938
634.279
659.43
673.911
742.529
736.455
701.768
693.353
715.146
705.755
730.313
701.256
703.568
736.715
703.394
737.379
703.604
704.379
736.853
736.698
703.189
718.909
740.585
596.334
661.474
702.533
700.587
724.516
693.844
719.963
726.447
714.971
695.534
692.466
730.196
738.321
734.723
603.517
591.324
590.22
636.454
651.533
629.179
612.712
639.592
658.978
685.295
669.87
647.386
639.704
654.536
653.497
703.011
697.699
707.993
669.462
686.045
674.017
701.268
699.716
679.666
676.627
705.309
735.948
705.695
706.09
703.289
704.077
734.179
687.707
705.105
733.692
745.613
688.62
686.606
741.772
736.536
735.75
704.982
681.944
703.385
697.667
684.837
751.239
725.737
740.092
681.758
700.619
681.805
750.89
700.279
699.511
722.493
737.824
740.05
700.126
681.619
700.618
575.179
565.072
582.621
741.811
697.583
704.86
702.515
741.414
587.347
600.059
623.845
616.826
609.12
629.712
643.419
641.569
652.809
651.259
643.24
665.701
688.105
693.357
678.31
651.435
659.312
693.457
714.274
723.659
694.955
708.926
720.289
742.498
720.351
715.248
703.692
736.836
719.673
722.794
726.954
719.095
719.866
726.624
722.967
697.231
714.597
717.999
729.412
714.192
729.5
718.052
695.955
725.94
698.881
723.117
640.898
613.223
652.1
631.575
677.973
670.159
666.858
664.535
698.235
695.801
737.005
703.552
728.64
737.168
737.02
722.435
736.808
704.964
703.403
701.818
700.547
739.856
731.804
733.415
701.661
704.163
736.623
703.417
690.7
738.915
700.026
694.692
740.399
695.903
700.513
740.765
742.259
697.382
734.871
698.667
741.04
714.701
731.144
725.514
595.898
588.374
600.936
719.253
676.194
686.935
684.341
684.797
689.489
705.032
713.403
712.366
706.502
697.594
726.501
612.758
710.162
719.039
723.139
709.665
730.761
718.798
729.192
717.561
714.319
714.314
727.432
730.36
729.588
713.824
715.701
632.914
612.337
669.034
671.722
677.203
706.349
723.201
732.846
717.379
742.244
729.807
712.359
697.62
697.232
741.598
714.212
727.392
608.967
621.459
729.859
621.623
623.846
633.346
633.927
642.961
643.765
661.243
652.999
658.745
661.474
682.502
686.237
677.106
682.183
691.155
690.426
726.179
711.45
726.618
732.236
716.322
710.469
732.306
700.869
731.74
737.016
709.74
715.497
707.133
714.948
726.81
720.738
731.168
715.177
721.283
718.761
730.205
718.113
715.476
717.111
717.249
727.534
726.227
718.635
726.534
726.222
715.546
717.488
730.195
726.085
717.387
726.119
718.143
711.237
716.209
710.832
728.316
669.546
710.951
704.167
731.235
731.897
711.066
730.939
709.553
730.845
721.741
723.023
726.229
730.224
717.44
729.911
717.573
713.898
710.918
722.56
