534.88
533.196
451.147
452.317
728.576
731.776
723.061
534.361
532.804
530.216
526.608
521.997
516.403
509.85
502.367
493.988
484.745
474.699
463.85
464.445
476.137
487.288
497.932
507.992
517.551
526.397
534.934
542.463
549.873
556.396
562.537
568.079
573.09
577.696
581.659
585.403
588.59
591.395
593.889
596.018
597.855
599.457
600.716
601.97
602.696
603.616
604.147
604.677
605.085
605.33
605.719
605.645
606.154
606.003
606.251
606.268
606.359
606.463
606.472
606.674
606.673
606.75
606.947
607.037
607.21
607.405
607.512
607.888
607.782
608.442
608.35
608.762
608.929
609.169
609.476
609.548
610.045
609.931
610.276
610.405
610.553
610.663
610.736
610.725
610.777
610.434
610.663
610.052
609.85
609.27
608.62
607.92
606.724
605.988
604.008
602.831
600.723
598.671
596.187
593.342
590.302
586.563
582.79
578.469
573.499
568.259
562.408
556.04
549.295
541.626
534.176
524.955
516.423
506.549
496.568
485.853
474.777
463.054
462.502
473.373
483.276
492.508
500.812
508.267
514.786
520.358
524.951
528.547
531.127
532.678
551.824
569.753
586.955
603.38
619.011
633.817
647.789
660.915
673.197
684.637
695.248
705.045
714.05
722.287
729.787
736.581
742.705
748.195
753.089
757.427
761.247
764.587
767.487
769.988
772.126
773.936
775.446
776.686
777.686
778.474
779.075
779.513
779.808
779.98
780.046
780.021
779.919
779.752
779.531
779.266
778.965
778.638
778.289
777.926
777.554
777.173
776.788
776.411
776.066
775.751
775.451
775.149
774.854
774.577
774.326
774.1
773.897
773.717
773.556
773.411
773.279
773.154
773.029
772.894
772.739
772.549
772.311
772.007
771.618
771.124
770.499
769.715
768.74
767.539
766.077
764.32
762.237
759.786
756.921
753.596
749.763
745.378
740.395
734.77
728.462
721.43
713.637
705.048
695.633
685.368
674.232
662.211
649.3
635.496
620.809
605.249
588.847
571.619
553.621
630.491
604.083
629.609
778.825
704.071
735.531
660.041
583.259
630.744
778.764
777.139
544.346
771.603
583.04
635.391
605.045
733.728
551.857
704.077
772.141
661.344
634.708
770.873
635.015
634.222
772.758
533.161
524.431
602.502
614.445
626.876
631.183
631.721
621.399
763.471
774.304
775.638
768.854
777.322
632.024
774.911
632.046
628.714
619.643
767.618
752.509
763.202
632.339
774.31
511.936
604.386
497.838
544.11
546.343
501.617
509.176
773.708
633.018
561.902
630.225
747.116
634.158
778.377
628.282
769.992
488.176
551.087
486.962
570.613
548.005
550.881
476.909
568.865
513.193
524.205
533.157
634.663
618.169
771.892
635.279
624.713
758.681
613.129
744.31
595.138
720.42
568.705
684.445
772.417
634.758
633.609
773.184
771.414
635.267
633.687
630.396
769.368
766.42
631.233
569.436
630.612
607.857
721.271
589.261
778.359
594.728
632.98
683.711
628.784
751.999
623.072
778.891
778.113
777.813
617.075
776.776
630.972
776.403
770.988
756.327
775.54
631.409
624.588
537.562
516.484
518.112
475.708
552.77
488.507
635.912
748.734
775.369
608.991
653.588
773.695
653.901
774.659
768.204
587.949
658.295
650.675
643.385
770.869
765.482
654.956
764.238
540.178
600.136
527.278
533.27
561.012
628.97
501.909
500.373
586.021
587.919
523.031
619.961
615.788
534.521
489.479
543.477
648.453
646.937
576.209
694.685
727.435
600.208
748.685
616.676
761.123
626.493
739.339
771.758
589.275
622.295
609.527
755.826
712.645
635.366
560.97
635.398
673.336
771.176
629.508
764.958
632.994
768.588
772.017
774.608
632.619
635.179
772.578
634.14
633.348
773.433
774.007
632.96
633.787
772.959
629.948
630.331
772.273
634.797
576.744
634.777
630.567
770.485
553.182
775.262
631.998
629.706
630.789
694.297
713.054
728.753
672.297
778.654
741.639
629.202
778.866
619.409
777.922
760.139
611.357
778.597
777.487
627.509
599.551
772.796
776.025
625.633
631.144
766.363
776.536
631.546
645.215
773.333
531.549
539.187
526.122
507.485
542.515
499.328
549.229
511.909
500.521
565.303
568.575
701.156
732.384
657.503
652.041
773.874
559.338
645.91
653.143
745.46
724.359
595.164
621.001
767.984
638.194
691.847
768.62
658.058
657.55
769.165
767.09
656.782
649.02
654.387
772.221
654.93
771.558
648.996
757.815
655.565
770.75
770.007
596.577
663.696
554.366
617.467
577.257
537.791
550.407
630.566
768.362
658.26
657.404
656.218
595.535
652.842
638.794
772.098
653.993
653.609
767.585
760.142
774.04
531.671
523.823
585.619
514.834
583.756
563.663
539.15
513.49
549.287
560.822
658.738
670.654
569.712
578.613
625.97
749.265
641.453
759.858
650.575
709.677
730.605
655.843
602.471
765.202
658.002
658.263
769.341
767.777
768.015
752.569
644.29
653.722
763.036
770.456
768.871
736.177
655.602
630.378
657.707
609.214
602.585
769.542
653.237
579.465
652.887
680.989
718.224
652.393
753.031
775.434
775.308
651.267
646.723
772.942
624.668
774.907
774.922
653.387
614.785
743.887
641.25
632.678
775.201
769.368
653.683
763.024
650.018
774.362
555.72
547.85
522.235
541.771
513.377
566.804
564.917
574.938
604.929
674.011
655.801
738.537
673.219
769.701
633.436
612.562
674.358
768.939
674.785
641.628
762.589
725.447
740.16
639.817
658.324
679.582
763.506
555.453
671.506
754.611
765.007
760.129
669.452
752.598
675.888
758.444
676.38
762.865
547.837
656.579
765.979
648.293
661.427
768.328
526.965
580.496
549.064
632.117
552.816
525.951
644.478
601.915
612.047
570.673
654.368
585.212
681.683
587.271
620.495
768.498
658.194
657.195
766.599
762.379
679.544
717.396
701.17
656.931
656.485
771.046
654.958
770.24
769.011
657.377
743.956
661.737
645.25
620.292
761.583
652.629
763.872
768.744
657.909
655.971
653.057
769.765
658.104
741.119
634.615
615.289
755.417
646.723
767.475
743.32
691.478
725.653
674.4
665.639
775.142
767.628
774.472
652.378
756.823
669.689
738.45
771.933
648.117
654.587
710.065
775.409
651.719
653.347
620.064
773.092
772.519
654.172
674.562
761.96
769.237
669.903
559.654
570.595
564.664
546.458
525.659
581.999
571.512
653.509
696.367
696.353
760.137
763.084
679.313
678.726
760.984
635.522
588.453
731.228
682.062
754.907
733.007
628.602
698.857
769.599
693.427
677.263
678.1
657.288
713.184
676.348
675.223
765.564
570.104
579.299
565.019
754.979
604.168
750.17
667.238
764.529
764.099
673.811
638.926
769.2
674.231
767.245
674.848
747.561
768.166
766.359
667.328
606.942
538.83
563.443
597.989
627.875
540.107
626.673
586.507
576.173
595.117
666.186
613.068
687.158
596.179
676.693
627.272
704.786
762.792
679.539
747.258
664.683
678.177
763.311
719.287
677.895
763.41
765.147
676.298
764.28
677.516
678.594
754.442
757.095
671.523
674.692
762.134
761.835
679.436
679.119
730.959
735.867
763.669
650.166
654.407
627.395
633.935
676.732
759.556
676.824
769.758
674.711
672.093
672.803
727.197
769.555
673.13
757.66
763.44
670.746
673.558
768.137
675.56
643.893
693.446
674.134
652.264
733.188
658.791
751.302
668.696
768.786
768.651
563.629
556.751
536.483
592.829
537.957
576.172
611.058
680.797
643.747
660.915
692.965
746.74
761.629
761.129
690.309
754.303
693.486
696.316
712.412
692.021
673.659
762.188
740.028
682.881
710.251
698.3
697.773
696.877
756.32
755.843
688.768
756.905
693.678
759.34
695.537
754.126
687.748
747.596
695.002
750.382
756.461
576.357
621.983
621.219
755.271
698.674
754.408
760.501
679.623
560.734
578.605
607.772
561.923
585.919
551.426
640.522
589.948
577.847
648.202
619.809
628.885
677.122
665.624
610.194
599.776
686.93
689.88
636.626
650.955
712.431
650.16
718.45
728.728
667.755
662.814
736.861
679.829
760.372
755.912
763.226
766.68
675.887
754.606
764.33
672.237
678.974
676.948
762.971
679.399
693.332
761.462
677.672
678.874
677.547
755.724
698.831
673.045
695.839
672.87
735.904
720.555
693.424
769.724
684.142
759.833
767.381
691.428
705.121
672.506
769.427
669.889
766.738
674.903
726.049
749.452
740.053
760.362
686.069
613.353
586.628
571.131
550.28
551.67
591.912
691.237
612.322
633.651
689.897
706.433
761.828
753.722
589.12
660.182
673.219
658.214
704.096
672.553
689.212
708.052
726.9
698.286
715.933
737.143
755.757
750.497
614.755
724.349
745.472
692.087
670.939
705.721
698.278
696.034
756.533
758.019
695.07
755.945
691
761.378
759.551
693.27
758.516
710.247
584.089
600.373
745.268
713.574
593.425
575.714
563.575
634.986
627.995
600.954
660.055
620.354
587.781
636.596
698.214
680.873
642.658
655.831
644.039
723.894
678.257
728.237
683.273
755.594
698.419
698.585
696.542
695.646
696.457
751.865
695.878
755.846
756.69
744.925
753.493
754.042
742.537
685.377
760.952
694.304
756.152
696.46
695.806
698.1
697.364
753.341
746.787
746.669
697.137
689.918
693.776
743.7
762.204
690.88
709.991
687.688
761.087
693.402
762.072
753.269
689.558
692.494
665.548
693.155
720.267
722.454
700.486
760.87
759.463
759.574
693.207
676.77
601.107
706.731
747.766
752.483
751.674
715.043
750.858
752.893
744.32
709.776
709.729
613.446
633.961
645.515
670.712
685.554
753.3
746.645
712.868
704.129
724.765
715.688
741.306
711.667
712.888
746.791
713.523
747.448
712.976
713.872
746.899
746.743
712.471
730.952
750.913
607.004
673.466
714.272
712.471
734.534
705.324
731.778
738.028
724.559
705.787
702.957
741.626
748.444
744.747
614.248
601.687
600.357
648.083
663.534
640.749
623.361
650.819
671.066
697.605
682.101
658.543
650.782
665.746
664.794
715.205
709.957
720.111
680.645
698.486
685.136
713.793
711.98
691.297
687.79
717.544
746.177
715.428
715.96
712.697
713.396
744.573
698.652
714.726
744.261
755.945
697.763
696.413
752.775
746.592
747.294
714.972
692.115
712.716
707.108
695.675
762.09
737.433
750.352
691.148
709.839
691.009
761.621
709.618
708.878
734.448
749.077
750.286
709.319
692.564
709.926
585.183
574.52
592.703
752.372
707.268
714.4
712.723
751.87
597.496
610.545
634.883
627.907
620.126
641.104
655.139
653.219
664.661
662.864
654.609
677.377
700.06
705.254
690.49
662.904
670.861
705.727
723.945
733.725
706.277
720.669
730.436
753.197
730.569
726.818
714.649
746.994
729.744
734.253
736.847
729.097
730.15
737.706
733.179
706.736
724.157
727.66
739.443
723.711
739.508
727.676
706.647
737.332
709.502
734.267
652.711
624.075
663.948
642.717
690.262
682.259
678.467
675.772
710.063
707.738
747.108
712.993
739.708
747.225
747.086
734.164
746.852
714.542
712.752
712.12
711.071
750.025
742.687
744.083
710.9
714.218
746.672
712.806
701.562
750.074
709.218
705.078
750.621
706.018
709.723
751.757
753.103
707.273
746.269
709.886
751.411
724.341
741.098
735.498
606.355
598.753
611.645
728.929
688.208
698.432
696.316
696.394
701.034
716.852
723.102
722.097
718.146
708.998
736.338
623.745
720.494
729.387
733.448
720.282
740.921
728.747
739.989
727.228
723.857
723.837
738.41
740.475
739.575
723.332
725.262
644.449
623.123
681.028
683.381
689.147
717.205
733.332
743.62
728.886
752.873
739.876
724.018
707.406
706.819
752.104
723.737
738.615
619.77
632.756
739.76
632.733
635.063
644.712
645.32
654.48
655.326
673.184
664.7
670.401
673.279
694.502
698.478
688.722
693.745
702.571
702.396
736.128
721.224
736.536
742.68
727.785
722.015
742.822
712.189
742.109
747.146
720.95
726.717
718.131
726.028
736.674
731.481
741.822
725.958
732.189
728.667
740.167
728.529
726.398
727.598
726.992
737.373
736.042
728.5
736.343
736.028
726.212
727.172
740.14
735.88
727.109
735.914
727.964
721.355
726.777
721.053
739.198
681.432
720.786
715.411
741.536
742.482
721.079
741.184
720.011
741.045
732.366
733.433
736.03
740.948
727.142
739.886
727.35
723.408
720.834
733.075
