624.776
721.75
395.46
510.283
927.211
890.172
849.806
624.046
621.873
618.264
613.239
606.822
599.044
589.938
579.562
567.932
555.16
541.269
526.256
527.164
542.343
558.69
569.951
585.358
595.046
609.074
617.136
627.649
634.526
643.416
648.752
656.391
660.325
666.215
668.725
673.487
676.3
679.063
682.517
683.71
686.542
686.622
690.15
689.653
693.625
692.816
695.837
694.296
697.15
697.629
698.538
701.225
700.514
702.777
700.884
704.963
702.796
708.059
705.737
709.478
705.798
709.575
709.622
710.316
714.262
712.293
715.027
710.945
716.975
712.846
721.039
716.813
721.967
714.558
720.147
719.644
720.099
726.7
722.595
725.549
717.911
724.531
723.063
724.178
729.247
729.933
717.37
724.685
722.901
722.424
734.362
725.999
727.138
710.503
717.736
715.19
733.7
715.541
727.098
693.197
695.812
698.969
672.144
715.795
699.435
680.872
622.144
614.851
623.72
673.762
640.84
601.07
462.667
410.569
424.603
420.456
375.128
390.181
560.546
633.512
670.923
689.994
701.955
709.392
713.872
716.949
718.924
720.261
721.112
721.591
755.242
786.577
815.948
843.033
867.978
890.667
911.171
929.516
945.769
960.013
972.347
982.883
991.742
999.056
1004.96
1009.59
1013.08
1015.58
1017.2
1018.07
1018.29
1017.97
1017.2
1016.06
1014.62
1012.94
1011.06
1009.01
1006.84
1004.58
1002.25
999.87
997.461
995.032
992.593
990.151
987.712
985.279
982.858
980.452
978.064
975.696
973.35
971.028
968.733
966.457
964.201
961.98
959.822
957.721
955.643
953.56
951.48
949.418
947.381
945.368
943.375
941.399
939.44
937.496
935.567
933.652
931.747
929.852
927.961
926.071
924.176
922.271
920.349
918.398
916.407
914.358
912.226
909.984
907.603
905.056
902.309
899.319
896.028
892.373
888.284
883.689
878.511
872.667
866.07
858.629
850.252
840.849
830.331
818.614
805.62
791.282
775.545
758.361
739.723
719.571
698.023
674.926
650.585
735.639
699.648
729.849
992.891
981.559
1007.71
928.776
677.672
738.806
985.644
971.417
630.861
926.352
701.107
760.217
732.967
871.263
640.285
839.531
933.914
790.092
765.315
920.691
757.545
755.692
941.673
622.139
739.793
842.447
709.406
722.244
743.449
744.978
716.4
1015.7
1008.77
962.333
1013.75
1002.34
749.431
957.995
754.93
760.41
745.766
910.696
890.911
903.544
750.705
953.872
516.523
718.386
692.735
637.363
752.764
576.703
588.86
949.718
750.142
652.553
730.745
1013.5
762.814
980.838
725.17
916.835
562.317
754.768
651.856
673.54
642.785
646.787
544.292
785.898
594.22
606.542
565.043
757.216
867.444
930.117
759.988
745.053
897.831
748.62
882.253
713.083
857.263
660.687
817.354
937.763
753.032
755.911
945.651
924.471
756.059
759.219
733.67
914.854
908.464
758.993
662.383
736.297
702.625
997.432
682.874
997.682
689.509
890.111
958.999
728.403
1015.05
719.243
990.477
978.454
976.088
711.465
969.115
742.805
966.834
1012.31
1015.86
1006.74
743.839
719.915
748.939
731.432
601.26
569.663
649.412
560.211
737.454
1008.53
986.512
710.245
770.735
965.65
773.265
972.493
921.547
686.288
792.377
755.572
745.165
1001.93
1006.85
793.07
906.091
767.203
841.026
610.998
621.719
660.2
730.397
578.258
536.763
815.241
696.752
522.486
738.559
865.973
621.314
561.522
608.712
774.38
910.539
679.023
829.041
864.684
717.033
886.834
754.209
900.807
753.081
877.09
928.233
711.507
745.416
739.306
894.555
848.909
759.844
650.718
758.186
804.394
922.586
763.941
906.088
753.803
912.814
932.01
955.938
748.498
761.424
939.71
755.147
750.421
947.671
951.796
747.616
754.404
943.652
732.53
736.038
935.831
755.014
669.591
762.835
737.901
918.777
643.247
960.133
746.539
730.703
738.714
971.179
990.265
1003.2
944.899
995.296
1011.1
728.251
988.059
714.385
1000.04
1016.05
706.469
983.235
973.742
724.762
693.814
1010.64
964.575
722.542
741.963
1014.9
1004.59
743.071
746.888
963.404
745.398
630.513
612.364
716.895
751.283
575.284
753.923
708.03
653.79
666.165
670.709
977.406
1001.92
926.527
758.885
995.676
657.184
770.886
765.903
882.501
860.535
728.79
757.393
956.161
779.771
825.177
927.123
789.292
792.882
934.66
914.075
784.898
753.011
777.154
956.769
777.853
952.722
790.991
896.349
780.543
948.43
942.451
838.997
771.857
778.835
735.131
682
637.267
640.757
888.481
923.406
791.881
787.946
784.039
695.262
763.648
740.673
999.941
774.848
770.528
1005.41
1008.86
967.913
756.236
608.629
693.576
595.996
813.934
783.386
627.088
647.525
643.914
655.047
786.516
800.721
671.477
689.043
767.107
886.549
781.885
899.027
791.404
844.889
867.059
794.93
740.639
908.185
793.299
793.859
936.58
917.832
919.692
890.174
784.455
791.206
903.867
946.352
930.869
872.838
783.118
775.917
789.764
745.468
702.736
938.52
766.874
676.971
762.868
955.844
992.379
761.981
1009.19
984.17
979.482
755.969
749.139
961.145
725.725
991.159
974.81
769.75
716.024
1007.17
743.043
734.004
988.847
1003.76
772.216
1008.03
754.088
970.193
652.845
774.29
738.629
633.486
594.215
784.828
661.803
726.955
709.637
794.282
763.451
996.384
789.952
976.135
740.608
771.145
797.654
962.703
802.426
765.016
913.642
860.115
875.376
801.709
817.367
824.548
926.326
791.64
782.586
997.279
990.323
995.734
824.05
889.324
827.537
898.202
810.407
936.596
641.276
795.064
910.202
755.98
769.246
958.331
612.356
812.378
644.282
753.721
646.418
638.425
908.655
714.987
863.56
666.256
780.533
734.457
813.583
709.912
726.919
925.268
790.673
793.776
912.16
911.794
825.386
853.176
835.585
786.042
783.263
950.475
779.41
944.406
932.76
789.584
879.408
820.501
806.596
781.564
901.517
790.755
930.039
928.994
789.35
783.525
764.313
940.478
791.694
877.963
779.471
749.678
893.437
788.35
915.963
997.478
967.527
997.755
798.984
774.198
977.142
954.014
993.44
760.348
1009.27
942.243
1005.01
954.783
750.616
777.472
985.643
981.827
757.764
769.12
721.614
997.85
958.84
776.508
800.532
994.034
980.526
779.367
781.725
806.629
664.542
777.592
715.161
688.57
674.035
922.572
829.065
969.904
943.272
919.209
821.998
825.995
904.442
756.687
787.256
981.097
795.87
902.873
865.757
816.533
854.141
969.393
824.018
813.88
817.37
842.586
983.431
853.418
805.521
945.887
812.638
683.747
662.64
984.859
758.28
886.375
823.968
935.681
931.939
793.107
746.321
964.914
796.267
951.855
803.139
997.946
984.717
988.666
776.136
859.692
717.907
721.964
709.578
747.907
630.18
885.584
687.927
675.154
745.257
794.615
718.682
818.796
699.319
950.268
733.976
838.264
915.535
823.317
883.021
822.928
826.074
922.8
853.695
816.516
924.573
941.735
809.455
936.887
815.27
818.61
891.73
895.791
824.211
826.69
909.961
908.134
826.04
821.242
865.82
870.901
928.163
810.504
813.87
789.555
795.987
811.129
900.484
827.317
973.907
801.434
784.321
786.576
991.912
978.386
788.455
996.673
991.96
781.04
791.533
948.703
807.084
751.602
825.077
795.436
760.002
994.591
766.401
997.852
778.009
982.655
960.521
800.756
653.577
754.429
702.454
627.57
810.206
719.548
810.134
756.271
773.909
819.87
980.791
966.45
949.511
807.509
899.071
828.481
841.298
844.412
816.207
787.081
962.543
873.321
856.457
847.418
850.782
857.143
845.302
920.291
913.589
804.683
974.277
831.61
936.635
837.11
924.539
857.28
882.616
859.003
887.286
924.84
780.784
739.842
880.68
904.951
853.093
979.657
945.365
793.255
794.863
824.03
721.81
659.828
831.444
719.169
905.266
694.234
678.946
772.134
808.623
739.926
807.36
937.594
800.827
793.604
960.989
820.249
824.07
837.522
846.463
762.998
850.683
861.299
848.739
846.062
869.875
855.189
902.53
916.734
921.047
945.414
808.476
900.936
933.836
850.998
826.277
812.498
917.418
822.461
822.82
906.304
815.818
820.036
826.503
893.581
855.074
825.194
838.285
787.41
981.933
988.266
826.121
971.669
798.251
941.326
986.757
814.307
977.356
785.416
967.151
783.13
949.51
804.007
979.745
978.164
982.228
969.915
800.701
729.48
693.88
672.431
765.851
645.322
836.122
811.089
838.586
852.651
958.437
970.247
955.817
895.655
694.695
930.216
799.797
775.416
833.177
878.944
807.562
838.066
962.516
817.328
881.502
961.106
908.788
927.65
729.959
854.152
889.672
886.306
798.926
837.377
856.532
840.106
922.08
931.563
835.438
912.182
812.848
951.554
939.448
829.233
973.374
846.129
830.452
853.416
963.585
863.141
702.052
677.687
774.026
899.531
746.449
707.538
786.256
730.231
820.367
748.434
829.343
950.966
857.853
768.798
831.126
856.305
881.732
858.34
883.534
906.987
851.875
855.853
843.364
886.935
844.028
890.045
839.207
915.133
923.768
887.458
921.61
897.352
876.058
856.84
937.342
833.404
918.57
842.325
858.349
849.506
846.796
893.988
881.436
881.635
857.411
857.844
859.157
981.968
960.406
808.842
848.28
802.894
968.247
827.296
964.694
972.07
806.028
817.987
778.633
821.345
977.661
962.048
819.89
947.512
937.902
971.746
830.068
790.276
712.638
829.357
956.248
949.797
933.767
877.775
952.145
925.851
883.954
854.673
851.291
724.564
748.63
886.467
788.527
909.83
946.703
894.347
836.585
888.248
866.398
883.816
875.08
888.5
864.151
900.539
885.189
911.115
867.034
872.026
907.695
904.716
860.572
962.765
929.693
719.31
936.647
840.744
939.839
874.435
915.015
862.309
869.782
867.456
827.044
823.012
951.654
916.623
909.493
872.903
710.255
829.937
916.128
788.817
761.989
845.839
767.41
941.747
826.386
809.66
868.65
862.873
873.998
782.39
844.619
839.234
849.732
798.639
964.905
803.3
974.633
959.55
912.028
884.871
961.202
892.153
879.498
882.828
868.413
863.924
885.593
887.189
876.229
882.695
910.617
848.132
857.671
892.188
901.707
882.167
884.249
858.698
864.859
835.608
814.418
958.178
955.69
926.089
810.047
849.205
811.795
953.664
842.682
840.413
962.453
955.158
924.681
851.837
811.049
844.402
690.644
808.839
844.191
939.512
832.511
873.774
885.685
935.536
845.429
858.377
879.108
890.506
735.653
906.057
777.345
919.008
788.118
783.615
891.165
799.199
825.939
831.296
947.969
895.445
900.329
957.051
862.505
871.951
829.195
940.403
905.523
944.523
907.349
939.733
838.624
896.343
902.897
944.059
883.444
900.495
908.341
936.85
868.678
833.895
868.202
886.171
909.99
871.303
908.901
882.927
889.031
868.763
890.808
864.745
776.24
737.149
929.102
758.474
818.549
942.762
905.344
793.63
836.329
939.174
899.505
869.801
872.526
909.523
911.476
865.073
906.256
874.954
865.812
886.778
890.372
919.92
877.649
881.384
857.306
884.628
903.232
867.664
887.801
953.696
852.804
825.889
923.893
827.811
850.141
951.041
948.533
830.809
956.109
833.19
931.908
864.44
905.365
877.194
861.841
707.884
723.94
886.972
813.706
820.898
935.398
913.43
914.333
940.382
859.965
857.25
844.921
915.21
885.552
738.659
847.78
908.838
867.943
846.388
916.091
898.711
932.127
886.602
869.056
875.047
934.881
914.104
907.833
871.963
878.257
764.94
869.582
806.053
805.404
931.373
841.922
870.107
879.776
939.739
942.098
911.896
940.234
831.787
832.913
937.438
870.135
941.896
877.506
751.033
900.743
891.215
752.128
902.519
764.015
774.358
910.976
797.549
917.045
791.784
921.993
820.266
953.068
810.839
816.006
825.244
937.78
879.538
854.772
881.563
926.283
856.325
849.286
928.343
915.188
923.631
898.055
920.963
854.622
911.29
853.673
884.621
861.871
930.692
914.685
862.33
897.448
906.301
909.294
918.868
909.748
890.39
896.056
886.49
896.073
893.35
887.785
912.177
887.569
905.046
891.428
889.529
890.206
894.109
850.591
910.595
849.305
933.353
926.816
852.973
915.914
921.128
929.713
851.176
919.125
846.495
917.564
863.73
866.914
889.088
931.398
888.556
907.106
892.024
873.26
851.9
865.499
