827.686
852.57
937.405
647.385
1085.77
1085.75
1019.31
826.602
823.466
818.253
810.906
801.374
789.593
775.527
759.19
740.777
720.392
697.09
674.522
674.482
691.816
725.082
697.551
735.6
721.415
775.629
757.15
766.229
745.502
761.498
745.772
771.236
759.337
766.162
728.822
739.567
731.012
730.243
763.608
752.638
737.856
680.046
687.5
668.401
747.64
749.939
702.532
518.862
457.188
461.89
521.333
430.474
459.359
482.911
870.802
991.153
1021.72
1032.16
1035.83
1037.17
1037.67
1037.86
1037.93
1037.95
1037.97
1037.97
1037.97
1037.97
1037.98
1037.98
1037.98
1037.98
1037.97
1037.97
1037.97
1037.97
1037.97
1037.97
1037.97
1037.97
1037.97
1037.97
1037.97
1037.97
1037.97
1037.97
1037.97
1037.97
1037.97
1037.97
1037.97
1037.97
1037.97
1037.97
1037.96
1037.95
1037.94
1037.91
1037.86
1037.78
1037.65
1037.45
1037.13
1036.64
1035.9
1034.83
1033.31
1031.18
1028.28
1024.42
1019.42
1013.08
1005.25
995.885
985.081
973.133
960.43
948.872
944.187
941.643
928.654
904.96
875.968
870.178
864.318
860.147
857.139
854.968
853.562
852.792
898.233
933.542
967.218
994.848
1017.89
1036.82
1051.99
1063.9
1073.07
1079.99
1085.1
1088.8
1091.42
1093.23
1094.47
1095.28
1095.81
1096.15
1096.36
1096.49
1096.56
1096.61
1096.63
1096.65
1096.66
1096.66
1096.67
1096.67
1096.67
1096.67
1096.67
1096.67
1096.67
1096.67
1096.67
1096.67
1096.67
1096.67
1096.67
1096.67
1096.67
1096.67
1096.67
1096.67
1096.67
1096.67
1096.66
1096.66
1096.66
1096.67
1096.68
1096.68
1096.68
1096.67
1096.67
1096.67
1096.67
1096.66
1096.66
1096.65
1096.64
1096.62
1096.59
1096.54
1096.47
1096.36
1096.21
1095.99
1095.69
1095.29
1094.77
1094.11
1093.27
1092.24
1091
1089.55
1087.9
1086.08
1084.09
1081.95
1079.68
1077.3
1074.81
1072.21
1069.46
1066.47
1063.11
1059.19
1054.45
1048.55
1041.1
1031.65
1019.7
1004.71
986.205
963.858
937.219
904.874
871.289
1007.79
797.514
615.712
1096.43
1088.6
1095.05
1063.82
798.699
1048.95
1096.43
1096.43
785.075
1096.19
1044.94
1049.73
1048.86
1070.09
1030.63
1057.07
1096.4
1029.78
1049.73
1095.62
1049.73
1049.73
1096.43
829.176
914.56
994.769
773.022
731.481
1049.69
1049.73
772.971
1096.37
1096.43
1096.42
1096.41
1096.43
1049.73
1096.42
1049.73
1049.72
1049.62
1092.48
1080.15
1088.32
1049.73
1096.44
994.822
962.167
945.487
852.106
899.917
748.429
776.991
1096.44
1049.73
799.034
726.937
1095.92
1049.73
1096.43
708.544
1094.79
968.438
898.167
954.492
902.893
860.056
865.844
706.488
933.261
785.865
794.541
1015.96
1002.98
1017.88
1096.34
1049.73
1049.69
1084.54
1049.4
1075.3
1047.61
1064.31
1039.77
1046.53
1096.42
1049.73
1049.73
1096.43
1096.06
1049.73
1049.73
866.402
1094.19
1091.33
1049.73
805.632
1044.24
792.698
1093.01
784.805
1096.43
784.801
1036.81
1079.83
660.07
1096.12
771.013
1096.43
1096.43
1096.43
763.846
1096.43
1049.43
1096.43
1096.42
1096.25
1096.43
1049.71
755.398
905.107
922.484
796.561
956.184
869.606
730.222
820.225
1095.4
1095.7
833.432
1058.04
1095.7
1058.67
1095.7
1095.33
833.175
1058.72
772.477
811.105
1095.7
1095.68
1058.72
1089.92
946.791
994.874
786.245
823.879
883.363
826.414
753.472
982.073
966.96
935.417
1006.19
984.504
1018
802.081
727.264
1024.07
1017.9
1051.95
1042.75
1052.37
1067.31
1048.36
1077.77
1049.53
1086.51
1049.71
1072.74
1096.28
1046.51
1049.66
1049.19
1082.41
1060.96
1049.73
1035.79
1049.73
1039.15
1095.88
1049.73
1089.93
1049.73
1093.43
1096.37
1096.43
1049.73
1049.73
1096.43
1049.73
1049.73
1096.43
1096.44
1049.73
1049.73
1096.43
784.266
938.686
1096.41
1049.73
802.018
1049.73
1034.87
1095.26
792.054
1096.42
1049.73
654.124
1047.67
1084.92
1091.21
1094.24
1072.95
1096.43
1095.58
611.151
1096.43
767.286
1096.43
1096.33
786.251
1096.43
1096.43
734.94
786.693
1096.43
1096.43
742.627
1049.62
1096.4
1096.43
1049.72
814.849
1095.7
909.19
841.892
814.047
931.552
902.139
755.231
898.67
965.977
969.291
892.179
898.803
1087.99
1094.34
1063.62
797.769
1095.7
1031.65
1012.5
1032.27
1071.88
1060.79
1051.42
1057.29
1094.45
1058.51
1046.11
1095.62
1058.72
1058.72
1095.69
1093.91
1058.71
790.34
1058.7
1095.7
1058.72
1095.71
1058.68
1082.13
1058.72
1095.68
1095.7
995.494
860.963
939.305
979.464
913.746
1012.3
813.088
1036.87
1095.47
1058.72
1058.7
1058.72
834.678
972.929
812.904
1095.7
1058.69
1058.45
1095.69
1095.65
1095.7
952.529
803.333
930.829
774.742
967.085
934.574
800.662
985.289
858.665
826.652
1024.14
1033.28
1038.63
1044.1
1057.81
1074.57
1058.6
1084.39
1058.69
1054.48
1063.64
1058.72
1053.71
1091.23
1058.72
1058.72
1095.7
1094.84
1095.13
1077.21
1058.65
1058.71
1088.34
1095.68
1095.68
1066.41
1058.72
1058.16
1058.72
1055.35
834.465
1095.7
1047.61
832.361
932.029
1079.38
1092.34
883.483
1095.53
1095.7
1095.7
769.759
812.781
1095.7
824.546
1095.7
1095.7
1056.99
828.592
1095.19
809.092
824.987
1095.7
1095.7
1058.61
1095.67
778.815
1095.7
872.313
942.572
959.796
842.439
780.42
933.556
852.199
1038.17
868.959
1053.13
862.281
1093.95
1001.88
1094.46
868.729
1059.47
1065.91
1094.45
1067.12
1003.42
1093.8
1052.62
1061.59
1065.69
1066.97
1067.19
1094.43
976.578
863.667
1094.38
1094.41
1094.46
1067.08
1074.44
1067.19
1084.79
1067.2
1093.9
850.37
1058.71
1092.32
863.271
860.908
1094.45
804.758
968.073
1022.9
997.744
839.673
999.703
1051.9
957.26
1018.4
831.026
1014.69
1045.77
1040.45
1048.29
869.14
1095.56
1058.72
1058.71
1093.21
1093.44
1067.2
1057.79
1050.68
1058.7
1058.72
1095.67
1058.72
1095.7
1095.69
1058.71
1064.77
1067.05
1066.24
1061.9
1086.49
1058.7
1094.44
1095.65
1058.72
1058.72
1007.82
1095.7
1058.72
1069.16
1058.37
1056.5
1079.75
1058.66
1094.44
1094.15
1084.38
1093.54
1066.66
861.118
1095.7
1094.44
1095.7
836.82
1095.6
1072.62
1094.86
1095.71
802.665
1058.71
1090.56
1095.7
776.879
1054.32
825.751
1095.7
1095.69
1058.69
1066.96
1094.44
1094.46
855.957
936.73
971.824
887.054
979.954
985.691
923.509
901.682
1063.36
1039.96
1086.94
1092.62
1094.33
1067.17
1067.17
1090.19
990.682
1042.77
1092.15
908.212
1091.47
1046.66
1065.92
1074.12
1094.45
1073.26
1067.18
1067.1
1072.53
1091.16
1073.8
1067.09
1094.24
1000.23
909.908
866.604
1093.23
1056.14
1071.34
1067.08
1094.43
1094.44
1041.41
866.833
1094.45
1064.13
1094.44
1067.09
1094.27
1094.45
1094.44
860.336
1018.89
1002.45
1028.54
949.346
988.995
824.411
1037.01
866.115
860.556
1051.66
1023.46
868.857
1035.64
868.462
1078.66
869.148
1043.59
1094.06
1067.18
1068
1067.07
1067.15
1094.42
1049.75
1067.08
1094.43
1094.33
1067.2
1094.3
1067.17
1067.13
1077.23
1082.27
1067.09
1067.17
1092.94
1092.25
1067.19
1067.17
1055.53
1058.54
1094.43
1066.59
1066.81
1063.63
1064.85
1067.19
1086.98
1067.17
1094.46
1067.08
876.758
919.083
1093.13
1094.47
974.872
1094.44
1094.39
857.057
1024.43
1094.88
1067.13
864.763
1073.7
1060.26
862.771
1093.63
861.56
1094.34
858.154
1094.45
1094.45
974.022
869.862
983.392
938.718
829.127
969.798
900.057
1021.15
904.152
902.44
1066.48
1092.47
1092.7
1092.63
941.083
1089.84
1073.93
1074.04
1034.21
1051.28
904.908
1092.72
1054.2
1073.87
1079.23
1074.01
1074.01
1073.81
1092.62
1092.64
921.689
1092.5
1073.81
1092.74
1074.21
1091.72
1073.84
1066.25
1074.08
1076.02
1092.47
1032.12
976.822
1036.94
1091.97
1074.06
1092.74
1092.62
907.128
1001.75
999.002
959.623
871.727
997.873
1016.68
1051.82
889.432
879.677
1001.55
1062.37
903.48
1030.31
1072.15
1057.53
1051.09
1083.47
1025.09
1068.46
1071.61
1046.8
903.941
1037
1043.21
1073.44
1073.09
1050.55
1073.84
1088.76
1092.61
1094.39
1094.61
1067.18
1090.78
1094.44
1073.64
1067.17
1067.18
1094.23
1067.16
1072.22
1091.35
1067.12
1067.15
1067.14
1079.57
1074.13
1067.13
1074.18
945.95
1092.33
1092.35
1073.88
1094.46
909.628
1092.63
1094.45
1038.69
1089.43
895.291
1094.45
903.441
1094.41
1067.05
1091.86
1092.33
1092.45
1092.63
912.338
971.115
925.637
891.987
1002.8
849.757
996.65
989.683
1055.01
1067.34
1085.43
1089.49
1092.65
1087.1
904.203
1071.37
1003.42
935.678
1014.74
1078.06
943.206
1066.8
1089.96
951.506
1079.76
1090.05
1092.5
1090.21
961.78
1027.39
1088.13
1079.26
1016.36
1031.47
1074.05
1074.05
1092.61
1092.61
1074.13
1092.66
1023.37
1092.63
1092.64
1073.81
1092.6
1078.69
1019.46
1019.03
1090.68
1080.19
929.067
889.542
1018.88
1051.46
975.058
895.799
1009.98
902.316
1034.16
903.725
1028.48
1082.16
1071.07
903.17
1070.28
1040
1078.62
1031.87
1078.93
1092.31
1074
1074.1
1073.91
1079.29
1073.78
1079.94
1074.1
1092.62
1092.59
1086.78
1091.67
1088.64
1057.49
1073.82
1093.24
1073.95
1092.62
1073.98
1074
1074
1073.91
1085.22
1065.43
1068.55
1073.96
1073.9
1074.1
1092.51
1092.71
955.854
1079.4
916.342
1092.67
1073.92
1092.73
1092.01
929.367
1060.34
902.315
1070.15
1091.39
1089.82
955.217
1092.63
1092.71
1092.63
1073.72
905.879
945.602
995.445
1090.2
1090.43
1090.28
1079.51
1090.27
1091.21
1082.93
1079.22
1079.39
923.174
931.94
1071.14
936.464
1082.39
1090.53
1089.76
989.992
1079.4
1083.67
1079.75
1063.87
1079.66
1079.78
1090.34
1079.43
1090.21
1079.5
1079.4
1090.19
1090.26
1079.93
1090.07
1090.23
944.985
1080.39
1004
1086.96
1083.43
1083.58
1037.06
1048.65
1083.89
976.736
961.932
1089.27
1090.21
1089.36
1036.37
915.164
1045.79
1062.8
999.327
985.551
1062.04
934.694
1077.62
1012.37
1006.78
1075.61
1073.67
1077.01
936.115
1020.04
1017.28
1023.69
938.04
1087.81
940.38
1090.65
1089.16
1082.96
1079.1
1089.58
1089.13
1079.6
1079.78
1079.21
1080.05
1085.07
1079.27
1079.45
1080.5
1092.63
1073.97
1073.93
1082.89
1090.28
1067.08
1079.61
1074.02
1079.62
1059.42
948.427
1092.69
1089.46
1090.26
972.281
1079.44
1006.53
1092.64
1075.5
1072.03
1090.12
1090.24
1090.33
1079.2
945.485
1077.52
910.675
1019.61
1019.17
1090.3
1030.42
1079.48
1079.39
1090.27
1035.1
1047.77
1065.48
1050.52
957.697
1061.67
979.779
1070.01
983.195
961.715
1075.03
964.836
993.837
996.606
1085.7
1077.75
1079.77
1088.48
1081.82
1080.95
979.734
1087.17
1084.22
1090.48
1084.27
1087.23
993.811
1090.13
1084.02
1088.01
1087.42
1083.86
1084.2
1087.48
1074.27
1050.46
1083.9
1084.34
1087.25
1083.78
1087.36
1084.62
1079.53
1048.25
1079.9
1044.3
993.581
928.349
1076.06
933.585
1009.75
1083.48
1081.29
936.51
1000.23
1086.76
1090.4
1079.22
1058.47
1090.21
1090.06
1041.01
1090.24
1079.45
1079.53
1079.47
1079.89
1090.57
1069.35
1077.59
1079.5
1079.49
1090.28
1079.35
1079.34
1090.26
1079.11
970.391
1090.51
984.273
1079.41
1090.36
1090.52
1007.62
1090.04
984.732
1090.28
1082.97
1088.26
1085.24
1035.79
926.079
937.981
1084.81
990.13
972.506
1085.75
1083.28
1083.46
1087.1
1079.8
1076.7
1008.55
1083.63
1087.49
946.768
1030.77
1084.05
1070.51
1016.72
1087.41
1083.8
1087.37
1084.12
1083.86
1083.63
1087.38
1087.36
1087.47
1083.61
1083.98
974.722
1057.81
987.939
965.869
1084.64
1001.47
1077.91
1073.96
1087.28
1090.41
1087.28
1087.21
1019.34
1040.57
1090.27
1083.82
1088.06
1049.31
967.508
1088.08
1059.98
953.19
1068.05
957.384
959.911
1073.91
985.743
1078.04
963.294
1080.96
992.045
1087.35
967.074
969.335
975.913
1086.39
1086.36
1072.44
1087.03
1087.7
1026.43
1014.51
1087.76
1083.66
1087.55
1090.33
1084.64
1024.29
1083.17
1023.67
1087.52
1047
1087.61
1084.09
1043.79
1083.83
1087.84
1083.91
1084.61
1083.79
1083.65
1087.49
1087.42
1083.85
1087.27
1087.4
1083.84
1084
1087.92
1087.21
1083.78
1087.28
1083.77
1048.1
1083.75
1039.83
1087.35
1083.09
1067.19
1083.79
1087.42
1087.71
1054.89
1087.36
1022.25
1087.38
1053.96
1065.97
1087.36
1087.48
1083.89
1087.66
1083.67
1083.57
1061.32
1060.42
