599.656
693.253
515.658
494.124
896.655
864.175
823.637
598.987
596.989
593.67
589.047
583.142
575.98
567.594
558.032
547.319
535.525
522.718
508.876
509.696
523.993
538.876
550.361
564.254
574.264
586.799
595.371
605.323
612.733
621.194
627.186
634.423
639.13
644.915
648.401
653.099
656.397
659.536
662.921
664.837
667.665
668.693
671.727
672.175
675.313
675.438
677.949
677.624
679.91
680.673
681.708
683.729
683.765
685.642
684.981
687.878
686.932
690.491
689.429
692.201
690.533
693.233
693.634
694.472
697.098
696.377
698.61
696.742
700.782
698.663
703.881
701.621
705.342
701.742
705.496
705.573
706.271
710.191
708.256
710.801
707.289
711.446
710.98
711.978
714.561
715.761
710.026
714.486
713.837
713.766
719.788
715.098
717.098
709.21
714.115
710.898
719.946
708.782
715.859
699.254
701.134
703.535
687.408
703.562
688.888
685.322
664.299
664.359
654.689
662.253
637.082
636.003
598.208
589.819
569.622
581.824
557.826
533.959
528.775
548.67
573.545
594.04
613.614
632.371
649.289
663.692
675.009
683.362
688.986
692.207
724.211
753.136
780.097
804.915
827.684
848.363
867.038
883.764
898.635
911.746
923.206
933.122
941.609
948.779
954.747
959.625
963.522
966.543
968.788
970.35
971.317
971.767
971.775
971.413
970.741
969.806
968.648
967.301
965.801
964.177
962.455
960.654
958.791
956.881
954.934
952.961
950.969
948.964
946.953
944.94
942.929
940.923
938.924
936.935
934.957
932.986
931.021
929.078
927.181
925.327
923.487
921.635
919.78
917.935
916.108
914.297
912.499
910.712
908.934
907.164
905.4
903.639
901.88
900.116
898.344
896.556
894.745
892.902
891.018
889.078
887.066
884.963
882.74
880.368
877.815
875.052
872.044
868.75
865.113
861.074
856.571
851.54
845.914
839.623
832.594
824.755
816.033
806.358
795.662
783.884
770.967
756.866
741.544
724.972
707.151
688.048
667.744
646.168
623.501
717.49
677.027
711.21
955.044
931.082
957.527
881.9
653.925
721.276
949.184
937.227
607.706
896.856
712.104
746.053
733.459
838.313
661.351
805.133
903.882
755.765
750.261
891.435
742.075
739.051
910.949
597.312
657.978
803.167
688.183
703.415
725.523
728.058
696.228
969.715
966.684
929.363
969.386
962.266
731.521
925.55
746.904
749.473
740.446
881.313
859.708
873.64
733.394
921.897
606.354
686.95
594.207
611.328
712.698
555.928
566.646
918.191
734.252
628.736
712.807
964.448
749.33
945.199
706.553
887.624
565.462
722.776
569.486
644.886
616.317
620.001
525.478
751.431
571.828
583.94
645.699
723.913
825.955
900.377
744.303
741.808
867.359
740.277
850.2
715.956
823.484
686.711
782.716
907.401
738.72
738.356
914.54
895.075
744.103
748.305
715.45
885.62
878.949
748.547
638.334
718.908
680.674
946.697
659.763
958.781
666.468
846.608
909.779
709.248
966.699
699.083
953.115
943.201
941.205
690.844
935.25
724.298
933.281
968.733
968.271
965.354
726.313
700.31
691.631
638.217
578.074
549.465
622.418
540.246
714.721
960.466
949.569
685.151
751.415
932.158
754.305
938.006
892.412
660.861
776.449
735.289
723.573
960.807
963.366
781.082
877.015
682.617
798.268
588.047
597.139
632.601
706.938
557.042
580.879
778.296
666.567
627.259
706.073
820.929
597.748
541.539
650.791
740.467
865.231
701.408
794.464
831.303
720.697
855.217
745.011
870.641
746.357
844.588
898.622
714.181
742.618
735.089
863.736
814.784
744.936
670.807
745.547
769.832
893.271
751.504
876.4
745.63
883.524
902.129
923.731
731.141
744.958
909.171
739.46
734.375
916.355
920.048
731.839
737.56
912.739
714.461
717.46
905.638
740.596
645.872
748.473
719.585
889.557
619.456
927.433
729.174
712.288
721.094
921.198
939.545
952.654
896.715
956.937
961.423
709.607
951.159
693.956
960.563
969.251
684.809
947.195
939.213
705.846
671.276
967.822
931.32
702.938
724.033
969.737
963.871
726.314
725.694
930.216
676.274
605.023
588.308
617.037
703.784
554.11
718.967
615.799
589.121
638.094
642.279
924.974
951.261
876.39
739.097
956.567
678.759
737.236
746.553
851.17
827.436
728.383
757.097
923.794
770.158
790.878
897.632
773.045
778.598
904.558
885.186
767.492
732.233
758.119
924.417
759.542
920.835
779.462
866.475
762.085
917.007
911.63
790.499
748.787
718.192
702.903
652.959
650.054
616.342
841.432
894.165
775.671
770.161
765.989
669.866
744.142
718.216
959.531
755.698
751.633
962.757
963.603
934.104
661.481
585.074
663.635
573.587
773.658
740.389
603.23
611.635
617.602
629.81
752.456
766.43
692.801
707.04
761.169
855.634
774.296
869.417
778.932
811.044
834.392
781.652
735.639
879.208
778.363
778.254
906.307
888.861
890.648
859.644
776.859
779.766
874.654
915.143
901.087
840.62
764.328
765.705
772.493
742.922
677.551
908.071
747.474
651.488
743.094
903.936
940.466
742.063
962.066
947.691
943.858
736.092
728.149
928.251
701.967
953.199
939.962
750.184
691.309
958.195
720.998
710.95
951.411
961.889
753.283
963.677
733.562
936.053
625.829
701.887
639.406
607.993
571.771
747.204
635.558
708.932
682.528
773.329
739.324
947.905
768.951
940.65
714.477
757.07
776.896
929.453
781.823
731.802
885.092
827.915
844.517
787.939
803.269
806.183
896.931
706.067
760.969
953.427
950.884
953.784
808.892
859.91
810.95
869.642
790.39
906.347
615.4
780.646
881.286
730.967
745.89
925.683
588.693
766.512
664.077
720.679
620.781
632.009
859.902
683.808
812.725
640.846
746.915
724.079
779.219
719.179
700.144
895.907
774.486
779.308
883.272
883.323
806.948
819.678
801.466
768.539
765.808
918.833
761.106
913.393
902.821
771.849
848.969
805.699
792.432
766.203
872.126
778.647
900.341
899.362
772.767
764.981
744.995
909.846
777.353
846.194
768.218
750.556
863.255
779.105
887.045
950.209
915.212
946.397
778.175
751.417
941.915
921.915
954.923
740.504
963.083
891.057
955.159
922.663
729.858
758.876
933.357
945.787
737.9
749.431
697.278
958.111
926.235
757.254
779.703
952.973
944.095
757.483
731.024
743.108
636.87
684.023
635.975
659.016
645.618
867.487
795.407
914.883
912.385
890.335
803.359
809.299
876.081
724.076
736.251
933.979
771.534
875.098
835.54
786.801
833.342
935.119
801.757
793.926
798.128
816.829
930.19
832.043
785.075
914.713
727.853
654.977
635.994
944.53
747.49
856.667
808.24
905.495
902.081
772.084
720.532
931.34
775.527
920.015
782.676
951.853
947.206
949.906
753.661
801.207
655.469
691.972
678.81
715.297
605.382
832.868
661.057
648.598
736.825
760.772
691.694
784.954
672.25
894.541
707.536
804.882
886.886
805.081
852.973
807.39
809.599
893.675
821.062
797.18
895.314
910.984
789.271
906.594
795.463
799.284
862.578
867.088
809.665
811.095
881.551
879.765
807.961
802.175
834.07
839.602
898.62
796.089
799.737
774.851
782.198
791.191
872.02
810.358
938.848
780.699
762.769
765.321
940.979
942.438
767.45
953.819
951.767
759.322
770.498
917.229
786.643
726.154
802.852
774.592
735.421
944.882
742.698
952.9
755.829
945.702
927.577
726.094
626.757
660.446
672.233
602.787
756.483
691.108
776.915
728.358
747.209
797.524
939.24
932.028
917.88
784.612
871.419
806.284
819.625
812.416
793.907
761.567
928.937
843.903
835.391
823.686
829.56
836.763
823.938
891.455
885.217
781.379
937.25
809.654
906.434
815.065
895.473
837.392
853.638
838.974
859.435
895.675
718.828
707.825
820.74
877.079
832.136
940.613
914.24
768.55
705.177
748.259
690.582
632.889
765.698
673.898
851.146
666.276
651.567
739.119
776.658
711.565
773.449
882.015
765.011
751.555
905.464
787.218
795.693
810.73
813.429
735.441
819.124
830.643
825.94
821.774
840.068
833.935
874.132
888.152
892.048
914.287
788.14
873.233
903.813
829.256
808.956
792.532
888.659
804.129
800.511
877.952
796.258
800.726
809.819
864.677
834.399
810.553
816.326
766.319
936.306
936.143
803.899
937.012
774.235
910.652
948.641
792.007
923.126
764.013
933.236
757.228
917.939
783.58
931.041
938.197
938.001
934.571
776.948
697.676
664.321
644.528
680.7
619.563
779.796
788.537
777.443
803.782
901.252
916.428
923.317
868.024
666.081
869.865
767.33
746.308
801.956
843.843
780.871
814.489
919.616
791.769
857.95
922.559
880.709
898.483
698.665
824.693
862.816
858.013
765.626
804.978
835.969
818.414
893.112
901.837
813.391
883.897
790.497
919.656
908.971
807.128
936.892
822.4
748.018
786.248
926.731
839.305
672.327
649.817
700.141
838.855
714.566
679.249
753.016
701.781
744.1
720.267
796.592
892.414
813.749
741.664
803.613
825.197
848.57
829.268
852.284
879.008
830.766
835.229
821.708
859.754
822.511
862.267
817.402
886.66
894.674
860.676
892.769
869.722
847.096
836.337
907.049
811.419
889.858
820.634
838.352
828.285
825.56
866.328
852.929
853.789
837.272
838.301
839.264
939.07
927.181
786.087
824.587
779.368
933.377
805.076
930.671
934.821
782.947
795.665
752.346
799.004
927.296
917.436
794.666
916.131
907.581
935.849
808.08
765.176
682.103
805.237
921.995
917.717
903.996
854.249
919.397
896.738
857.212
831.106
827.67
695.051
718.919
827.762
760.175
867.631
915.234
867.281
809.948
863.214
841.376
860.247
848.013
864.575
840.431
873.184
861.606
883.179
843.482
848.546
879.965
877.145
836.821
921.403
900.334
688.819
876.539
812.105
898.939
848.595
880.794
833.574
841.631
842.426
802.518
798.031
917.294
888.326
881.796
805.224
681.1
761.439
855.381
756.254
729.7
791.378
738.032
882.161
794.756
777.391
830.208
822.224
837.305
753.631
814.295
808.454
819.84
771.164
909.355
776.225
922.557
911.092
872.053
855.296
914.722
865.188
855.964
859.286
844.956
840.119
858.847
860.947
852.738
855.915
882.428
826.939
837.688
864.477
874.299
853.88
860.66
839.057
841.216
812.063
788.499
925.319
918.983
897.054
787.402
825.554
789.348
921.476
819.025
816.804
922.515
921.429
895.759
828.257
784.757
820.715
661.79
725.215
768.408
909.072
808.787
850.29
862.146
905.573
766.718
784.34
815.358
823.268
704.577
840.059
745.619
854.712
756.496
753.163
837.313
769.385
796.04
801.834
892.828
845.636
853.582
906.476
837.593
846.189
801.857
902.91
879.233
913.395
880.896
904.803
812.352
869.18
876.842
910.028
857.25
874.629
881.803
905.605
842.913
810.336
843.184
860.667
882.669
846.287
881.625
857.434
864.292
841.073
866.1
837.659
743.726
707.467
866.759
728.885
786.563
885.118
861.025
765.733
807.279
896.271
872.19
846.361
845.401
881.682
883.537
836.575
878.601
851.484
842.233
863.152
865.993
891.343
850.669
854.547
833.675
861.028
875.741
844.163
862.249
920.483
829.252
801.111
895.014
803.524
826.517
918.64
916.737
806.833
921.585
806.209
902.329
839.478
878.099
851.245
787.212
678.272
693.766
861.32
782.939
792.776
888.108
875.543
878.383
901.264
835.134
832.503
816.659
882.506
859.313
708.112
822.613
882.247
842.096
820.759
888.301
872.951
902.268
861.146
844.048
849.987
904.226
886.472
880.595
846.975
853.041
733.254
800.691
774.932
776.006
881.713
815.861
844.365
852.871
905.493
911.317
884.439
904.127
807.946
809.297
907.256
845.127
909.532
805.095
719.558
873.754
821.763
721.378
836.392
733.233
743.689
848.382
766.135
858.105
761.618
866.558
789.91
900.274
781.886
787.479
797.522
892.749
853.497
830.087
855.444
897.473
828.613
821.355
899.264
883.742
895.141
870.809
890.356
827.543
882.84
826.932
858.398
835.621
901.233
886.853
835.777
871.723
879.078
882.629
890.09
882.991
864.988
869.404
860.233
870.387
866.859
861.484
884.916
862.127
877.871
865.027
864.117
863.837
868.522
825.648
883.667
824.258
903.15
874.468
828.296
885.319
892.915
900.433
826.353
891.104
821.155
889.668
837.615
840.986
862.745
901.762
863.13
879.872
866.552
848.252
827.171
839.484
