582.712
663.475
514.319
483.264
875.065
845.285
804.537
582.088
580.208
577.084
572.729
567.165
560.415
552.515
543.492
533.399
522.277
510.148
497.136
497.74
511.986
524.576
538.325
549.053
561.27
570.355
580.952
589.248
598.12
605.033
612.562
618.109
624.434
629.019
634.36
638.044
642.004
645.407
648.072
651.227
653.278
656.199
657.379
660.093
660.667
663.148
663.742
666.181
666.686
668.18
669.387
669.88
671.659
672.106
674.284
673.991
676.369
675.599
678.033
677.731
680.487
680.261
681.651
682.711
682.605
684.718
684.76
687.622
686.477
689.599
687.678
690.901
689.874
693.805
692.815
694.361
695.427
694.424
697.179
696.793
700.384
698.982
700.602
701.155
700.782
700.902
705.312
703.184
704.294
704.882
701.518
704.699
702.872
707.316
703.074
704.516
697.124
702.358
694.648
701.213
695.733
689.044
693.299
676.626
678.399
669.937
671.589
658.502
652.241
632.767
632.234
613.1
614.771
594.902
585.622
556.396
546.552
531.976
533.041
549.273
564.702
581.723
597.144
611.33
624.39
635.887
645.627
653.35
658.952
662.342
692.108
719.181
744.521
768.157
789.993
810.067
828.372
844.957
859.872
873.188
884.983
895.346
904.367
912.143
918.771
924.346
928.964
932.717
935.693
937.976
939.644
940.769
941.423
941.671
941.574
941.178
940.522
939.644
938.58
937.362
936.017
934.567
933.032
931.427
929.766
928.061
926.321
924.555
922.768
920.968
919.159
917.345
915.529
913.714
911.903
910.091
908.278
906.48
904.721
902.997
901.281
899.55
897.812
896.08
894.362
892.655
890.956
889.264
887.577
885.892
884.207
882.519
880.824
879.116
877.389
875.635
873.844
872.007
870.11
868.139
866.077
863.9
861.581
859.088
856.39
853.457
850.256
846.746
842.874
838.585
833.822
828.528
822.642
816.104
808.851
800.821
791.953
782.189
771.475
759.76
747.001
733.164
718.219
702.156
684.955
666.65
647.212
626.738
605.19
704.501
659.99
697.06
929.754
893.52
922.497
843.212
636.556
709.106
924.684
913.954
592.821
875.973
691.223
732.215
715.448
814.857
658.726
781.027
882.766
732.122
732.799
870.607
729.394
724.914
889.49
580.496
635.426
766.405
672.547
690.34
711.462
714.93
681.609
938.955
938.765
906.729
939.872
935.639
716.148
903.192
737.351
734.668
732.105
860.217
837.282
852.108
718.315
899.787
600.803
665.613
586.14
593.706
680.492
542.643
551.61
896.315
721.128
612.562
700.043
930.872
735.13
921.153
693.486
866.752
571.299
690.605
568.831
625.532
598.408
601.881
512.75
717.438
555.182
569.166
626.974
701.155
788.285
879.395
730.91
736.273
845.418
723.975
827.25
710.082
799.612
678.499
758.653
886.123
728.37
721.924
892.881
874.224
734.724
736.163
702.137
864.696
857.732
736.499
620.961
707.126
665.022
910.3
643.988
932.87
649.601
808.366
871.395
693.957
933.853
683.512
928.105
919.363
917.564
676.112
912.148
708.717
910.341
939.788
936.143
937.898
712.655
686.29
661.856
620.02
562.348
550.913
604.161
526.758
698.145
928.362
924.761
666.943
736.409
909.244
740.195
914.563
871.74
643.356
763.057
719.866
707.617
933.504
934.526
766.637
856.11
658.536
761.57
573.342
580.512
613.956
689.826
542.844
590.699
742.695
646.097
614.406
683.937
783.403
580.275
527.628
646.488
717.201
826.652
684.843
770.339
807.622
716.483
832.531
724.996
848.916
734.97
821.379
877.694
701.614
732.871
722.012
841.559
790.766
731.792
671.88
735.022
745.926
872.439
734.03
855.038
738.296
862.526
881.084
901.498
718.328
728.88
887.805
726.221
723.051
894.59
898.057
721.262
724.356
891.182
700.813
702.565
884.444
728.584
629.616
735.179
704.746
868.716
602.44
904.941
716.081
698.381
707.272
883.172
902.531
916.923
858.102
931.347
927.116
696.048
926.412
678.77
934.307
937.82
668.859
922.928
915.76
691.308
655.653
939.407
908.536
687.623
710.783
939.617
936.845
714.429
710.389
907.463
649.458
587.765
572.012
603.684
672.283
539.699
686.67
606.253
588.2
619.131
623.075
888.079
916.98
838.115
724.555
930.496
670.432
714.146
731.968
828.67
803.943
715.346
742.284
901.461
760.135
766.938
876.809
760.721
766.226
883.435
864.544
753.793
716.32
743.261
902.105
746.159
898.77
765.1
844.937
748.283
895.19
890.132
754.17
731.791
686.881
680.94
633.252
640.944
600.371
803.422
873.452
762.044
755.71
751.142
651.854
729.583
701.495
932.672
741.124
738.257
934.465
933.55
911.022
642.366
569.147
643.328
557.887
738.047
706.499
586.766
605.25
599.815
611.815
728.992
742.706
682.657
693.502
748.632
833.395
760.859
848.072
766.816
787.214
811.123
766.077
724.703
858.402
764.233
763.052
885.097
868.234
870.004
837.655
762.417
767.401
853.626
893.44
880.125
817.597
748.546
752.422
757.675
731.543
660.034
886.768
733.396
633.649
728.244
866.115
904.794
726.811
930.67
923.148
919.794
721.935
712.471
905.653
685.265
927.806
916.323
735.425
673.767
925.367
704.763
694.29
926.321
934.109
738.947
934.25
718.397
912.795
607.573
673.623
624.907
590.761
556.543
713.14
617.165
693.904
663.448
757.684
721.738
916.315
753.487
916.611
695.842
742.078
761.57
906.646
766.172
709.004
864.762
804.956
822.328
771.197
786.927
790.948
876.203
680.612
745.084
924.555
924.601
926.014
794.357
838.668
795.954
849.059
774.887
885.156
597.801
766.473
860.557
712.859
728.812
903.199
572.766
731.155
657.487
698.097
603.116
623.62
821.647
662.644
775.685
623.435
723.746
707.59
755.34
704.609
681.126
875.143
761.267
766.694
862.596
863.019
792.094
795.994
777.546
754.949
753.238
896.899
746.923
891.793
881.781
756.3
827.04
789.615
776.346
750.613
850.951
767.867
879.453
878.472
759.166
750.074
731.073
888.448
766.232
823.432
756.556
736.921
841.501
763.253
866.418
919.326
877.807
911.407
762.747
734.459
918.069
899.726
929.204
725.76
932.374
852.937
921.603
900.474
714.837
744.63
897.045
921.49
723.045
733.931
679.518
931.661
903.79
741.887
763.663
925.733
919.529
741.56
697.912
710.479
618.071
663.484
626.439
638.967
626.328
830.048
771.795
879.163
890.821
869.868
787.578
794.037
855.727
701.685
717.241
904.07
753.721
855.229
813.775
767.025
816.912
911.753
785.196
778.566
783.129
797.877
895.757
813.972
769.777
893.019
701.428
635.418
617.964
917.785
732.041
835.219
793.304
884.342
881.106
756.202
702.132
908.358
760.45
897.965
767.347
921.659
922.031
924.014
737.072
765.279
645.335
678.924
657.923
693.004
587.992
795.465
642.449
630.575
720.435
737.347
672.754
761.32
653.423
857.747
688.952
781.361
866.519
789.959
831.298
791.619
794.721
873.085
797.879
781.713
874.657
889.521
773.643
885.382
779.372
784.532
841.525
846.378
794.858
795.618
861.259
859.469
792.763
786.598
811.358
817.15
877.814
780.86
784.221
758.118
765.003
776.402
851.533
795.945
915.048
764.993
746.503
749.473
907.948
918.142
752.126
925.529
925.047
743.323
754.812
895.38
770.974
707.584
786.382
758.945
717.49
912.571
725.506
923.376
739.323
920.842
904.935
696.5
608.55
645.456
651.714
585.91
722.007
671.364
753.698
708.464
728.107
781.081
911.974
908.523
895.906
767.717
851.583
789.809
803.16
789.658
777.517
742.973
905.878
822.639
818.17
806.3
813.129
820.151
807.313
871.045
865.064
764.093
912.334
793.167
885.25
798.531
874.914
820.182
832.677
822.486
839.298
875.075
700.897
685.934
784.558
857.169
815.547
914.607
892.544
750.435
683.699
717.799
669.29
614.442
732.267
662.964
813.614
646.925
632.995
716.359
756.8
691.667
749.872
844.828
745.177
731.955
869.166
764.027
776.071
791.617
790.055
715.763
796.591
808.616
807.125
802.922
818.556
816.328
853.721
867.885
871.521
892.624
772.222
853.388
882.749
810.703
793.11
777.424
868.244
788.749
783.847
857.636
780.589
785.634
795.441
843.809
818.004
795.183
799.721
750.733
907.075
902.399
787.609
913.434
756.68
889.205
923.12
775.512
888.032
748.112
910.068
738.471
896.033
768.52
900.426
911.759
909.425
910.566
759.508
675.996
644.248
625.615
664.893
602.315
744.456
771.951
753.651
779.944
867.254
883.732
900.865
848.148
646.386
834.137
744.616
725.724
779.717
821.824
761.509
797.177
892.358
773.06
839.968
897.085
860.704
877.816
677.264
803.431
843.498
837.516
742.46
782.027
819.614
801.837
872.627
880.919
796.988
863.788
773.895
897.535
887.633
790.554
912.272
805.068
720.845
752.275
901.975
821.674
652.033
630.669
683.371
802.633
692.671
659.664
729.998
681.976
721.064
700.416
773.493
857.751
790.211
722.204
784.253
802.912
826.893
808.243
830.971
859.049
814.201
818.889
805.244
839.683
805.975
842.21
800.659
866.452
874.118
841.388
872.342
849.874
826.136
819.21
885.825
795.024
869.517
804.327
821.823
811.916
808.976
846.406
832.291
833.62
820.586
821.106
822.605
911.134
904.331
769.458
807.18
762.078
909.629
788.667
907.384
909.806
765.883
779.32
733.382
782.511
895.967
889.528
776.161
894.294
886.329
911.546
791.497
746.777
661.277
787.532
898.563
895.419
882.981
836.483
896.739
876.134
837.91
813.667
810.298
674.664
698.15
800.338
739.889
842.65
893.276
847.864
790.537
843.98
823.185
842.18
828.377
846.027
822.845
853.614
843.515
863.254
825.833
830.836
860.167
857.45
819.225
894.742
879.556
667.946
844.033
791.395
873.24
829.897
857.939
812.762
821.21
824.242
784.576
779.712
893.818
868.177
861.987
771.031
661.063
737.942
819.318
733.582
707.431
767.503
717.316
846.896
772.32
754.709
807.514
799.121
815
733.17
792.532
786.443
798.322
751.323
876.006
756.618
890.521
881.806
847.63
834.392
886.123
845.819
838.123
841.238
827.397
822.502
839.563
841.22
834.986
836.567
862.367
810.494
821.025
844.494
854.7
833.397
842.62
822.078
823.585
794.8
769.592
902.67
894.385
876.467
770.77
808.121
772.743
899.196
801.689
799.467
896.435
898.264
875.239
810.914
765.644
803.377
642.142
702.862
737.342
887.676
791.386
832.511
843.953
884.447
739.118
756.507
787.603
789.045
683.22
805.993
723.51
820.982
734.354
731.707
810.464
748.177
774.62
780.653
861.681
819.354
827.772
876.509
819.469
827.524
781.991
878.327
859.906
891.625
861.455
881.178
793.183
849.714
857.662
886.745
838.36
855.572
862.295
883.68
824.218
793.092
825.003
842.039
862.966
828.056
861.961
838.855
845.252
820.965
847.162
817.964
721.197
686.838
833.563
708.117
763.976
853.308
835.631
745.64
786.329
869.934
852.642
828.76
825.71
861.815
863.607
815.918
858.853
833.708
824.591
844.799
847.222
871.036
831.116
835.138
816.158
843.01
856.094
826.587
842.775
897.584
811.883
782.945
874.524
785.725
809.132
896.165
894.599
789.189
898.012
786.571
881.424
821.324
858.509
832.492
755.859
658.038
673.018
842.614
761.084
772.455
860.509
851.676
855.045
876.135
817.068
814.494
796.175
860.102
840.396
687.015
804.236
862.701
823.335
802.022
868.319
853.97
881.054
842.539
825.86
831.71
882.598
866.586
860.971
828.754
834.649
711.28
772.819
752.93
755.008
853.591
796.827
825.699
833.392
882.142
889.735
864.655
880.039
790.435
792.008
886.004
826.913
887.054
773.643
697.833
854.346
790.402
700.046
805.325
711.774
722.194
817.838
744.032
828.229
740.252
837.341
768.253
869.696
761.128
766.94
777.425
865.767
834.696
812.109
836.598
876.884
808.472
801.075
878.526
861.757
874.724
851.298
868.716
807.83
862.197
807.452
839.488
816.508
880.256
866.535
816.451
852.789
859.49
863.034
869.326
863.325
846.309
850.195
841.303
851.506
847.751
842.524
864.899
843.497
858.319
845.979
845.441
844.818
849.721
807.443
863.866
805.983
881.755
845.819
810.304
863.66
872.649
879.571
808.234
870.956
802.64
869.608
818.613
822.154
843.751
880.675
844.477
860.266
847.827
830.018
809.124
820.571
