715.373
784.095
831.802
568.754
1065.29
979.002
925.062
714.451
711.653
706.994
700.502
692.216
682.192
670.475
657.125
642.269
625.756
608.195
589.028
589.117
610.54
623.074
650.201
655.616
676.391
674.987
691.961
695.898
708.492
708.889
718.496
715.538
723.557
722.036
731.531
728.763
731.365
732.718
728.548
733.671
732.021
740.511
733.143
741.029
729.831
737.41
731.717
745.739
738.555
740.632
741.073
730.763
737.899
735.736
750.351
736.805
748.366
726.267
735.092
726.129
752.692
739.313
741.706
739.592
711.914
718.276
718.712
750.464
729.915
742.163
678.948
665.612
654.765
734.205
732.12
714.735
624.195
463.539
456.017
511.808
425.814
453.797
476.808
852.262
968.97
998.713
1008.91
1012.48
1013.77
1014.22
1014.34
1014.32
1014.22
1014.04
1013.79
1013.43
1012.95
1012.31
1011.45
1010.33
1008.88
1007.03
1004.67
1001.72
998.05
993.552
988.091
981.533
973.743
964.592
953.966
941.782
927.997
912.641
895.851
877.865
859.688
843.161
833.959
824.726
798.157
793.893
792.232
788.679
787.633
786.275
785.415
784.814
784.409
784.175
821.525
856.938
888.362
917.147
942.594
965.104
984.775
1001.8
1016.39
1028.78
1039.21
1047.89
1055.06
1060.92
1065.66
1069.45
1072.47
1074.83
1076.67
1078.08
1079.15
1079.96
1080.56
1081
1081.33
1081.56
1081.73
1081.85
1081.93
1081.98
1082.01
1082.02
1082.02
1081.99
1081.95
1081.88
1081.76
1081.6
1081.37
1081.05
1080.63
1080.08
1079.39
1078.52
1077.47
1076.2
1074.72
1073.02
1071.16
1069.13
1066.93
1064.53
1061.97
1059.29
1056.53
1053.7
1050.82
1047.92
1045
1042.07
1039.16
1036.25
1033.36
1030.5
1027.66
1024.85
1022.07
1019.33
1016.62
1013.95
1011.32
1008.73
1006.17
1003.64
1001.11
998.595
996.079
993.538
990.93
988.201
985.286
982.109
978.579
974.586
970
964.673
958.441
951.123
942.528
932.456
920.708
907.088
891.417
873.524
853.284
830.662
805.311
777.983
747.346
771.521
758.312
771.449
1081.57
1047.58
1069.08
1001.6
746.952
776.403
1081.29
1078.53
713.278
1025.36
998.159
917.12
1015.05
972.763
963.333
949.423
1036.79
905.554
1019.78
1017.1
640.672
711.562
1048.49
710.59
825.098
916.871
765.941
775.356
766.107
771.496
768.552
1079.56
1081.33
1073.31
1080.6
1081.57
749.922
1069.45
1024.89
1024.34
1021.96
1004.08
986.277
996.564
754.672
1065.01
903.511
829.159
837.397
730.22
821.27
652.677
667.928
1059.83
742.742
729.589
779.232
1074.44
1024.37
1080.82
774.486
1011.77
865.02
821.244
842.348
776.245
737.233
742.419
610.382
856.495
662.934
682.39
936.746
872.056
942.412
1031.03
766.665
1023.49
991.561
1019.35
980.234
1008.31
962.908
983.526
930.833
1042.63
624.198
716.66
1054.26
1022.58
984.261
1024.8
773.986
1009.17
1001.57
1024.78
734.964
781.643
762.534
1060.57
755.019
1081.61
756.78
964.948
1028.52
768.212
1076.28
766.469
1081.52
1080.45
1079.96
769.603
1077.54
764.51
1076.36
1080.93
1077.68
1081.44
772.533
769.363
822.671
826.829
683.732
846.455
745.816
631.684
798.298
1075.1
1080.31
782.834
811.281
1075.81
806.627
1078.58
1018.51
768.05
985.286
806.334
802.469
1080.11
1079.4
1034.8
997.798
858.726
916.422
696.777
709.593
759.087
796.223
654.325
884.594
887.912
803.702
920.929
851.802
942.046
693.383
631.79
950.869
889.919
984.605
991.472
940.865
968.205
1012.04
983.386
1020.83
994.072
1023.98
976.73
1028.18
1003.73
1022.83
1017.46
988.982
956.707
846.726
974.185
1010.63
919.128
1019.82
1024.6
999.062
1024.91
1006.61
1033.9
1067.33
751.92
710.522
1045.56
675.095
727.912
1057.07
1062.5
760.227
722.615
1051.39
777.726
769.218
1039.71
608.988
743.165
1023.14
772.031
1014.42
720.616
1071.46
759.767
774.535
779.538
1038.91
1054.72
1065.29
1016.16
1081.6
1072.09
771.328
1081.43
769.278
1081.6
1078.76
763.53
1081.1
1079.33
774.089
760.359
1081.16
1074.95
768.923
765.569
1080.16
1081.52
777.777
804.136
1074.45
823.774
721.38
698.012
831.743
821.891
650.319
821.11
863.842
866.081
766.773
772.612
1046.63
1067.96
1001.08
808.495
1080.35
958.73
885.435
810.312
977.716
962.843
1000.59
1021.67
1070.77
1030.65
935.893
1026.88
863.146
1033.37
1038.47
1007.84
763.906
803.254
808.736
1068.9
798.556
1064.32
1033.86
988.131
794.677
1058.95
1050.33
916.165
832.925
857.357
847.436
784.777
927.395
727.8
964.587
1021.27
951.077
758.202
786.619
774.202
810.843
798.746
1080.23
806.138
811.723
1079.72
1078.37
1076.94
860.042
692.944
799.639
674.335
887.459
856.212
712.803
888.254
738.112
737.225
900.955
914.401
971.631
982.827
1024.75
980.543
1031.81
990.516
1034.22
951.527
967.319
1034.84
1007.45
1000.25
1024.19
1009.2
1041.43
1013.1
1015.78
983.193
1032.7
1034.69
995.339
1056.05
1032.62
971.207
796.482
1027.2
781.82
1013.15
779.762
1044.4
809.432
759.299
809.056
1027.77
1059.51
807.483
1076.5
1080.22
1079.86
809.011
804.252
1072.82
794.881
1080.38
1079.14
810.183
787.212
1073.28
800.409
797.772
1080.36
1079.95
808.546
1078.96
804.784
1077.86
749.604
857.964
861.506
724.709
674.296
856.218
749.073
964.897
794.845
845.563
829.812
1071.33
841.907
1078.19
817.651
1008.4
845.073
1075.2
847.231
877.938
1007.25
958.349
968.413
1030.06
1039.25
1018.51
1026.62
887.903
838.44
1076.35
1078.02
1077.46
1042.46
978.801
1043.51
987.104
845.001
1044.95
732.466
1034.74
1002.75
825.639
832.056
1072.54
695.34
887.481
943.982
867.598
732.459
908.814
984.197
824.837
941.679
749.11
893.298
978.393
925.98
992.436
808.469
1024.07
910.846
1034.38
1005.27
1004.6
1029.98
957.635
944.343
759.618
774.373
1061.61
793.975
1053.21
1035.54
763.888
971.168
1040.44
1033.21
1015.45
992.911
1034.49
1032.61
1029.74
817.753
795.893
811.455
1047.37
1030.76
974.641
1029.14
1017.85
985.726
1033.36
1010.45
1073.13
1038.06
1064.2
845.749
834.036
1079.56
1068.7
1080.38
807.527
1077.56
1015.55
1070.94
1066.7
804.51
805.152
1053.71
1080.07
808.644
808.092
790.666
1080.3
1070.89
808.059
846.768
1077.7
1078.33
837.587
856.836
888.064
762.328
888.328
889.238
793.22
774.526
1000.41
935.966
1045.05
1062.64
1015.51
953.092
1042.49
994.599
867.407
969.866
1068.63
862.333
991.993
955.889
1015.36
1038.37
1077.39
880.572
840.595
854.555
1037.57
1057.73
1046.92
845.103
1059.03
914.39
784.851
755.594
1075.56
999.987
976.365
1041.97
1041.89
1035.71
844.437
820.677
1076.14
845.44
1066.34
846.126
1074.51
1078.32
1078.18
835.424
941.141
911.685
949.325
817.941
860.202
714.203
964.076
776.465
764.456
990.036
906.574
802.285
927.698
786.375
1026.66
813.84
943.003
1010.02
1001.89
973.741
1041.31
1043.19
1021.04
954.022
842.398
1023.83
1052.11
845.315
1044.15
837.524
872.811
980.832
984.493
1042.83
1043.38
1002.01
999.485
1036.98
924.212
962.115
965.454
1029.57
1035.72
1037.69
1021.31
1026.13
844.749
989.739
1043.54
1078.02
847.625
839.136
841.227
1066.09
1078.29
841.524
1077
1077.83
837.862
842.897
1060.81
845.408
822.951
881.203
845.687
827.843
1069.03
831.141
1075.56
836.563
1078.34
1074.02
888.014
748.242
889.107
808.829
715.175
887.83
811.788
916.587
840.073
850.768
877.656
1073.46
1075.54
1069.94
869.201
986.769
883.218
896.68
942.067
874.667
857.785
1075.3
961.07
1048.97
912.874
1002.45
1050.64
929.781
1019.26
1007.97
867.413
1075.09
884.314
1050.18
891.502
1030.57
1050.07
969.956
1051.32
972.424
1027.99
953.393
849.981
963.111
994.937
1029.47
1075.03
1065.5
861.011
913.929
915.177
830.489
754.081
915.855
931.603
983.595
788.013
772.935
882.659
1006.65
828.427
917.991
1014.71
996.277
984.058
1036.69
924.641
1022.58
1033.52
948.982
844.538
946.183
953.001
1043.32
1040.78
958.719
1048.08
992.201
1013.18
1018.32
1056.95
845.565
989.303
1038.82
1045.31
1040.76
843.268
1012.81
979.469
879.746
997.025
837.268
896.628
1043.45
982.344
1044.21
1043.14
892.547
841.523
1070.39
1062.38
881.991
1077.77
863.477
1059.51
1078.27
873.034
1052.02
840.401
1076.86
855.646
1063.5
845.036
1066.4
1073.89
1071.74
1075.5
864.877
840.25
797.832
770.34
913.247
736.466
916.138
871.03
988.465
1012.28
1042.93
1055.34
1073.75
982.316
792.218
1013.49
903.308
863.68
927.635
1043.97
882.9
903.079
1067.01
888.443
1051.13
1069.91
1000.53
1050.41
837.488
940.936
973.436
1053.34
907.183
937.28
1049.67
894.275
1022.45
1040.82
889.49
1005.71
871.895
1071.54
1056.13
882.868
1075.35
911.644
937.519
939.993
1071.86
934.876
805.283
773.95
934.562
982.495
854.544
800.827
895.921
820.834
956.129
834.642
931.518
1034.86
1021.25
847.93
1028.56
949.804
1047.2
943.854
1049.71
997.874
1017.26
1047.74
906.632
1054.5
915.614
975.598
893.13
1010.5
1025.59
970.494
1024.55
984.495
962.571
1049.56
1048.87
886.672
1016.27
900.447
1051.29
985.281
947.692
980.252
967.257
965.721
1051.04
1050.52
1051.21
1072.76
1074.98
869.999
913.527
866.33
1075.55
882.675
1075.5
1074.18
868.284
876.095
853.125
878.768
1063.55
1065.34
889.977
1067.98
1052.94
1075.45
882.822
859.382
818.794
896.36
1071.72
1072.12
1062.34
1039.03
1072
1036.95
966.068
920.353
916.274
822.092
843.484
1016.78
871.854
1049.22
1071.74
979.855
912.324
1056.63
939.961
1056.15
956.165
1057.94
938.151
988.998
1057.64
1008.35
952.784
995.657
1001.58
996.047
930.195
1068.33
1054.97
823.932
1032.52
923.982
1061.51
952.27
1058.64
946.873
953.12
941.194
895.24
892.464
1070.1
1020.75
1008.48
961.409
808.212
973.384
999.291
894.236
869.848
1001.32
857.983
1025.17
923.163
911.037
1034.67
1028.56
1039.73
868.172
934.783
931.47
938.12
877.49
1049.74
880.295
1059.94
1060.47
1052.46
1051.7
1063.21
976.816
1045.99
1054.3
969.346
936.765
968.097
1055.33
1030.36
964.613
1003.28
966.605
1051.18
978.097
990.929
967.491
1057.04
1050.93
941.193
900.519
886.747
1074.49
1069.59
1045.93
870.482
914.278
871.217
1072.8
907.982
905.534
1069.31
1071.88
1041.44
916.584
884.762
909.772
790.634
936.371
938.68
1068.79
898.282
1008.89
1057.68
1064.95
957.904
975.992
1005.42
980.596
840.794
997.384
879.578
1011.46
888.367
878.04
1025.93
888.91
914.59
917.89
1046.94
1033.38
1039.61
1056.98
935.14
949.141
907.188
1064.39
1059.91
1071.14
1061.73
1066
913.263
982.679
1056.87
1067.96
964.186
1052.7
1062.65
1067.95
945.365
898.913
941.995
976.316
1032.66
946.11
1026.66
966.149
1057.17
950.613
1057.89
944.351
883.169
833.573
1023.02
851.308
917.658
1040.39
1044.86
874.534
921.163
1059.46
987.343
981.41
953.353
1005.06
1009.63
949.064
998.82
1020.28
945.972
1057.78
1058.09
1026.75
958.982
963.141
924.628
1057.45
993.469
960.132
1056.07
1071.97
917.627
894.829
1037.52
895.246
915.116
1072.1
1072.05
897.415
1071.41
909.985
1059.08
937.5
1004.24
955.849
959.669
809.22
825.704
975.437
907.059
901.941
1053.43
1055.01
1057.03
1063.15
932.033
928.774
926.846
1059.83
967.153
840.048
919.851
1063.05
944.746
919.694
1051.39
1047.62
1067.93
980.032
943.003
952.407
1067.9
1045.92
1020.85
947.158
957.958
868.763
991.863
901.777
892.67
1049.01
916.137
946.947
961.353
1066.47
1070.19
1039.42
1065.33
897.987
898.227
1067.09
944.424
1068.61
978.411
855.86
993.832
994.833
852.47
1008.73
862.735
871.045
1020.19
895.608
1029.55
883.892
1037.24
911.255
1052.48
895.758
898.849
904.661
1056.82
958.922
925.899
961.62
1066.27
936.988
930.224
1067.31
1060.73
1064.52
985.164
1063.21
933.133
1061.69
931.059
965.814
938.817
1068.01
1063.48
940.164
1041.74
1011.03
1063.18
1064.01
1063.16
1006.96
985.677
968.577
1034.68
980.746
970.626
1063.24
985.508
1006.06
977.182
999.172
974.844
1025.97
922.286
1063.15
921.18
1067.9
1043.65
923.965
1061.56
1062.12
1067.82
922.543
1059.15
918.951
1055.61
940.586
943.777
972.806
1068.01
991.924
1015.77
1016.3
949.316
923.011
942.367
