669.273
753.609
775.889
538.783
1024.76
931.252
890.334
668.432
665.939
661.804
656.052
648.712
639.82
629.423
617.588
604.321
589.83
573.964
556.91
557.99
574.44
593.718
603.143
621.846
629.86
647.542
653.576
665.069
669.998
679.812
683.142
691.89
693.654
699.844
699.535
704.677
706.362
708.308
712.408
711.757
714.748
712.202
717.455
714.511
721.265
718.057
722.559
717.205
721.864
721.634
722.228
727.307
724.353
727.318
721.374
728.939
723.216
733.817
728.123
734.181
723.355
730.324
729.25
729.438
738.4
732.594
735.288
723.249
735.027
724.854
743.053
734.25
741.84
719.316
730.041
727.027
726.646
745.501
735.823
734.771
707.042
718.12
711.302
717.169
741.7
734.309
676.658
674.389
658.962
674.598
745.045
718.272
622.003
460.11
452.671
507.059
422.285
449.359
450.515
609.959
916.628
962.28
976.213
977.524
974.304
968.811
961.767
953.346
943.535
932.259
919.43
904.973
888.855
871.106
851.809
831.197
809.663
787.901
764.183
752.275
757.257
753.62
752.577
753.01
752.774
753.055
753.195
753.357
753.487
753.573
789.615
822.733
853.667
881.729
907.342
930.355
950.931
969.178
985.235
999.262
1011.42
1021.89
1030.83
1038.41
1044.78
1050.1
1054.49
1058.09
1060.99
1063.31
1065.11
1066.47
1067.44
1068.06
1068.37
1068.39
1068.13
1067.59
1066.8
1065.74
1064.43
1062.88
1061.09
1059.08
1056.87
1054.49
1051.97
1049.32
1046.57
1043.76
1040.89
1038
1035.1
1032.19
1029.3
1026.41
1023.54
1020.7
1017.93
1015.24
1012.57
1009.89
1007.23
1004.59
1001.98
999.417
996.886
994.388
991.922
989.49
987.09
984.722
982.386
980.08
977.801
975.549
973.32
971.113
968.926
966.753
964.589
962.424
960.241
958.02
955.741
953.384
950.926
948.328
945.535
942.481
939.094
935.294
930.988
926.075
920.442
913.967
906.521
897.971
888.18
877.015
864.346
850.056
834.036
816.2
796.499
774.819
751.353
725.712
698.591
761.579
734.986
757.042
1057.26
1021.55
1049.7
968.931
716.087
762.075
1049.84
1032.75
669.99
975.894
971.731
754.684
987.114
924.486
928.618
896.477
985.096
848.701
757.36
969.262
767.184
771.68
994.798
666.075
787.327
881.359
741.406
749.281
767.531
764.465
746.411
1065.95
1067.24
1021.2
1067.43
1064.47
772.234
1015.64
710.806
602.67
802.36
958.479
940.823
951.657
770.37
1010.35
859.383
773.475
787.813
683.479
788.488
613.072
628.121
1005.03
763.809
692.309
755.647
1057.66
730.337
1044.32
752.054
964.936
815.225
789.268
791.847
724.139
689.683
694.262
577.604
822.189
633.822
646.097
897.438
814.898
907.075
980.437
767.875
699.862
946.635
930.202
933.668
984.543
912.421
953.168
875.584
989.883
758.369
774.98
999.843
973.661
746.161
718.583
759.612
962.789
956.275
671.43
702.242
759.151
736.416
1038.04
719.481
1061.32
725.679
930.126
998.968
756.815
1060.56
749.409
1054.94
1041.47
1038.58
742.015
1029.84
768.616
1026.95
1067.67
1062.85
1066.59
765.893
748.991
788.022
787.598
642.258
792.513
697.259
595.45
771.96
1059.23
1051.62
750.484
797.129
1025.71
798.594
1034.55
970.209
728.158
792.84
785.275
777.256
1064.42
1065.48
756.581
953.186
818.787
880.631
650.643
664.993
708.894
766.318
615.56
837.927
853.13
749.916
879.255
795.178
906.46
662.221
596.652
913.882
832.71
950.701
963.156
886.716
918.873
987.98
937.452
868.586
949.214
632.905
929.38
978.153
978.912
749.242
976.321
943.861
905
760.246
941.685
750.024
862.953
971.451
618.942
954.005
718.327
960.642
982.751
1013
770.145
773.04
992.324
765.439
765.451
1002.42
1007.69
762.061
772.626
997.304
757.631
762.893
987.473
760.454
708.362
744.78
763.525
967.092
683.196
1018.38
767.846
757.033
761.601
1011.11
1030.47
1044.4
984.965
1059.39
1054.08
755.602
1052.46
744.576
1063.02
1064.63
739.547
1047.12
1035.67
751.894
728.897
1067.6
1024.07
751.479
766.619
1066.87
1065.66
762.526
778.178
1022.8
787.702
675.644
654.919
787.015
788.314
612.698
788.851
818.197
817.286
715.713
720.905
1020.54
1048.5
968.282
787.581
1060.45
921.382
828.739
793.097
932.545
914.183
971.832
997.762
1014
954.49
882.337
976.896
802.562
793.928
986.166
961.615
803.109
783.85
801.301
1014.23
800.241
1009.03
805.827
944.138
802.97
1003.55
995.947
879.913
806.545
820.399
791.288
733.109
885.567
682.429
929.554
972.419
800.076
805.016
802.59
736.647
791.4
774.635
1063.39
800.475
795.912
1065.47
1064.37
1028.64
818.191
650.059
746.303
635.184
852.389
821.057
667.943
842.026
690.285
698.035
844.636
858.78
936.506
949.889
998.45
935.877
925.782
946.507
771.612
900.45
919.733
764.763
980.595
955.304
788.662
788.511
988.561
965.871
968.029
938.884
890.948
752.212
951.007
1000.9
981.475
924.572
805.046
992.178
801.035
987.962
743.421
990.992
794.319
719.43
791.415
998.13
1036.92
790.985
1061.46
1048.97
1043.37
784.798
780.048
1019.88
762.414
1056.45
1037.51
797.085
755.237
1056.39
776.151
769.091
1054.13
1065.11
797.438
1065.13
784.454
1031.59
700.487
819.676
818.331
678.396
633.7
821.597
706.994
927.776
754.501
824.425
800.147
1054.24
820.815
1041.78
782.038
979.665
827.449
1022.94
830.625
822.08
960.891
911.89
924.478
1006.9
994.596
838.903
976.043
848.132
814.72
1061.56
1059.08
1062.06
910.038
936.147
836.833
944.147
835.65
988.774
686.696
776.7
957.409
794.64
804.473
1016.94
653.93
851.909
904.39
810.933
690.985
864.717
950.122
769.618
905.688
709.173
837.849
943.401
871.305
961.63
770.245
974.652
803.363
787.67
959.509
958.756
838.349
907.799
892.008
804.352
801.175
1006.16
801.696
998.424
983.809
803.315
927.778
980.703
1009.14
988.639
948.784
755.442
980.598
979.176
800.727
803.703
791.561
993.455
792
928.813
977.661
993.836
941.635
848.508
963.734
1056.97
1010.18
1043.24
828.623
808.32
1040.46
1011.12
1058.57
789.296
1063.15
984.248
1052.85
1011.67
781.288
800.409
1029.4
1046.22
786.494
796.996
759.706
1062.06
1016.9
801.69
829.724
1061.44
1047.75
811.882
820.905
850.839
713.182
846.926
844.325
740.6
724.016
967.406
884.629
1018.86
997.878
967.447
839.679
837.964
950.578
812.676
932.945
1051.21
832.724
948.264
913.593
986.593
882.166
1032.32
856.591
838.237
839.147
1014.95
1035.04
1016.01
833.423
1000.55
874.582
734.052
708.808
1058.23
969.223
933.6
937.008
987.601
982.945
823.57
786.865
1026.02
826.039
1008.27
831.164
1059.07
1053.08
1057.44
809.683
904.6
868.48
910.095
763.473
804.344
673.539
928.704
733.26
720.416
957.173
851.856
762.868
875.109
744.567
996.904
776.303
892.956
963.102
839.114
930.751
961.287
836.284
971.759
906.454
837.932
973.907
995.224
834.887
989.119
838.061
840.518
938.224
941.8
884.153
846.704
956.665
954.612
838.187
840.461
916.641
920.824
978.291
1008.31
1003.54
996.209
1002.37
836.615
946.45
833.02
1038.67
830.07
816.269
817.848
1046.51
1044.86
819.348
1062.09
1060.38
813.324
822.28
1004.03
834.26
791.263
857.569
825.298
797.669
1050.79
802.278
1060.58
810.996
1050.52
1019.93
849.631
700.703
845.724
755.368
671.026
851.537
767.137
865.299
801.13
815.674
853.098
1057.15
1034.77
1006.87
841.907
943.995
860.497
870.526
895.964
849.431
826.206
1027.65
919.781
999.425
883.306
877.823
885.935
873.23
968.687
960.698
839.737
1050.22
862.648
988.939
867.665
973.729
970.011
928.539
908.843
931.684
974.183
914.53
795.221
927.278
950.64
880.387
1055.81
1000.82
830.759
872.901
876.496
776.18
706.825
878.151
890.337
949.253
741.874
726.023
828.366
975.873
786.455
864.25
983.269
963.433
949.155
1008.71
874.648
995.739
1009.89
900.206
806.842
901.234
909.97
1019.95
1018.39
916.984
1009.38
948.559
964.427
969.648
999.871
834.621
946.075
985.299
1019.26
838.321
837.842
965.32
839.25
855.589
952.592
837.483
840.946
833.649
939.773
883.46
862.477
868.389
818.379
1053.76
1041.31
858.59
1035.52
834.578
995.192
1055.43
847.497
1027.61
817.036
1029.16
823.099
1005.2
832.118
1047.93
1056.4
1055.61
1041.56
836.586
784.88
745.598
721.202
871.033
690.249
879.248
844.956
953.836
981.684
1016.63
1032.54
1016.64
940.287
743.958
981.878
853.579
822.361
883.272
1021.88
848.779
873.902
1049.61
856.399
921.098
1051.15
955.075
978.093
784.048
900.519
932.895
1029.12
854.693
889.929
884.756
869.545
970.843
982.501
866.311
959.043
846.154
1009.97
992.657
860.795
1047.95
882.12
898.622
902.766
1049.33
898.606
753.725
726
893.913
947.791
801.144
755.315
842.4
777.378
917.845
794.173
882.856
1006.76
992.663
811.578
1003.46
905.886
1025.91
904.004
1028.54
952.987
878.686
884.149
871.666
1026.35
871.902
934.493
868.884
962.524
972.887
930.443
970.15
942.112
921.782
985.799
989.768
864.381
966.623
871.164
898.451
877.144
874.967
938.535
926.567
925.762
887.884
953.201
922.065
1056.78
1024.02
843.075
884.014
838.373
1038.24
859.613
1031.38
1050.96
840.689
851.255
819.458
854.381
1043.82
1047.43
858.377
1003.9
990.595
1044.92
861.243
828.538
765.762
866.134
1038.09
1017.25
987.149
914.803
1025.13
975.352
926.682
889.512
886.72
774.527
797.939
986.372
833.436
1027.5
1009.54
938.146
877.7
1005.41
905.38
925.944
917.803
961.888
898.921
945.117
935.091
957.269
901.509
906.892
953.285
949.866
895.886
1051.04
981.007
771.963
1004.31
885.544
1042.85
915.304
1037.99
907.403
914.012
906.422
864.476
861.118
1040.42
963.837
955.063
925.002
760.057
936.843
966.035
843.238
816.924
968.688
815.224
995.286
877.502
862.652
1009.74
1001.87
1016.36
828.352
892.708
888.312
896.934
841.499
1025.22
845.298
1038.76
1040.54
1031.84
1029.66
1044.44
935.679
917.665
923.68
902.735
899.126
928.42
1021.3
912.439
925.406
957.21
876.247
891.511
936.678
946.426
926.981
927.868
937.127
899.349
871.391
854.151
1020.37
1048.23
975.899
844.117
884.826
845.37
1013.23
878.67
876.317
1051.62
1034.11
973.986
886.992
851.489
880.399
740.774
896.59
900.654
996.734
868.682
909.075
941.148
990.034
920.223
939.866
973.02
945.438
788.899
963.795
830.248
979.609
840.359
833.312
997.481
847.01
873.381
877.774
1022.34
1006.82
1014.82
1035.67
901.247
912.611
871.549
1045.18
954.469
1005.35
958.305
1043.38
879.121
940.402
949.87
1040.58
925.183
945.805
961.454
1021.66
909.224
869.736
907.08
925.915
955.557
910.05
954.056
922.693
995.512
912.219
987.097
907.124
831.071
786.909
992.969
807.095
870.643
1014.01
1021.71
837.448
881.944
1040.23
943.969
904.23
915.234
955.415
957.648
909.796
951.634
910.635
900.22
950.111
975.159
967.922
920.364
924.098
892.306
930.653
948.168
902.072
1014.41
1029.66
887.704
863.703
972.922
864.854
885.672
1021.16
1013.58
867.359
1039.99
874.899
984.25
903.293
949.836
918.334
922.635
758.964
775.561
927.141
863.23
864.788
1031.94
1035.05
1037.13
1044.55
898.536
895.65
889.015
1037.38
927.386
790.456
886.688
964.55
908.585
885.982
964.435
942.738
1002.88
926.216
907.855
913.743
1014.87
961.389
952.662
910.6
917.319
818.275
957.536
856.563
852.17
1026
882.113
910.67
922.497
1041.78
1001.05
958.208
1044.78
868.134
868.891
993.207
908.894
1030.22
942.767
804.495
944.422
960.868
803.782
976.595
815.227
824.89
989.95
848.982
1001.22
840.577
1010.77
868.763
1029.58
856.558
860.763
868.328
1036.61
920.902
893.045
923.119
982.263
899.545
892.805
986.57
1035.3
977.513
942.336
1030
896.751
1016.7
895.226
926.431
902.88
994.263
997.97
903.814
940.505
950.814
968.373
1009.7
973.122
930.567
938.862
928.345
938.271
935.757
929.73
987.851
927.243
949.34
933.616
929.523
932.311
935.446
889.202
979.494
888.055
1008.53
1018.96
891.211
1032.05
973.197
990.404
889.606
969.713
885.643
966.948
904.605
907.639
931.129
998.275
928.368
951.761
932.652
911.885
890.201
906.297
