645.972
737.392
736.216
524.064
958.623
910.307
869.895
645.205
642.888
639.038
633.672
626.819
618.516
608.807
597.724
585.366
571.698
556.889
541.019
541.472
559.02
572.619
591.061
601.094
616.685
623.618
636.695
644.046
654.304
659.579
667.926
671.168
678.047
680.697
686.864
688.539
691.929
694.514
695.228
698.656
699.187
703.24
701.834
705.907
703.234
707.284
705.774
710.826
709.227
710.955
712.044
710.301
713.71
712.86
718.053
714.298
719.59
713.913
719.293
716.126
724.024
720.5
722.377
723.331
719.002
723.868
722.188
730.485
723.355
731.088
720.289
727.717
722.285
736.022
729.179
731.285
731.859
721.886
729.023
726.853
740.742
731.015
733.542
731.337
720.632
720.335
742.365
730.235
732.251
729.969
702.363
707.663
706.537
737.772
726.217
711.86
656.622
662.911
644.294
717.325
721.384
685.169
638.009
455.826
445.228
495.771
413.571
436.869
454.614
771.741
859.938
870.549
862.272
846.391
826.655
804.264
779.535
753.495
734.289
729.723
728.128
731.52
732.925
733.725
734.889
735.593
736.272
736.761
737.113
737.324
771.867
804.404
834.42
862.27
887.674
910.809
931.672
950.368
966.999
981.682
994.542
1005.71
1015.31
1023.48
1030.33
1035.97
1040.51
1044.05
1046.68
1048.49
1049.55
1049.94
1049.74
1049.04
1047.91
1046.43
1044.63
1042.58
1040.34
1037.93
1035.41
1032.8
1030.13
1027.41
1024.66
1021.88
1019.1
1016.31
1013.52
1010.76
1008.01
1005.28
1002.59
999.927
997.304
994.71
992.147
989.63
987.19
984.82
982.481
980.141
977.81
975.503
973.229
970.986
968.769
966.578
964.41
962.266
960.144
958.044
955.965
953.904
951.86
949.829
947.807
945.792
943.777
941.757
939.72
937.653
935.535
933.342
931.048
928.628
926.053
923.281
920.254
916.905
913.164
908.953
904.186
898.77
892.607
885.59
877.61
868.557
858.321
846.796
833.884
819.492
803.547
785.989
766.757
745.895
723.254
699.135
673.188
748.993
714.901
742.538
1025.08
1005.28
1035.25
950.084
695.087
753.985
1016.8
1000.41
652.565
950.125
671.56
764.45
646.569
897.282
872.879
867.158
958.347
818.225
754.993
944.097
764.47
761.569
966.904
642.787
766.824
861.858
725.269
738.972
754.032
758.772
731.819
1048.45
1042.54
990.053
1047.26
1035.66
755.983
985.151
759.72
739.726
713.019
933.905
915.356
927.022
758.476
980.512
833.991
744.636
762.631
659.039
770.305
595.791
607.351
975.86
763.698
672.394
746.543
1043.12
756.246
1011.26
740.89
940.086
785.569
771.469
759.137
697.671
664.833
669.115
559.686
803.833
608.557
625.545
870.762
784.77
887.364
954.2
761.864
741.667
921.703
706.2
907.432
585.31
884.141
777.298
845.457
962.58
769.396
758.194
971.324
948.108
770.542
762.202
747.13
938.061
931.724
746.943
680.181
753.107
719.706
1022.93
702.872
1030.49
707.116
910.541
981.337
739.244
1045.62
732.265
1022.33
1008.51
1005.79
728.563
997.775
750.648
995.17
1046.01
1047.28
1040.42
755.912
735.118
768.989
765.207
620.502
757.441
671.922
577.026
754.648
1042.25
1018.11
728.985
784.053
993.927
787.631
1001.82
944.95
707.449
800.522
770.1
761.598
1036.14
1041.74
796.259
929.004
797.808
861.001
632.741
642.386
683.451
748.556
596.32
810.9
833.839
721.899
854.291
765.519
886.625
636.963
577.597
880.255
802.307
931.405
715.382
856.95
891.138
599.149
911.628
701.989
924.459
744.329
902.681
952.156
612.694
726.002
694.114
918.691
876.185
763.431
827.872
766.443
832.579
946.099
737.112
929.436
766.826
936.007
956.264
982.833
758.841
759.666
964.73
764.673
764.19
973.574
978.185
764.812
761.324
969.101
746.617
746.295
960.453
768.085
689.152
755.831
748.59
942.094
661.801
987.564
758.029
744.023
752.384
994.157
1014.83
1029.7
966.688
1027.8
1039.69
742.018
1019.57
729.982
1033.11
1048.2
722.351
1014.03
1003.08
738.813
712.671
1044.42
992.598
735.294
753.727
1048.1
1038.11
759.231
763.842
991.357
768.012
651.725
632.365
764.379
769.783
592.725
770.908
791.942
789.776
689.814
694.656
1003.95
1033
949.322
774.184
1028.8
890.951
798.589
780.664
907.038
886.742
843.921
736.342
983.26
756.939
852.848
950.97
801.206
797.854
959.213
937.063
797.82
767.063
789.206
983.822
792.804
979.269
781.072
919.73
793.269
974.469
967.818
860.066
789.073
800.863
761.873
706.167
861.09
662.912
909.853
946.947
799.672
797.029
795.334
715.491
778.439
756.769
1033.81
787.626
786.638
1040.15
1043.77
996.528
796.189
628.49
718.514
613.911
832.963
802.347
647.744
815.915
666.073
674.392
814.421
828.674
893.852
887.014
735.283
910.734
769.589
922.229
780.002
871.921
892.829
796.489
809.922
931.074
800.989
800.335
961.327
940.996
942.968
914.046
780.36
791.607
926.837
972.152
955.054
898.177
792.136
739.443
798.76
776.009
723.207
963.468
781.651
697.589
776.708
980.336
1021.22
775.239
1043.48
1015.38
1009.93
772.492
765.052
988.782
745.262
1023.52
1004.5
782.72
735.131
1040.16
759.269
752
1020.83
1038.26
786.882
1043
768.821
999.157
675.599
799.502
794.087
654.964
613.054
803.116
682.38
900.861
731.055
809.573
781.997
1034.68
805.78
1006.65
761.265
905.672
813.269
990.804
817.293
792.35
936.449
885.476
899.491
841.062
817.412
834.118
950.126
826.388
798.833
1035.16
1024.85
1032.23
827.864
912.279
832.573
920.618
824.686
961.352
662.692
795.096
933.098
775.012
787.114
985.75
632.035
832.25
878.735
781.054
666.578
839.853
930.715
741.021
885.647
686.907
808.061
911.226
841.45
869.143
748.028
948.958
800.254
795.817
935.089
934.489
834.006
879.809
862.97
797.785
798.053
976.755
792.956
969.988
957.126
797.109
903.165
821.204
828.6
891.626
924.583
784.251
954.178
953.007
800.568
793.714
780.12
965.632
801.045
902.887
746.151
748.69
917.041
783.497
939.03
1036.02
993.006
1027.74
814.106
790.889
1007.21
980.81
1026.19
774.76
1043.95
965.842
1037.11
981.584
766.739
791.156
1013.32
1012.65
773.03
781.18
740.012
1031.35
986.165
787.723
814.773
1029.92
1012.01
796.456
801.843
830.411
687.548
824.268
819.512
713.175
697.667
948.251
856.053
1001.65
968.785
942.411
833.7
836.19
926.853
783.514
908.772
1025.91
814.455
924.894
889.3
939.64
868.015
998.626
840.68
826.851
830.596
911.338
1018.13
877.655
820.057
971.657
852.923
707.753
685.258
1022.19
914.078
909.547
826.902
960.364
956.257
808.085
766.47
993.377
812.425
978.361
818.396
1036.48
1017.29
1022.49
792.86
884.275
844.246
885.632
735.267
774.875
649.408
908.81
709.921
697.349
915.789
822.186
740.12
846.074
721.092
978.802
755.29
864.895
938.467
834.71
906.457
824.826
835.607
946.293
879.495
829.815
948.218
967.041
823.582
961.689
827.615
830.962
914.501
918.273
828.728
831.624
932.559
930.651
834.539
832.41
890.745
895.407
952.128
820.055
816.323
874.125
856.578
825.755
922.876
833.335
1003.98
816.094
799.717
802.298
1028.89
1009.37
804.688
1033.93
1027.23
797.651
806.812
974.8
820.97
770.715
841.776
810.901
778.657
1032.36
784.825
1036.15
794.601
1014.66
988.275
828.628
675.875
822.219
727.681
648.242
831.547
742.649
836.878
778.1
794.827
836.569
1021.41
996.488
975.948
824.87
920.913
844.699
856.84
869.659
833.138
806.501
991.469
896.189
873.018
865.36
864.958
870.607
860.081
943.51
936.3
822.078
1008.37
847.861
961.344
852.751
947.996
872.215
905.173
872.321
909.03
948.414
891.335
766.31
907.111
927.091
866.953
1016.37
971.17
812.027
850.473
855.455
747.708
682.061
857.604
866.461
929.661
717.049
701.97
799.153
938.528
762.64
834.84
964.635
932.785
922.679
991.1
846.697
936.298
921.256
872.692
784.531
875.485
885.237
890.584
900.446
893.065
874.448
924.92
939.676
944.396
971.13
822.186
922.858
958.337
882.55
835.43
826.119
940.485
834.541
839.314
928.759
828.888
831.433
834.477
916.182
868.805
830.223
853.869
803.473
1026.09
1024.2
842.817
1001.31
816.598
966.582
1019.93
831.156
1010.65
801.09
995.992
803.045
975.716
819.192
1024.78
1017.16
1025.41
1001.31
818.707
755.865
718.541
695.734
847.712
667.428
859.095
828.059
930.457
953.309
998.26
1013.41
983.344
917.402
718.116
962.866
825.898
798.475
857.752
955.193
828.1
855.968
1011.51
836.785
899.116
1003.03
931.17
951.28
755.813
877.029
910.773
927.048
825.882
863.058
870.052
855.816
945.441
955.746
851.342
934.795
829.592
978.327
964.473
845.341
1006.5
864.147
876.949
882.079
1000.72
880.999
726.686
700.534
870.867
927.923
772.66
730.537
813.313
753.264
895.605
770.788
855.43
988.372
959.216
789.975
929.733
880.666
948.557
880.877
940.856
929.252
865.82
869.439
858.19
921.532
858.732
911.78
854.779
937.956
947.265
908.465
944.827
919.137
898.557
872.107
962.147
849.557
941.655
857.576
871.431
864.06
861.733
915.717
903.609
903.301
870.829
872.678
873.075
1023.96
988.84
826.261
866.192
820.635
998.928
843.681
994.168
1007.4
823.405
834.856
799.001
837.952
1022.45
1013.06
839.093
973.634
962.747
1003.96
846.246
809.283
737.943
847.677
988.897
977.785
958.208
894.953
981.562
949.363
904.869
872.265
869.136
748.609
772.523
962.732
810.653
982.123
973.573
915.683
857.019
913.39
885.698
901.665
896.091
909.102
881.715
922.19
903.36
933.354
884.399
889.298
929.729
926.585
878.371
1009.44
953.573
744.495
984.558
862.905
994.92
894.534
964.065
884.564
891.586
886.747
845.752
842.062
986.223
939.233
931.45
904.481
734.14
914.328
946.58
815.145
788.395
943.47
790.795
976.66
851.403
835.455
961.487
961.555
959.114
804.989
868.298
863.36
873.002
819.893
1006.63
824.185
1018.75
1013.03
979.206
933.255
1013.72
913.377
896.84
900.618
885.55
881.65
906.54
917.267
893.398
903.616
933.122
862.988
870.836
913.915
923.411
904.176
902.065
873.205
882.315
853.457
834.2
986.15
995.162
949.545
827.205
867.104
828.564
980.799
860.738
858.398
1006.73
986.601
947.996
869.551
831.199
862.441
714.566
874.26
879.523
964.908
850.614
891.095
904.349
960.254
898.709
918.411
950.756
925.19
761.186
943.886
802.964
959.989
813.5
807.862
971.286
822.685
849.31
854.234
1000.89
976.953
980.482
1010.83
881.701
891.966
850.231
987.706
926.464
970.875
928.625
980.39
858.745
917.786
923.433
980.34
903.908
920.704
929.887
966.896
888.652
851.782
887.453
905.706
931.576
890.529
930.414
902.54
912.791
890.192
913.927
885.666
802.681
761.169
973.452
782.156
843.979
993.637
982.197
815.258
858.871
997.818
921.113
886.952
893.552
931.67
933.71
887.139
928.211
892.203
883.228
906.244
912.322
942.838
898.629
902.322
874.973
902.519
925.019
884.917
914.926
984.056
870.405
844.789
947.151
846.269
868.045
979.697
975.953
849.027
989.561
853.919
956.08
883.689
926.844
897.403
901.675
732.354
748.722
906.719
837.983
842.636
999.207
974.743
969.429
991.556
879.079
876.284
866.747
958.925
906.055
763.607
867.088
930.659
887.965
866.044
938.31
918.714
958.689
906.044
888.287
894.21
963.545
936.092
929.281
891.13
897.576
790.679
935.897
830.744
828.438
996.839
861.879
890.084
900.737
978.252
967.959
933.656
983.978
849.967
850.907
962.472
889.361
973.834
922.016
776.746
921.946
940.284
777.086
955.985
788.835
798.925
968.909
822.615
979.123
815.669
986.927
844.103
1006.72
833.408
838.135
846.614
999.377
899.84
873.75
901.947
950.12
877.704
870.831
952.644
954.449
946.992
919.589
954.896
875.476
940.834
874.246
905.115
882.13
955.953
940.842
882.821
917.342
927.719
931.503
946.994
932.506
909.838
916.912
906.997
915.865
914.051
908.325
936.865
906.994
926.419
912.048
908.983
910.801
913.758
869.733
934.158
868.524
960.859
992.77
871.943
951.73
944.081
954.468
870.238
941.768
865.936
939.978
883.908
886.985
909.663
957.24
907.995
928.537
911.54
892.404
870.903
885.621
