798.336
834.582
913.63
624.631
1081.3
1081.28
983.654
797.228
794.005
788.671
781.22
771.662
760.007
746.285
730.509
712.816
693.461
671.485
649.642
650.359
667.949
698.503
683.491
717.495
709.61
752.574
741.205
752.763
740.267
755.044
744.678
764.151
754.348
761.732
737.391
748.036
744.08
743.146
762.114
751.491
749.432
720.695
736.308
716.179
754.9
748.17
753.125
688.701
687.597
671.83
688.552
761.777
734.052
633.353
465.214
454.191
489.902
490.25
431.394
454.712
623.204
949.484
1002.45
1021.87
1028.31
1030.65
1031.5
1031.83
1031.95
1032
1032.01
1032.02
1032.02
1032.02
1032.02
1032.02
1032.02
1032.02
1032.02
1032.02
1032.02
1032.02
1032.02
1032.02
1032.02
1032.02
1032.02
1032.02
1032.02
1032.02
1032.02
1032.01
1032.01
1031.99
1031.97
1031.94
1031.88
1031.8
1031.67
1031.46
1031.15
1030.7
1030.04
1029.11
1027.8
1026.01
1023.61
1020.43
1016.31
1011.07
1004.55
996.581
987.08
976.047
963.685
950.466
936.891
924.76
920.114
918.242
905.064
879.759
855.72
850.436
844.645
840.931
838.366
836.566
835.407
834.768
878.052
913.506
947.075
975.196
999.335
1019.65
1036.4
1050.01
1060.89
1069.46
1076.09
1081.14
1084.92
1087.7
1089.71
1091.14
1092.14
1092.82
1093.29
1093.59
1093.79
1093.92
1094
1094.05
1094.08
1094.1
1094.11
1094.12
1094.12
1094.12
1094.12
1094.12
1094.12
1094.12
1094.12
1094.12
1094.12
1094.12
1094.12
1094.12
1094.12
1094.12
1094.12
1094.12
1094.12
1094.12
1094.11
1094.11
1094.11
1094.12
1094.12
1094.12
1094.12
1094.11
1094.09
1094.06
1094.02
1093.96
1093.87
1093.74
1093.56
1093.3
1092.95
1092.48
1091.89
1091.13
1090.19
1089.06
1087.73
1086.18
1084.42
1082.46
1080.31
1077.97
1075.47
1072.85
1070.16
1067.42
1064.66
1061.88
1059.07
1056.23
1053.32
1050.29
1047.05
1043.47
1039.38
1034.56
1028.74
1021.6
1012.78
1001.9
988.562
972.351
952.882
929.929
903.381
871.821
838.862
603.097
795.779
746.071
1093.82
1080.9
1090.86
1049.89
792.409
813.33
1093.82
1093.82
767.017
1091.2
1034.87
1043.5
1041.47
1048.02
1015.31
1032.45
1093.15
1000.05
1043.49
1088
1043.49
1043.49
1093.71
796.604
892.378
975.068
783.463
758.355
1017.77
1042.16
783.513
1093.62
1093.81
1093.81
1093.75
1093.82
1043.3
1093.81
1043.48
1043.44
1043.13
1078.52
1059.59
1070.73
1043.47
1093.83
972.893
928.216
921.965
819.378
879.287
720.551
746.15
1093.82
1043.49
784.756
734.313
1092.53
1043.49
1093.82
765.308
1084.82
944.436
877.942
930.539
869.824
827.425
833.327
679.282
913.179
754.24
764.117
997.294
970.627
999.283
1092.44
1043.49
1043.35
1065.19
1042.6
1053.93
1039.17
1041.26
1027.39
1019.61
1093.53
1043.49
1043.49
1093.78
1090.34
1043.5
1043.49
684.922
1082.91
1076.06
1043.48
792.393
681.403
792.474
1087.43
783.654
1093.82
785.291
1019.6
1069.27
773.638
1092.99
789.17
1093.82
1093.82
1093.82
775.554
1093.82
893.648
1093.82
1093.78
1093.3
1093.82
1033.92
783.483
883.649
899.902
764.973
931.706
837.167
701.933
824.19
1092.1
1092.92
827.942
946.076
1092.92
1034.04
1092.92
1089.02
819.935
1052.75
805.493
817.815
1092.91
1092.85
1052.74
1072.94
924.69
975.041
760.063
791.965
850.071
823.624
725.497
958.887
946.771
901.559
985.832
951.17
999.292
776.195
700.493
1007.1
986.779
1036.32
1031.62
1026.68
1044.81
1040.51
1056.78
1042.92
1067.97
1043.41
1051.03
1091.9
1037.34
1043.26
1042.14
1062.4
1037.22
1043.5
1022.02
1043.49
1010.86
1089.27
1043.46
1073.45
1043.49
1080.81
1092.85
1093.82
1043.42
1043.49
1093.64
1043.49
1043.49
1093.8
1093.83
1043.49
1043.49
1093.75
726.491
627.83
1093.37
1043.49
791.481
1043.49
627.381
1086.52
777.114
1093.81
1042.99
734.21
749.176
1075.87
1084.66
1089.43
1060.74
1093.82
1091.85
760.598
1093.82
777.16
1093.82
1093.49
790.723
1093.82
1093.82
760.722
786.491
1093.8
1093.82
775.301
964.345
1093.7
1093.82
1039.96
819.388
1092.92
887.294
809.155
781.865
908.504
881.133
725.512
878.299
942.728
945.594
858.945
865.659
1080.17
1089.99
1049.61
805.037
1092.92
1014.72
981.436
781.72
1049.87
1038.09
1040.43
1049.66
1091.38
1052.15
1020.53
1091.43
1052.75
1052.74
1092.63
1082.68
1052.74
811.894
1051.6
1092.92
1052.57
1092.92
1052.64
1061.35
1052.72
1092.88
1092.89
975.459
858.908
918.049
946.115
879.776
991.947
790.507
1019.56
1090.02
1052.75
1052.73
1052.75
823.325
768.016
821.728
1092.91
1045.38
983.599
1092.88
1092.72
1092.92
930.109
772.167
896.916
747.349
946.762
914.101
776.157
962.2
825.655
806.494
994.505
1005.1
1023.37
1030.41
1050.65
1052.71
1052.37
1064.26
1052.68
1030.74
1041.22
1052.74
1043.82
1075.61
1052.75
1052.75
1092.74
1086.33
1087.8
1055.58
1052.51
1052.73
1070.11
1092.88
1092.23
1044.17
1052.74
1051.35
1052.74
1046.37
825.555
1092.81
810.873
817.27
773.229
1068.72
1086.61
781.762
1092.4
1092.92
1092.92
808.765
820.426
1092.91
822.295
1092.92
1092.92
901.069
826.211
1091.65
818.702
824.212
1092.92
1092.9
1013.94
1092.8
805.464
1092.92
839.066
920.872
937.06
809.899
750.559
913.331
827.03
1021.19
854.412
903.361
859.641
1090.14
855.152
1091.4
861.047
1048.54
984.091
1091.38
1050.94
972.52
1084.94
1029.92
1038.34
1058.21
1060.8
1061.43
1090.87
954.514
856.136
1091.17
1091.33
1091.36
1061.24
1050.58
1061.41
1062.61
1061.41
1090.71
818.104
1052.74
1078.15
858.971
860.003
1091.38
775.11
947.526
1004.25
965.407
812.998
977.78
1036.18
923.266
999.513
813.506
985.28
1030.48
1013.64
1036.03
858.479
1090.82
1052.75
1052.74
1080.51
1083.01
1061.43
1034.66
1026.12
1052.73
1052.74
1092.87
1052.68
1092.89
1092.46
1052.74
1041.23
1061.02
1059.24
1052.09
1067.19
1052.7
1091.19
1091.89
1052.75
1052.74
769.191
1092.86
1052.74
1047.04
1051.82
1048.27
1058.48
1052.59
1084.63
1090.58
1075.22
1088.59
1008.19
857.696
1092.92
1091.38
1092.92
793.954
1092.6
1060.33
1090.97
1092.93
817.279
1052.29
1083.88
1092.92
811.106
853.927
824.451
1092.92
1092.9
1049.81
1027.49
1091.34
1091.4
856.836
915.904
950.58
853.549
957.522
962.699
889.542
867.836
1049.24
1015.66
1078.92
1089.19
1088.88
1061.41
1061.4
1072.61
960.083
1025.81
1087.99
896.792
1078.22
1022.51
1055.16
1068.66
1091.39
1028.95
1061.41
1061.33
1065.31
1085.21
1067.93
1060.45
1091.13
978.861
876.624
837.093
1089.87
1043.91
1047.43
1061.2
1091.33
1091.27
881.877
860.826
1091.38
956.602
1091.38
1056.38
1090.87
1091.39
1091.37
857.211
999.769
980.481
1009.82
915.325
956.743
796.074
1019.55
845.248
837.078
1037.97
995.559
856.607
1010.36
850.834
1067.87
859.841
1020.04
1086.57
1061.41
1044.19
1061.13
1061.38
1090.21
1026.97
1061.31
1090.6
1091.24
1061.38
1091.19
1061.4
1061.36
1053.41
1058.98
1061.28
1061.39
1080.78
1078.28
1061.42
1061.4
1032.75
1035.56
1091.06
1059.96
1060.45
1054.77
1056.76
1061.42
1066.19
1061.4
1091.4
1041.52
856.635
855.096
1088.52
1091.41
851.194
1091.29
1091.3
856.398
865.409
1091.91
1061.01
859.949
1041.45
928.767
859.011
1089.48
860.262
1091.06
857.238
1091.39
1091.39
952.359
836.936
960.612
904.751
797.639
948.938
880.159
996.511
891.791
893.144
978.013
1088.9
1089.29
1089.21
903.165
1071.54
1062.68
1068.58
1011.77
941.632
895.311
1089.31
1028.46
1068.22
1053.93
1068.55
1068.55
1068.34
1088.99
1087.84
901.156
1089.04
1067.73
1089.34
1068.71
1088.12
1068.3
1040
1068.62
1046.9
1088.98
1013.42
944.774
1019.27
1081.03
1068.6
1089.3
1089.2
896.455
980.073
977.999
926.415
839.902
977.242
996.241
1035.98
864.272
852.149
972.549
1050.28
888.325
1003.8
1059.74
1043.93
1035.86
1074.15
1001.44
1058.85
1063.75
1023.76
892.623
1014.43
1019.75
1067.09
1066.36
1025.63
1068.11
1069.5
1088.61
1089.66
1091.58
1061.27
1075.05
1091.32
1067.56
1061.4
1061.41
1087.88
1061.39
1013.68
1075.55
1061.35
1061.39
1061.37
1055.76
1068.68
1061.33
1068.71
852.138
1088.41
1087.15
1051.09
1091.4
897.157
1089.2
1091.38
926.56
1082.54
856.523
1091.39
894.37
1091.34
1059.17
1087.38
1088.78
1088.7
1089.21
898.295
937.785
891.886
859.415
980.904
818.781
976.349
907.664
1039.92
1055.5
1077.18
1083.25
1089.23
1064.1
875.556
1058.84
979.861
920.381
993.291
1071.2
927.558
993.556
1085.65
932.13
1074.72
1086.07
1084.99
1086.38
930.128
1003.27
1067.79
1073.77
990.454
1008.91
1068.59
1068.59
1089.08
1089.18
1068.56
1087.23
916.198
1089.21
1089.22
1065.36
1089.17
1045.52
999.434
999.617
1086.88
1075.16
896.756
859.048
998.478
1035.43
944.952
873.229
982.594
884.994
1015.57
890.206
1005.52
1072.64
1060.6
892.953
1061.63
1017.08
1072.26
1006.55
1072.95
1083.3
1068.54
1068.64
1068.44
1073.94
1068.3
1052.02
1068.64
1088.3
1089.1
1062.54
1088.06
1067.89
1030.59
1068.23
1089.93
1068.23
1088.86
1068.52
1068.54
1068.54
1068.45
1060.3
1037.37
1037.52
1068.49
1068.39
1068.62
1088.87
1089.3
904.366
1060.29
899.861
1089.25
1058.03
1089.33
1088.46
902.009
959.001
893.454
996.309
1086.48
1085.28
933.897
1089.21
1089.3
1089.2
1066.84
895.789
912.702
945.225
1086.35
1086.64
1086.45
1074.45
1086.45
1087.53
1052.03
1073.73
1071.04
898.991
912.096
1059.54
922.536
1075.9
1086.74
1076.41
964.654
1074.26
1063.7
1074.7
1027.77
1074.61
1074.74
1084.11
1074.36
1086.32
1074.44
1074.33
1086.16
1085.82
1074.82
1085.93
1086.4
914.039
1070.66
981.178
1082.04
1051.97
1078.49
1010.37
1019.13
1068.26
942.12
937.377
1085.26
1086.38
1085.37
1018.43
888.685
1028.94
1048.54
974.397
957.212
1048.63
918.281
1066.68
990.899
984.26
1067.28
1064.36
1069.49
921.644
997.749
995.539
1000.58
924.142
1080.66
925.767
1085.16
1083.9
1076.97
1073.41
1084.74
1072.58
1074.55
1074.74
1074.13
1075.02
1057.23
1074.02
1074.39
1047.42
1086.31
1068.5
1068.46
1056.35
1084.86
1038.24
1074.56
1068.54
1074.57
979.221
930.473
1089.28
1085.43
1086.44
905.674
1065.14
910.32
1089.22
1022.57
1008.31
1086.08
1086.41
1086.52
1072.34
928.765
1034.84
879.249
999.368
999.432
1086.48
955.368
1074.42
1074.31
1086.44
1016.66
1031.05
1052.28
1034.25
928.455
1047.19
956.19
1057.27
961.119
942.863
1064.82
947.481
973.824
975.922
1078.26
1068.74
1071.76
1082.67
1049.33
1043.89
958.341
1082.62
1079.6
1086.69
1079.67
1082.84
966.123
1079.33
1079.39
1083.8
1074.5
1079.2
1079.58
1083.25
1029.66
967.929
1071.63
1079.74
1083
1077.24
1083.12
1080
1074.42
1016.66
1074.84
1009.53
967.022
906.412
1064.92
915.636
987.928
1074.99
1074.12
922.865
978.587
1081.55
1083.08
1074.13
1022.87
1086.28
1086.16
1013.33
1086.05
1074.39
1074.47
1074.4
1074.85
1086.79
1033.2
1042.99
1074.26
1074.43
1085.45
1074.27
1074.15
1086.43
1073.13
941.082
1086.72
942.726
1068.64
1086.55
1086.73
948.263
1086.17
961.582
1086.46
1057.21
1084.14
1059.59
1017.58
896.233
910.037
1080.26
970.399
953.649
1079.6
1077.68
1078.15
1082.4
1039.49
1028.41
984.312
1078.68
1079.01
920.896
980.592
1079.42
1024.65
977.233
1083.18
1079.14
1083.13
1079.49
1074.15
1078.69
1083.13
1083.12
1083.25
1077.88
1079.23
949.346
1042.88
967.822
948.715
1077.79
970.519
1036.38
1038.34
1082.94
1086.6
1083.03
1082.76
951.448
960.129
1086.45
1076
1083.89
1032.8
940.205
1083.89
1045.27
929.371
1055.08
935.481
939.694
1062.53
964.83
1068.08
945.389
1072.21
972.336
1080.81
949.754
951.426
955.891
1080.78
1065.82
1017.24
1070.69
1083.5
997.735
988.536
1083.57
1078.8
1083.33
1081.5
1079.99
993.243
1078.4
990.941
1077.12
1005.25
1083.4
1079.45
1005.4
1079.18
1083.66
1079.27
1080.02
1079.13
1078.98
1083.18
1080.36
1079.2
1082.85
1081.38
1079.19
1079.36
1083.75
1082.62
1079.12
1082.41
1079.11
989.687
1079.09
984.913
1083.1
1075.37
1007.48
1079.02
1083.19
1083.51
994.085
1083.12
977.518
1083.14
1009.76
1019.75
1082.05
1083.25
1079.24
1083.45
1079
1078.35
999.895
1014.74
