695.85
771.48
806.496
556.133
1060.11
955.455
911.063
694.97
692.305
687.869
681.688
673.798
664.251
653.094
640.374
626.217
610.501
593.686
575.486
575.685
595.995
609.106
633.273
640.494
659.637
661.431
677.164
682.33
694.133
696.296
705.493
704.773
712.408
712.28
720.416
719.186
722.015
723.748
721.395
725.857
724.798
731.543
726.292
732.826
724.813
731.301
726.965
737.446
732.334
734.342
735.125
728.422
734.378
732.319
743.271
733.342
742.861
727.433
735.933
728.823
747.768
737.93
739.992
739.758
723.678
731.618
729.844
749.763
731.982
745.627
712.444
717.903
706.331
746.003
731.943
735.636
722.686
663.179
660.445
679.943
753.108
729.924
674.063
555.012
440.909
486.069
484.519
424.661
462.238
478.685
852.725
966.727
994.806
1004.01
1006.88
1007.54
1007.29
1006.56
1005.48
1004.04
1002.19
999.868
996.982
993.431
989.105
983.885
977.645
970.259
961.599
951.541
939.973
926.8
911.954
895.423
877.305
857.756
837.518
818.735
806.504
794.655
776.351
775.904
775.556
773.536
773.184
772.455
772.084
771.813
771.627
771.519
808.18
842.809
873.934
902.541
928.065
950.851
970.955
988.541
1003.8
1016.92
1028.11
1037.58
1045.51
1052.1
1057.53
1061.97
1065.55
1068.43
1070.72
1072.52
1073.92
1075
1075.82
1076.45
1076.91
1077.25
1077.48
1077.63
1077.71
1077.71
1077.65
1077.51
1077.27
1076.94
1076.47
1075.87
1075.1
1074.15
1073
1071.65
1070.09
1068.32
1066.35
1064.2
1061.87
1059.39
1056.78
1054.07
1051.33
1048.57
1045.78
1042.91
1040
1037.08
1034.18
1031.28
1028.41
1025.57
1022.75
1019.96
1017.21
1014.49
1011.82
1009.17
1006.57
1004
1001.46
998.959
996.491
994.057
991.654
989.276
986.912
984.548
982.17
979.768
977.325
974.809
972.172
969.353
966.282
962.88
959.052
954.69
949.669
943.852
937.088
929.215
920.067
909.473
897.265
883.284
867.386
849.44
829.34
807.092
782.402
755.879
726.553
769.145
748.101
766.037
1076.3
1037.25
1061.58
988.323
733.868
774.416
1074.19
1064.59
696.792
1004.43
987.622
633.119
1007.31
952.974
949.215
927.607
1014.97
881.828
669.36
996.896
724.321
750.651
1026.09
691.558
809.121
902.227
756.451
767.033
768.584
775.702
760.326
1074.59
1077.06
1054.58
1076.03
1077.25
761.574
1049.03
981.934
1017.51
1015.96
984.97
967.551
977.877
765.009
1043.45
884.882
805.657
814.91
710.251
807.551
636.83
650.91
1037.63
771.755
714.553
772.339
1068.03
780.954
1071.82
767.233
992.041
842.843
807.866
817.268
754.216
716.927
721.862
596.165
842.33
648.153
667.083
920.58
848.042
927.848
1009.63
722.708
1017.82
972.963
1012.62
961.119
999.293
942.186
971.271
907.934
1020.46
751.146
747.621
1031.82
1001.89
605.179
852.634
769.513
989.661
982.628
1006.67
720.828
776.761
752.548
1051.74
741.839
1076.98
744.378
950.665
1016.65
762.607
1070.32
759.103
1075.76
1070.32
1068.61
759.897
1062.31
765.993
1059.86
1076.49
1072.11
1077.2
772.883
762.043
808.114
809.668
665.972
821.251
725.097
616.317
788.118
1069.11
1074.33
769.397
807.046
1059.12
807.162
1066.15
998.063
752.197
761.041
798.283
793.016
1075.77
1074.78
1006.45
979.14
842.056
901.665
678.855
690.717
737.871
784.752
638.022
864.46
873.447
780.862
903.601
827.926
927.382
678.226
616.557
935.761
865.962
970.76
980.097
918.492
947.977
1003.7
964.5
1014.49
975.454
1018.09
957.313
1007.01
993.977
1017.07
1010.25
970.35
935.449
690.947
961.016
617.891
895.766
999.373
1014.85
980.265
917.538
987.307
1012.28
1046.28
763.026
724.991
1023.26
756.052
763.792
1034.71
1040.56
776.35
748.124
1028.94
771.45
766.388
1017.7
734.784
729.397
734.182
769.002
994.452
704.816
1051.81
768.991
768.39
775.249
1027.81
1045.16
1057.16
1003.55
1076.7
1065.16
765.833
1075.07
760.097
1077.16
1073.51
754.007
1073.11
1066.7
766.057
748.717
1076.83
1057.29
761.616
768.479
1075.41
1077.26
778.368
794.879
1056.46
808.575
701.833
679.581
812.334
807.828
634.135
807.612
843.434
844.483
745.19
750.754
1036.27
1060.43
987.754
801.407
1075.84
943.519
861.699
805.558
959.181
942.919
989.084
1013.21
1049.38
1024.24
913.781
1005.7
771.014
880.856
1016.36
988.365
793.129
795.276
807.913
1047.9
806.769
1042.3
1028
969.912
803.009
1036.27
1027.61
901.22
822.665
842.052
823.761
762.821
910.062
709.979
950.22
1000.58
759.794
793.739
804.096
759.046
804.444
789.027
1075.88
805.918
809.271
1075.23
1073.36
1061.63
842.427
674.84
776.986
657.388
872.875
841.703
694.681
868.444
717.897
720.234
877.46
891.281
957.39
969.524
1016.91
962.18
1025.74
972.244
1027.62
930.551
947.843
985.142
996.784
981.415
797.593
771.172
1019.12
993.145
995.587
964.935
1026.87
1020.01
976.841
1033.28
1010.96
952.116
803.113
1019.9
792.387
1003.28
765.414
1021.92
805.29
742.978
802.421
1015.86
1050.65
800.903
1070.89
1073.54
1071.3
800.998
795.346
1053.65
782.818
1075.37
1068.1
805.466
774.367
1066.84
790.899
786.919
1074.93
1075.55
808.113
1074.18
796.824
1063.99
728.84
842.049
842.623
705.134
657.107
841.928
730.872
949.74
778.152
838.005
818.406
1064.85
834.345
1070.81
803.628
996.867
839.342
1058.54
842.58
854.562
987.637
939.385
950.445
1021.59
1032.85
867.348
1004.99
871.22
829.484
1071.29
1073.53
1072.78
1036.75
961.201
1026.72
969.209
843.576
1020.42
712.962
955.453
983.708
813.362
821.54
1052.55
677.688
872.689
927.749
843.794
714.316
890.295
970.283
801.531
926.85
732.513
870.179
964.168
903.333
980.046
793.02
1003.13
763.932
921.871
986.023
985.232
887.381
937.206
922.798
791.603
799.619
1039.18
803.957
1030.45
1013.64
796.252
953.391
1034.38
1025.36
1004.77
974.543
1025.68
1010.3
1008.32
782.219
805.639
805.84
1024.75
837.49
955.863
1022.32
1008.72
967.513
1027.64
990.739
1067.09
1026.92
1056.04
839.926
823.9
1069.82
1046.17
1075.66
800.938
1072.28
1002.9
1063.99
1045.14
796.1
808.432
1044.12
1072.54
801.013
803.798
778.258
1075.9
1050.68
806.334
840.837
1073.13
1072.56
828.175
841.992
872.56
741.443
870.877
870.141
770.867
753.058
986.995
914.865
1034.65
1034.75
995.083
838.467
962.934
976.139
844.511
954.809
1062.09
850.862
973.538
938.671
1003.84
942.994
1066
871.769
842.421
842.266
1029.1
1048.84
1040.54
841.744
1034.18
897.894
763.423
736.233
1070.82
987.581
958.763
1036.32
1018.56
1013.05
836.634
807.345
1061.27
839.345
1042.92
842.23
1068.85
1073.41
1073.64
825.43
926.087
893.548
933.207
794.952
836.741
696.226
949.572
758.677
746.337
976.729
883.848
786.203
906.013
769.105
1014.7
799.08
922.487
990.137
851.995
956.09
1035.52
985.306
1000.03
934.591
841.827
1002.51
1027.7
844.406
1020.44
842.51
842.409
963.209
966.753
1036.65
1032.56
982.887
980.596
911.168
839.13
943.554
947.225
1007.6
1028.42
1030.88
1011.42
1016.98
842.658
971.662
1017.09
1069.52
842.127
830.125
832.422
1058.52
1071.82
833.732
1072.17
1073.33
828.775
835.24
1037.37
842.808
810.199
872.408
838.799
815.997
1062.03
820.223
1070.23
826.794
1073.08
1055.62
871.981
728.03
870.823
786.264
696.488
872.734
793.441
895.476
824.327
836.993
868.175
1068.33
1068.42
1046.71
858.699
968.807
874.46
882.959
923.296
865.145
845.352
1065.5
944.203
1043.21
900.952
903.588
1007.46
887.763
997.044
987.634
856.572
1070.35
876.092
1022.31
880.811
1004.22
1044.52
952.928
1040.34
955.555
1003.87
937.452
826.985
948.419
976.192
926.663
1070.34
1038.75
849.217
896.862
899.192
807.59
734.049
900.299
914.483
969.573
768.771
753.544
860.036
994.264
811.378
895.753
1002
982.997
969.887
1025.51
904.135
1011.9
1024.37
929.029
829.444
927.903
935.501
1036.03
1032.94
941.702
1042.06
973.937
991.993
997.602
1032.87
844.069
971.106
1015.83
1038.51
937.145
842.044
992.656
841.993
870.722
978.357
842.233
841.317
1003.45
964.698
960.223
1035.56
881.225
833.19
1064.29
1054.17
873.045
1067.93
852.284
1031.03
1073.6
863.44
1042.38
831.387
1063.78
842.858
1039.41
841.475
1059.35
1069.01
1066.02
1069.9
853.856
816.904
775.786
749.606
895.609
717.328
900.929
860.904
974.392
999.959
1032.48
1046.39
1057.6
964.746
771.911
1000.71
882.883
847.028
909.645
1035.54
869.415
891.539
1060.84
875.77
991.691
1064.68
981.188
1014.97
815.05
924.577
956.434
1047.01
885.493
917.965
993.183
881.69
999.647
1014.24
879.599
985.717
862.116
1050.52
1027.53
874.612
1070.48
899.795
921.462
924.653
1067.02
916.938
783.561
753.662
917.744
968.326
832.212
781.955
873.714
803.122
940.42
818.265
911.62
1023.62
1009.8
833.51
1018.67
931.95
1039.39
927.703
1042.46
978.827
913.038
977.212
885.554
1048.53
886.168
958.53
881.215
989.761
1002.16
953.756
999.659
966.738
945.874
1043.98
1022.47
877.718
994.578
884.347
1035.62
897.221
890.179
962.849
950.524
949.256
1019.3
1044.72
1043.11
1067.36
1063.37
859.676
901.563
855.405
1069.31
873.672
1067.22
1069.46
857.595
866.586
839.902
869.472
1055.94
1058.74
877.509
1042.83
1024.62
1070.3
874.879
847.27
796.436
884.376
1066.63
1062.75
1030.07
965.281
1065.23
1007.36
949.696
906.892
903.93
802.338
824.799
1004.54
856.482
1040.85
1058.06
962.224
898.48
1051.23
925.57
1015.43
940.404
1049.94
917.593
970.068
1038.73
984.785
922.264
934.113
979.79
975.633
913.839
1062.54
1019.78
802.129
1021.23
908.528
1054.86
936.95
1052.38
930.846
937.159
926.622
883.05
880.102
1065.17
993.408
982.943
946.481
788.102
958.468
985.777
873.198
847.811
988.119
840.661
1013.15
904.603
891.242
1024.82
1017.93
1030.62
852.175
917.764
913.998
921.46
863.22
1040.05
866.454
1051.69
1052.81
1044.71
1044.94
1056.12
959.497
977.866
1004.26
925.534
917.612
951.564
1049.65
954.712
948.347
983.614
892.999
1028.58
960.856
971.592
950.814
1024.65
1044.39
918.463
888.992
873.842
1060.75
1064.52
1011.13
860.274
902.215
861.237
1054.19
896.336
893.97
1063.83
1066.47
1007.82
904.178
871.599
898.04
769.621
919.924
923
1045.12
886.598
940.029
1043.57
1035.01
942.448
961.245
992.313
966.242
819.113
983.733
859.266
998.582
868.693
859.848
1014.54
872.025
897.992
901.753
1037.22
1022.81
1029.82
1048.69
921.246
934.056
892.973
1058.54
1022.18
1054.53
1030.83
1060.68
899.6
964.732
1011.85
1062.95
947.67
1001.5
1037.69
1062.34
930.515
887.356
927.267
949.987
990.184
930.454
986.784
945.186
1051.7
934.942
1052.11
929.187
861.578
814.306
1010.93
833.294
898.491
1029.9
1035.8
859.758
905.395
1052.31
968.747
928.716
937.729
982.419
985.423
933.092
977.756
946.449
920.035
1047.3
1051.57
998.387
943.07
946.976
909.892
1032.4
973.624
923.759
1050.58
1066.01
904.942
882.523
1005.61
883.178
902.924
1064.22
1060.8
885.531
1066.43
895.976
1025.07
923.382
977.412
940.232
944.482
788.148
804.779
950.969
889.316
887.107
1045.1
1047.81
1050.32
1056.93
918.369
915.299
911.626
1053.93
950.087
819.459
906.494
1043.15
929.909
906.14
1007.77
992.394
1059.15
950.953
928.067
934.685
1061.61
1001.45
983.861
931.067
938.84
847.87
977.913
883.407
876.402
1039.99
902.496
932.008
945.301
1061.28
1050.19
995.308
1059.78
886.217
886.623
1040.06
929.18
1063.43
963.859
834.498
970.356
981.029
832.357
995.732
843.207
852.17
1008.02
876.585
1018.21
866.36
1026.71
894.103
1043.5
880.054
883.62
890.167
1049.11
943.015
912.558
945.419
1041.59
921.836
915.144
1047.2
1055.11
1034.67
966.899
1057.99
918.419
1056.41
916.572
949.029
924.191
1054.86
1057.03
925.373
984.817
979.808
1047.47
1058.37
1050.8
960.444
963.717
951.172
977.938
959.967
952.761
1055.46
952.909
977.38
957.378
957.686
955.796
971.076
908.941
1053.42
907.827
1060.58
1033.89
910.694
1056.17
1027.27
1051.52
909.252
1020.18
905.552
1013.73
925.91
928.973
954.388
1057.31
955.153
981.756
964.993
932.543
909.748
927.621
