736.736
797.553
855.895
582.711
1069.96
1022.99
939.356
735.773
732.84
727.952
721.138
712.44
701.914
689.606
675.587
659.977
642.608
624.255
603.976
603.954
626.603
638.235
669.175
672.098
694.791
688.927
707.375
709.743
723.357
721.421
731.528
725.581
734.044
730.834
742.361
737.615
739.967
740.853
734.096
740.091
737.948
748.944
738.782
748.363
732.628
741.235
733.981
753.187
743.164
745.28
745.015
728.761
736.814
735.058
755.223
737.23
751.072
717.452
723.025
711.308
751.498
737.194
740.861
727.492
666.804
663.172
681.417
751.592
724.83
687.349
515.717
452.985
481.952
485.299
425.404
463.766
480.729
859.725
975.584
1004.41
1014.11
1017.46
1018.67
1019.11
1019.28
1019.34
1019.35
1019.35
1019.34
1019.32
1019.29
1019.23
1019.16
1019.05
1018.89
1018.67
1018.36
1017.93
1017.33
1016.54
1015.47
1014.06
1012.23
1009.88
1006.89
1003.15
998.517
992.852
986.013
977.861
968.271
957.144
944.424
930.141
914.478
897.836
881.464
866.689
859.968
853.486
821.063
813.506
810.256
804.599
802.79
800.913
799.615
798.69
798.054
797.681
835.682
871.943
903.603
932.499
957.778
979.889
998.995
1015.31
1029.1
1040.64
1050.18
1057.98
1064.3
1069.36
1073.36
1076.5
1078.92
1080.77
1082.17
1083.21
1083.98
1084.54
1084.95
1085.23
1085.44
1085.58
1085.68
1085.74
1085.79
1085.81
1085.83
1085.84
1085.85
1085.85
1085.86
1085.85
1085.85
1085.84
1085.82
1085.8
1085.76
1085.69
1085.6
1085.46
1085.26
1084.98
1084.6
1084.11
1083.48
1082.72
1081.77
1080.61
1079.24
1077.65
1075.85
1073.85
1071.66
1069.31
1066.81
1064.18
1061.46
1058.66
1055.8
1052.9
1049.98
1047.04
1044.1
1041.16
1038.24
1035.35
1032.49
1029.67
1026.88
1024.12
1021.39
1018.69
1016.03
1013.38
1010.73
1008.01
1005.18
1002.17
998.885
995.232
991.075
986.26
980.611
973.928
965.993
956.573
945.431
932.329
917.038
899.343
879.087
856.169
830.2
802.088
770.019
768.555
767.534
774.101
1085.47
1057.68
1076.14
1015.14
759.775
769.367
1085.46
1085.16
730.748
1047.62
1008.65
1029.67
1022.64
993.282
977.746
972.121
1059.22
930.708
1029.9
1038.81
1016.29
785.364
1069.78
731.427
841.799
932.264
774.48
782.53
755.929
738.193
775.494
1084.16
1085.29
1083.99
1084.85
1085.43
724.616
1082.69
1029.78
1029.44
1027.85
1024.62
1005.94
1016.5
695.899
1080.76
922.241
854.596
861.329
752.04
835.826
669.924
686.619
1077.93
610.756
744.99
784.029
1080.4
1029.89
1085.43
780.036
1033.02
887.109
835.437
867.878
800.272
759.401
764.846
625.997
871.541
678.633
698.435
953.287
897.798
957.633
1053.48
1028.09
1028.89
1011.25
1025.94
1000.15
1017.2
984.377
995.886
954.853
1064.71
925.182
669.842
1074.24
1044.68
1029.83
1029.87
774.541
1030.18
1021.89
1029.71
749.139
782.092
771.409
1069.02
767.988
1085.46
768.844
979.765
1040.39
771.471
1081.79
772.245
1085.47
1085.4
1085.35
778.497
1084.99
752.984
1084.76
1085.05
1082.84
1085.36
761.171
774.948
838.007
845.112
703.223
871.072
768.413
648.587
807.442
1080.66
1084.31
795.87
810.175
1083.82
797.436
1084.2
1040.54
784.201
1039.67
813.054
810.897
1084.13
1083.7
1039.75
1017.85
876.142
931.938
716.366
730.307
782.271
806.9
672.265
904.688
903.196
828.52
938.54
877.532
957.378
709.281
648.552
966.345
915.458
998.852
1002.87
964.227
989.157
1020.24
1003.14
1027.03
1013.86
1029.21
996.904
1050.56
1013.38
1028.45
1024.51
1008.63
978.765
1029.24
987.555
1029.89
943.759
1041.74
1029.6
1019.18
1029.83
1027.38
1056.37
1081.82
723.499
1024.95
1067.31
858.837
619.698
1076.18
1079.46
652.214
736.835
1072.1
781.334
767.061
1062.01
990.844
756.771
1029.9
770.585
1035.9
737.202
1083.41
725.963
778.479
777.43
1049.9
1063.98
1073.02
1028.89
1085.47
1078.55
774
1085.47
777.553
1085.45
1083.6
771.929
1085.45
1085.27
780.921
771.366
1085.2
1084.43
774.723
753.47
1084.56
1085.4
755.691
812.204
1083.56
839.661
742.759
718.213
852.792
836.785
668.109
835.435
885.291
888.277
790.338
796.463
1056.78
1075.06
1014.68
813.092
1084.27
974.336
910.732
809.958
997.046
983.432
1012.13
1029.98
1081.49
1036.93
958.951
1049.47
1035.95
1039.87
1061.16
1028.89
884.729
809.855
796.548
1082.07
771.913
1080.25
1039.15
1007.45
760.836
1077.49
1071.58
931.882
842.28
873.521
872.952
808.675
945.074
746.911
979.497
1043.51
1039.31
962.719
798.22
789.418
814.46
807.465
1084.2
799.313
805.645
1083.9
1083.02
1084
878.51
712.815
824.263
692.943
902.875
871.626
732.501
908.297
760.24
755.193
925.851
938.759
986.188
996.344
1032.44
999.771
1037.77
1009.97
1039.38
973.251
987.458
1039.8
1018.08
1020.54
1039.86
1039.81
1063.95
1034.65
1037.58
1002.39
1038.38
1039.67
1015.17
1075.7
1055.38
990.988
761.667
1034.35
1015.66
1022.94
793.903
1066.64
809.017
776.133
813.905
1039.69
1068.01
812.292
1081.7
1084.31
1084.29
815.279
811.803
1083.19
806.255
1084.3
1084.25
811.728
799.544
1079.28
808.947
807.689
1084.31
1084.04
799.052
1083.42
811.494
1084.12
772.312
874.664
881.443
746.16
693.163
871.4
768.507
980.461
811.905
850.638
840.402
1077.41
847.761
1082.39
831.203
1019.94
848.497
1082.16
848.52
902.841
1028.78
977.874
987.057
1038.35
1045.49
1048.36
1050.43
905.275
846.184
1081.08
1082.13
1081.83
1047.69
997.392
1048.39
1006.31
851.906
1069.58
753.769
1039.84
1023.28
837.295
841.588
1081.81
714.611
903.116
960.632
893.115
752.044
927.55
998.519
850.068
957.185
766.416
917.774
992.933
949.711
1004.94
823.865
1046.5
1038.37
1039.86
1026.07
1025.79
1048.47
978.755
966.721
927.615
839.412
1078.93
763.846
1073.74
1058.3
993.503
989.691
1046.34
1040.88
1026.09
1012.54
1039.55
1056.89
1052.44
1029.8
772.581
812.77
1069.2
1039.88
994.152
1035.82
1026.86
1004.96
1038.82
1031.76
1078.77
1049.09
1071.96
848.822
843.363
1084.28
1081.05
1084.29
811.818
1082.46
1028.33
1077.45
1081.27
811.447
784.85
1063.01
1084.3
814.071
809.145
802.49
1084.24
1082.68
801.34
848.957
1081.96
1082.38
845.778
872.579
904.388
785.088
906.406
908.788
817.533
797.909
1014.09
957.825
1055.26
1078.06
1038.05
1045.79
1048.49
1014.59
891.789
985.346
1074.8
873.147
1012.59
973.621
1026.88
1056.17
1082.34
888.835
912.506
1010.91
1045.84
1066.3
1053.11
845.814
1077.77
931.552
808.085
776.399
1080
1012.5
994.874
1047.38
1066.08
1060.1
850.223
833.438
1082.25
849.019
1080.43
848.371
1079.79
1082.33
1082.24
844.593
956.883
930.161
965.893
842.84
885.349
733.745
979.132
795.004
783.548
1003.55
930.488
818.53
950.262
804.199
1038.63
828.311
964.183
1031.89
1048.07
992.216
1046.95
1048.46
1044.22
974.019
991.361
1047.33
1074.08
843.276
1068.23
940.308
1025.53
999.523
1003.45
1047.93
1048.29
1022.88
1020.05
1048.51
1042.29
981.256
984.302
1053.65
1042.84
1044.34
1031.09
1035.13
866.76
1009.2
1048.42
1082.38
848.866
847.075
848.652
1073.25
1082.39
847.522
1081.53
1082.01
845.643
848.838
1078.54
842.555
835.109
889.932
849.869
838.999
1075.61
841.11
1080.53
845.337
1082.36
1082.02
904.808
770.294
907.957
833.28
735.556
903.77
830.79
938.485
855.701
864.041
886.677
1078.29
1079.75
1079.3
878.968
1006.55
894.125
980.074
961.272
883.545
869.639
1079.8
978.591
1054.54
926.478
1054.46
1056.16
1036.22
1046.14
1031.78
877.588
1079.31
897.543
1073.81
918.446
1061.81
1055.25
987.859
1056.12
990.434
1056.99
969.824
874.63
978.366
1016.02
1055.92
1079.41
1078.64
872.158
931.572
931.892
855.183
775.835
932.177
949.139
998.032
808.382
793.62
906.586
1019.14
845.676
941.253
1027.55
1009.76
998.547
1047.78
945.802
1033.19
1042.5
969.535
859.369
964.882
970.964
1050.41
1048.42
976.318
1053.93
1011.93
1038.44
1041.18
1076.68
840.733
1009.47
1063.2
1051.91
1048.5
887.059
1035.02
1047.37
888.012
1017.3
967.524
1035.88
1048.43
1001.13
1056.27
1048.13
930.409
848.165
1076.12
1070.21
891.445
1082.37
874.04
1077.28
1082.3
881.73
1061.38
848.301
1082.31
867.864
1079.53
847.6
1073.07
1078.5
1077.12
1079.64
875.302
865.418
821.731
792.844
931.349
757.181
932.125
880.518
1002.86
1024.68
1053.21
1063.97
1079.64
1001.45
813.953
1026.41
924.412
880.333
945.903
1052.17
896.028
915.009
1072.84
900.79
1062.81
1074.86
1022.62
1073.37
861.536
957.616
992.58
1059.44
929.817
957.073
1056.21
961.882
1050.12
1068.36
908.93
1028.89
880.707
1079.46
1076.23
894.411
1079.52
924.718
954.212
956.023
1076.4
977.375
828.708
795.841
951.875
997.088
878.313
820.606
919.249
838.955
972.367
851.047
951.969
1046.01
1032.69
861.951
1038.31
968.088
1054.76
960.386
1056.72
1019.46
1055.4
1056.26
1012.84
1060.26
1025.6
993.918
944.907
1035
1053.94
989.134
1055.78
1003.93
979.999
1054.91
1072.87
901.803
1042.32
997.373
1056.08
1052.63
1044.16
999.11
984.878
983.161
1056.09
1055.55
1056.05
1077.84
1079.77
879.672
927.886
876.652
1079.7
892.862
1079.81
1078.5
878.233
885.164
865.793
887.399
1070.8
1071.59
902.121
1079.05
1075.05
1079.6
895.053
870.884
842.909
908.189
1076.06
1076.54
1075.68
1062.1
1076.29
1067.51
983.967
944.356
934.078
842.841
862.696
1029.08
887.005
1057.33
1076.67
1000.22
926.171
1061.72
957.041
1062.87
972.842
1062.64
996.661
1012.26
1062.48
1041.61
1029.98
1056.04
1031.52
1022.75
965.163
1073.81
1074.45
847.286
1043.73
939.542
1067.85
969.423
1064.65
963.358
969.724
959.017
907.266
904.548
1074.61
1056.57
1046.14
976.909
829.544
988.738
1013.09
916.124
893.126
1014.72
875.443
1037.2
942.057
931.365
1044.35
1039.08
1048.64
884.052
952.054
949.196
955.058
891.396
1059.16
893.76
1067.84
1067.79
1059.94
1058.22
1069.96
996.556
1062.49
1062.89
1045.65
986.885
986.33
1060.82
1061.48
982.262
1025.9
1049.39
1056.04
996.692
1015.16
985.098
1062.71
1055.85
1007.95
912.193
899.331
1079.73
1074.39
1072.04
880.109
929.649
880.372
1079.56
920.475
917.744
1074.49
1076.18
1070.33
935.702
897.591
922.489
813.305
953.393
955.033
1076.27
909.922
1058.89
1062.4
1075.95
973.918
991.185
1018.71
995.388
863.844
1011.33
900.638
1024.5
908.603
896.504
1037.27
905.818
931.26
934.09
1056.43
1043.82
1049.22
1064.94
950.885
965.802
921.314
1069.96
1068.31
1076.6
1068.41
1071.07
926.96
1003.7
1067.98
1072.68
984.1
1067.6
1068.33
1072.41
961.4
910.486
960.68
1029.15
1067.11
968.786
1064.85
1006.02
1062.11
966.938
1062.71
960.123
905.802
853.597
1035.14
869.637
937.244
1050.72
1053.69
888.999
937.008
1066.29
1009.79
1051.52
969.799
1036.72
1044.07
965.559
1027.05
1060.5
1019.34
1062.46
1062.83
1061.12
975.923
980.567
953.203
1062.56
1018.85
1038.56
1061.33
1076.25
938.624
906.929
1068.38
907.153
931.635
1076.43
1076.67
909.165
1075.79
923.951
1075.24
953.837
1045.7
973.613
975.427
831.779
847.915
1023.83
924.98
916.632
1061.46
1061.93
1063.46
1069.07
947.22
943.485
942.22
1065.5
988.772
861.709
933.534
1068.14
960.63
933.503
1071.32
1067.21
1072.38
1036.2
962.754
983.049
1072.32
1070.44
1061.94
971.739
993.005
890.606
1006.13
920.421
908.879
1057.76
929.884
963.251
978.55
1071.4
1076.47
1069.03
1070.62
909.665
909.807
1076.13
965.498
1073.1
993.408
878.382
1031.69
1008.94
873.437
1021.89
882.905
890.365
1032.4
915.036
1040.83
901.556
1047.63
928.518
1061.17
911.348
913.937
919.031
1064.21
977.34
940.235
980.745
1072.82
952.507
945.529
1072.91
1066.12
1072.57
1006.87
1068.14
948.208
1066.54
945.901
986.525
954.075
1072.72
1068.05
955.555
1066.72
1054.36
1067.96
1068.62
1067.8
1058.47
1021.37
991.275
1065.85
1013.6
994.665
1067.8
1043.23
1049.23
1007.23
1054.48
1002.49
1064.25
936.086
1067.72
934.913
1072.32
1053.19
938.048
1066.73
1072.3
1072.86
936.38
1072.05
932.631
1071.77
955.982
959.506
998.471
1072.54
1049.38
1058.51
1061.78
976.511
936.939
957.932
