638.592
732.069
729.381
519.147
946.145
903.512
863.163
637.829
635.557
631.787
626.537
619.836
611.714
602.209
591.383
579.246
565.938
551.443
535.789
536.749
552.366
569.572
580.486
596.822
606.155
621.157
628.757
639.577
646
655.149
659.985
667.902
671.277
677.24
679.042
683.875
686.374
688.902
692.467
693.171
696.034
695.447
699.379
698.237
702.869
701.423
704.823
702.369
705.661
705.953
706.78
710.008
708.742
711.243
708.398
713.347
710.289
716.836
713.619
718.012
712.718
717.288
717.068
717.641
722.671
719.756
722.704
716.842
724.334
718.716
729.215
723.656
729.695
719.085
726.035
725.073
725.345
734.304
728.583
731.362
720.061
728.539
726.221
727.533
735.228
734.982
715.943
725.19
721.943
720.949
738.912
728.575
727.015
699.345
705.18
704.628
734.481
713.829
725.234
665.941
656.563
656.244
635.146
722.408
692.49
597.966
446.751
437.278
482.271
405.082
425.993
424.62
547.185
778.797
797.419
788.733
769.01
745.824
717.299
719.682
723.476
723.866
725.722
727.575
728.704
729.842
730.638
731.27
731.71
731.976
766.388
798.381
828.363
855.933
881.318
904.4
925.287
944.029
960.718
975.454
988.345
999.505
1009.05
1017.09
1023.74
1029.12
1033.33
1036.48
1038.68
1040.03
1040.63
1040.59
1039.98
1038.92
1037.49
1035.75
1033.76
1031.57
1029.23
1026.77
1024.22
1021.62
1018.98
1016.32
1013.64
1010.95
1008.26
1005.58
1002.91
1000.26
997.636
995.034
992.46
989.918
987.41
984.929
982.476
980.066
977.73
975.458
973.215
970.971
968.733
966.518
964.333
962.176
960.043
957.933
955.843
953.774
951.725
949.695
947.682
945.684
943.699
941.723
939.751
937.78
935.804
933.814
931.8
929.747
927.631
925.429
923.112
920.655
918.027
915.185
912.071
908.62
904.761
900.417
895.507
889.94
883.621
876.449
868.323
859.138
848.791
837.186
824.23
809.842
793.953
776.507
757.484
736.81
714.625
690.717
665.485
744.583
711.293
739.114
1014.03
998.906
1028.05
943.692
690.129
747.194
1006.03
990.37
643.284
942.011
591.175
764.53
709.35
888.481
679.116
857.766
949.982
808.602
770.131
936.127
763.594
762.944
958.238
635.783
760.129
855.5
720.134
731.532
752.072
752.664
726.518
1038.68
1031.5
980.465
1036.81
1024.45
757.889
975.768
752.797
756.759
737.444
926.037
907.102
919.083
758.571
971.319
807.803
735.575
753.501
651.68
764.697
588.051
601.059
966.853
756.763
665.249
739.477
1035.12
766.032
1000.73
734.376
932.183
774.783
765.986
753.25
689.273
657.343
661.523
554.632
797.788
606.518
618.88
754.555
775.313
880.985
945.967
766.258
733.992
913.639
729.87
898.926
686.907
875.03
592.173
835.874
954.07
758.2
763.833
962.492
940.046
758.653
759.267
742.642
930.18
923.846
758.862
675.156
744.585
713.835
1016.28
694.867
1019.31
701.413
904.102
975.011
737.999
1037.17
729.381
1011.36
998.102
995.498
721.798
987.85
751.861
985.36
1035.31
1038.37
1029.28
752.071
729.725
763.055
758.565
613.997
751.943
664.262
571.166
748.978
1032.42
1007.18
723.345
780.1
984.136
782.344
991.649
936.971
699.749
797.976
765.67
755.991
1024.65
1030.39
792.911
921.243
790.521
854.577
623.454
635.192
675.346
742.351
589.877
795.949
827.769
713.303
788.999
756.271
880.169
634.134
572.466
713.506
792.739
924.98
570.944
847.448
882.181
701.632
903.256
743.491
916.466
744.431
894.031
943.984
644.423
735.145
713.438
910.54
866.926
765.201
644.344
761.257
822.953
938.086
763.806
921.535
751.502
928.138
947.966
973.546
756.616
768.18
956.144
761.435
757.297
964.656
969.086
754.299
761.953
960.353
741.334
745.249
952.016
760.156
682.096
767.485
746.864
934.162
655.974
978.081
754.625
739.784
747.079
987.831
1008.35
1022.81
960.334
1016.68
1032.11
737.534
1008.69
724.609
1021.9
1038.85
717.486
1003.37
992.92
734.096
705.4
1033.53
982.9
732.338
750.66
1037.97
1026.91
750.698
757.477
981.683
761.812
644.526
625.582
755.857
764.032
586.91
765.385
782.899
779.074
681.574
686.318
997.023
1024.66
942.754
768.692
1017.48
815.566
789.1
775.369
898.756
877.871
723.093
739.681
973.888
776.817
843.429
942.822
795.757
797.661
950.8
929.251
792.462
763.418
786.147
974.476
786.316
970.11
788.106
911.834
789.073
965.498
959.099
853.525
783.485
794.305
752.701
697.916
826.217
653.925
903.317
938.916
798.137
795.68
792.018
708.635
773.248
752.034
1022.36
784.047
779.605
1028.7
1032.8
986.615
788.183
621.532
709.991
608.237
826.84
796.146
639.981
802.69
658.344
668.645
804.877
819.128
799.113
773.526
754.393
902.572
775.193
914.389
792.596
862.748
884.116
796
715.355
923.315
797.601
798.645
952.84
933.111
935.039
905.989
775.271
791.826
919.064
963.27
946.779
889.616
791.76
768.644
796.721
718.127
715.934
954.906
776.398
690.544
772.669
973.685
1013.72
771.886
1033.21
1004.57
999.37
765.817
759.612
979.223
737.885
1012.38
994.205
779.333
728.854
1030.82
754.156
745.71
1009.79
1026.77
781.271
1031.79
764.356
989.119
667.667
792.656
785.917
647.464
606.51
797.012
676.023
861.322
724.026
804.657
775.692
1023.02
800.425
996.004
754.164
825.118
807.901
981.053
812.416
782.988
928.689
876.906
891.358
803.574
821.524
832.194
941.991
818.938
793.416
1022.34
1012.82
1019.67
826.981
904.535
832.541
913.037
819.775
952.855
655.438
798.439
925.33
768.783
781.036
976.257
625.31
826.027
824.227
771.674
660.379
818.846
924.162
732.035
879.047
679.886
798.648
859.468
831.949
745.341
740.963
940.87
797.098
798.421
927.303
926.772
832.99
870.784
853.663
793.682
790.883
967.694
787.836
961.188
948.783
797.022
895.155
822.861
808.609
813.268
916.783
792.882
945.915
944.797
795.887
791.905
773.78
956.993
796.14
894.472
776.531
727.315
909.072
780.653
931.184
1023.88
986.247
1019.85
809.233
785.659
996.781
971.553
1014.95
770.213
1033.29
959.249
1028.28
972.331
760.987
786.137
1006.14
1001.97
767.596
778.808
734.159
1019.96
976.72
785.704
810.735
1017.5
1001.02
790.324
795.495
823.79
679.697
816.051
808.171
704.77
689.604
941.33
846.884
993.592
959.988
934.501
829.759
831.859
919.256
774.326
885.31
1010.89
808.174
917.422
881.369
887.626
863.686
988.453
835.105
823.157
826.007
866.71
1008.98
866.148
815.403
962.781
844.788
699.459
677.119
1008.79
838.6
901.733
825.758
951.897
947.928
803.547
759.64
983.49
806.507
969.212
813.042
1023.97
1005.92
1010.7
787.424
877.437
829.534
856.435
726.398
765.62
643.724
902.086
702.33
689.464
851.263
812.773
732.926
836.792
713.76
971.493
747.765
855.862
930.66
830.815
898.555
824.256
831.926
938.274
870.767
825.125
940.141
958.339
818.927
953.176
824.291
827.364
906.815
910.676
827.959
831.035
924.881
923.006
833.121
829.502
882.33
887.139
943.931
814.574
818.979
805.338
801.98
820.5
915.297
833.017
993.494
811.536
795.112
797.186
1018.45
998.558
798.93
1021.17
1014.96
791.915
802.008
965.805
816.88
764.686
836.14
805.729
772.526
1021.27
778.391
1023.42
789.126
1003.49
978.655
821.668
668.262
812.566
718.971
641.123
825.161
734.728
827.782
770.856
787.656
831.084
1006.48
985.853
966.779
819.035
913.511
839.476
851.677
861.124
827.401
800.075
981.302
888.489
867.065
859.418
860.555
866.017
855.32
935.587
928.569
816.423
996.041
842.359
952.858
847.844
939.982
866.434
897.571
868.082
901.691
940.358
873.243
757.228
900.064
919.574
862.64
1003.02
962.257
805.766
841.21
848.004
738.828
674.524
850.588
845.681
922.852
709.299
693.767
789.915
892.879
754.906
825.474
957.558
894.837
892.44
983.47
837.716
880.667
869.569
863.808
777.32
867.111
877.169
864.847
865.09
885.256
866.673
917.336
931.858
936.431
962.276
818.105
915.425
949.938
865.177
832.581
821.882
932.626
829.952
833.955
921.141
824.575
828.687
832.444
908.55
864.585
829.213
848.907
797.924
1010.76
1014.41
837.185
990.989
810.382
957.887
1008.37
825.494
1002.08
796.12
985.965
796.366
966.679
813.905
1010.32
1002.72
1010.02
990.108
812.69
746.816
710.029
687.667
836.501
659.369
852.366
822.444
911.229
924.568
988.206
1001.5
973.74
910.041
710.197
954.922
817.024
790.649
849.453
916.564
821.197
850.007
992.634
830.306
893.076
986.468
923.562
943.176
746.946
869.332
903.638
906.819
816.698
854.365
865.635
850.5
937.465
947.459
846.215
927.1
824.067
969.023
955.867
840.125
994.591
858.143
868.142
874.869
986.566
875.053
718.237
692.841
856.826
920.662
763.687
722.712
804.078
745.338
882.927
763.232
846.587
979.193
925.248
782.831
874.167
872.449
913.285
873.299
910.257
921.688
861.496
865.213
853.652
905.556
854.166
904.439
849.684
930.183
939.237
901.365
936.904
911.759
890.981
866.664
953.628
844.162
933.783
852.693
867.505
859.392
856.752
908.367
896.137
895.998
866.247
866.481
867.921
1008.71
978.875
820.303
860.241
814.759
988.023
838.342
983.772
994.417
817.645
829.196
792.113
832.532
1008.76
994
832.682
964.593
954.209
992.426
840.853
803.018
729.272
841.581
976.721
967.783
949.763
889.335
970.874
941.322
897.807
866.444
863.176
740.412
764.418
943.511
803.221
951.791
964.096
908.46
850.17
903.161
879.216
895.5
889.016
901.23
875.915
914.85
897.13
925.794
878.662
883.514
922.244
919.165
872.442
991.14
945.367
735.854
972.77
855.461
971.859
887.763
941.194
877.081
884.251
880.275
839.478
835.676
972.946
931.535
923.997
896.914
725.985
898.792
939.033
806.178
779.37
919.695
782.859
968.194
842.943
826.701
921.114
923.348
918.575
797.366
860.32
855.222
865.167
812.758
995.659
817.167
1005.94
994.879
949.332
907.949
994.931
906.196
891.049
894.436
879.951
875.786
899.464
904.361
887.774
896.554
925.468
858.063
866.66
906.57
916.052
896.758
895.996
867.22
876.54
847.534
827.602
976.37
979.545
941.511
821.455
861.13
823.081
971.35
854.668
852.372
989.246
974.985
940.02
863.672
824.449
856.401
706.35
863.65
871.719
956.047
844.535
885.273
897.79
951.685
888.791
906.956
934.665
917.184
752.445
935.287
794.242
950.611
804.875
799.649
948.347
814.748
841.435
846.513
986.058
950.576
951.67
993.657
875.256
885.223
843.173
967.517
919.144
961.622
921.144
963.475
852.01
910.523
916.33
965.916
897.002
913.787
922.306
955.432
881.931
845.832
881.002
899.161
924.223
884.07
923.093
895.942
903.065
882.985
904.493
878.635
793.66
753.006
963.032
774.115
835.364
980.326
952.09
808.021
851.292
974.117
913.788
881.286
886.475
924.142
926.153
879.719
920.757
886.47
877.447
899.15
903.571
935.022
891.559
895.257
869.107
896.45
917.63
879.259
903.805
972.934
864.59
838.45
939.201
840.122
862.041
969.373
966.224
842.958
976.985
846.965
947.753
877.222
919.565
890.595
893.251
723.941
740.231
900.074
829.78
835.342
976.16
946.408
943.552
969.762
872.667
869.902
859.418
939.048
899.136
755.074
860.615
922.98
881.231
859.453
930.696
911.911
948.971
899.541
881.837
887.807
952.743
928.581
921.997
884.704
891.102
781.901
922.368
822.387
820.668
974.792
855.2
883.357
893.668
962.493
958.908
926.236
965.49
843.868
844.883
953.764
882.905
961.567
912.76
767.962
914.77
929.906
768.571
944.152
780.392
790.59
955.178
814.115
963.076
807.591
968.484
836.059
990.655
825.811
830.704
839.446
975.703
892.999
867.386
895.074
941.758
870.523
863.597
944.078
937.208
938.834
912.292
940.914
868.477
928.836
867.345
898.197
875.321
946.928
930.702
875.936
910.594
920.465
923.637
935.925
924.315
903.281
909.866
900.08
909.164
907.063
901.398
927.512
900.488
919.182
905.09
902.429
903.851
907.118
863.322
925.468
862.084
950.644
972.282
865.578
936.543
936.105
945.692
863.846
933.938
859.412
932.265
877.123
880.236
902.723
947.91
901.461
921.271
904.957
886.003
864.526
878.854
