771.61
818.47
890.299
605.63
1076.8
1075.12
962.738
770.53
767.371
762.15
754.882
745.594
734.324
721.133
706.054
689.165
670.789
650.075
629.004
630.072
647.736
675.715
669.14
699.382
696.329
731.397
725.338
737.814
730.938
744.406
737.989
753.694
746.591
754.022
737.799
746.736
744.565
744.265
756.925
748.553
749.822
731.593
746.357
732.036
757.65
747.395
755.292
719.746
731.026
723.341
723.003
756.272
745.729
731.427
674.498
681.913
663.1
741.087
743.401
696.673
515.664
454.792
459.431
517.863
428.54
456.94
480.108
862.024
980.509
1010.59
1020.88
1024.48
1025.8
1026.29
1026.48
1026.55
1026.57
1026.59
1026.59
1026.59
1026.59
1026.59
1026.59
1026.59
1026.59
1026.59
1026.59
1026.59
1026.58
1026.58
1026.57
1026.56
1026.53
1026.5
1026.44
1026.36
1026.23
1026.04
1025.76
1025.36
1024.8
1024.01
1022.92
1021.45
1019.49
1016.92
1013.61
1009.39
1004.11
997.619
989.771
980.459
969.63
957.313
943.686
929.214
914.476
901.383
895.517
890.95
873.889
850.777
834.305
831.26
826.679
823.795
821.68
820.159
819.173
818.628
860.201
895.533
928.774
957.147
981.973
1003.21
1021.11
1036.02
1048.26
1058.19
1066.12
1072.38
1077.25
1080.98
1083.8
1085.91
1087.45
1088.57
1089.36
1089.92
1090.31
1090.57
1090.75
1090.87
1090.95
1091
1091.03
1091.05
1091.06
1091.07
1091.07
1091.07
1091.07
1091.08
1091.08
1091.08
1091.08
1091.08
1091.08
1091.08
1091.08
1091.08
1091.07
1091.07
1091.07
1091.06
1091.05
1091.04
1091.02
1091
1090.96
1090.89
1090.78
1090.62
1090.4
1090.1
1089.7
1089.18
1088.51
1087.67
1086.64
1085.42
1083.99
1082.33
1080.47
1078.4
1076.15
1073.72
1071.16
1068.48
1065.72
1062.89
1060.01
1057.09
1054.16
1051.23
1048.34
1045.48
1042.64
1039.82
1036.97
1034.06
1031.01
1027.76
1024.18
1020.12
1015.4
1009.79
1003.04
994.873
984.968
973.008
958.678
941.669
921.68
898.519
872.279
841.692
809.579
748.675
789.293
777.501
1090.73
1072.11
1085.58
1035.88
781.945
702.362
1090.74
1090.73
749.092
1078.86
1024.58
1037.85
1034.1
1025.59
1000.17
1007.79
1085.62
971.244
1037.85
1071.73
1037.85
1037.81
1089.11
768.504
871.414
956.978
782.931
771.092
610.874
776.592
783.619
1090.23
1090.69
1090.71
1090.53
1090.73
928.551
1090.67
1037.81
1037.7
1037
1057.7
1037.53
1048.88
1023.22
1090.59
952.447
896.848
894.469
790.553
861.112
697.051
720.22
1090.38
1035.83
769.014
756.368
1088.24
1037.84
1090.74
775.198
1066.31
921.215
860.058
904.162
839.743
798.396
804.167
656.623
895.174
727.569
738.205
979.452
940.007
981.884
1082.67
1037.85
1037.48
1043.14
1036.02
1031.82
1030.6
1018.03
1014.86
992.985
1087.73
1037.85
1037.56
1089.93
1076.65
1037.85
1037.84
765.749
1063.48
1054.77
1037.79
777.438
725.107
786.664
1080.68
776.843
1090.73
779.918
1003.14
1057.97
786.862
1089.03
788.828
1090.73
1090.73
1090.73
777.515
1090.73
654.602
1090.73
1090.6
1089.59
1090.71
648.637
785.859
864.719
876.862
738.205
907.159
807.925
678.333
820.289
1088.02
1089.7
817.791
765.887
1089.7
790.738
1089.7
1073.82
805.133
1047.28
814.079
817.185
1089.66
1089.5
1047.24
1050.69
904.074
956.841
737.369
764.679
820.497
817.762
701.687
937.091
928.434
870.501
966.687
920.019
981.792
752.794
677.877
990.602
956.969
1021.01
1020.27
1001.1
1022.05
1032.6
1034.7
1036.6
1045.99
1037.61
1028.81
1080.87
1027.97
1037.29
1035.21
1040.33
1013.35
1037.85
1008.21
1037.85
983.14
1074.27
1037.76
1051.82
1037.83
1060.6
1084.26
1090.64
996.57
1037.85
1088.5
1037.83
1037.09
1090.19
1090.51
1032.44
1037.74
1089.58
759.996
763.978
1086.78
1037.85
778.485
1037.85
736.126
1069.07
760.949
1090.69
857.406
765.064
728.414
1065.88
1076.96
1083.49
1048.08
1090.73
1087.12
783.095
1090.73
779.098
1090.73
1089.97
786.705
1090.74
1090.73
772.211
781.158
1090.66
1090.72
783.45
606.423
1090.41
1090.72
720.214
817.166
1089.7
867.582
780.629
754.35
882.791
862.668
700.618
860.308
918.699
921.719
829.126
835.672
1071.29
1084.61
1035.52
815.949
1089.69
998.227
951.855
805.569
1027.94
1015.68
1029.14
1041.88
1087.96
1045.99
995.29
1080.57
1047.28
1047.28
1086.35
1062.65
1047.17
819.132
922.7
1089.67
997.235
1089.63
1047.02
1038.99
1036.35
1089.44
1088.85
957.093
854.372
899.066
915.121
849.333
972.801
769.515
1003.01
1076.28
1047.28
1047.25
1046.62
810.032
803.745
820.328
1089.68
829.148
763.184
1089.57
1089.21
1089.7
908.173
745.709
865.975
723.642
928.32
895.812
754.453
940.213
796.907
786.355
965.961
977.676
1008.25
1016.64
1043.42
1030.69
1046.41
1041.82
1047.11
1007.24
1019.11
1047.26
1033.6
1053.68
1047.28
1047.28
1087.23
1068.44
1071.2
1033.45
1046.7
1047.22
1047.69
1089.31
1083.93
1022.22
1042.95
1044.57
1047.28
1037.1
813.651
1087.93
795.614
800.712
801.531
1057.35
1079.76
804.95
1088.57
1089.7
1089.7
813.96
818.644
1089.69
816.301
1089.7
1089.7
772.147
818.104
1087.23
818.707
818.805
1089.7
1089.62
770.198
1089.39
815.636
1089.7
809.836
901.244
913.806
781.812
725.168
895.222
803.517
1004.64
838.161
852.603
853.148
1085.53
852.134
1087.98
850.188
1037.25
849.488
1087.96
910.74
943.328
1064.79
1008.43
1016.8
1050.49
1054.74
1056.08
1082.33
934.182
855.234
1087.47
1087.86
1087.82
1055.73
1027.92
1056.04
1038.49
1049.27
1086.8
790.206
1047.26
1056.68
852.033
854.663
1087.96
749.3
928.91
986.414
934.976
788.557
957.287
1020.79
892.029
981.861
794.952
957.187
1015.31
987.343
1023.55
845.438
1078.54
1047.28
1047.27
1059.67
1061.49
1056.08
1011.79
1001.83
1047.23
1047.02
1089.51
1021.26
1089.13
1085.26
1047.27
1019.47
1055.16
1052.09
1041.89
1044.72
1047.17
1084.9
1082.37
1047.28
1045.58
807.54
1088.46
1047.28
1025.14
1045.4
1039.81
1036.24
1046.89
1065.58
1086.3
1065.15
1082.54
855.983
853.621
1089.7
1087.96
1089.7
811.748
1088.95
1047.6
1086.13
1089.67
819.11
962.897
1076.08
1089.7
816.659
783.491
817.867
1089.69
1089.67
874.902
868.817
1087.84
1087.98
855.194
897.338
931.367
824.062
936.445
940.623
858.803
837.796
1035.05
992
1069.91
1085.5
1073.89
1056.06
1056.05
1048.35
931.426
1009.32
1083.15
887.8
1051.01
1001.77
1043.98
1063.54
1087.97
921.46
1055.55
1055.97
1057.75
1078.2
1062.07
992.142
1087.63
959.225
847.064
810.723
1086.16
1031.41
1025.08
1055.61
1086.94
1085.8
853.228
851.442
1087.96
848.275
1087.94
937.302
1086.84
1087.96
1087.92
853.437
981.917
959.946
991.931
884.32
926.637
770.761
1002.86
824.593
814.697
1024.16
968.646
842.208
985.722
832.355
1056.4
847.823
997.194
1068.04
1056.07
1022.15
1055.43
1056.03
1078.7
1005.2
1055.93
1080.67
1087.6
1042.31
1087.1
1055.84
1056.01
1030.39
1035.13
1055.82
1056
1058.16
1054.85
1056.08
1056.06
1011.37
1014.15
1083.75
1053.26
1054.11
1045.53
1048.34
1053.06
1041.91
1056.03
1087.98
887.162
854.323
853.355
1082.97
1087.99
852.336
1087.68
1087.81
855.839
852.599
1088.49
1014.36
852.06
932.666
850.399
852.423
1084.46
854.118
1087.21
854.265
1087.97
1087.96
932.665
808.194
938.859
874.09
770.511
930.071
860.111
972.752
878.098
882.489
903.768
1084.93
1085.61
1085.52
892.584
1042.73
980.977
1063.08
990.998
898.452
885.758
1085.64
1006.93
1062.73
976.991
1063.42
1063.41
1063.19
1081.6
1073.34
891.466
1085.31
1029.59
1085.61
1056.33
1083.86
1062.99
1017.33
1063.46
1021.27
1084.06
995.588
915.13
1002.39
1055.48
1063.48
1085.55
1085.51
887.059
960.03
958.774
896.093
812.075
958.373
977.054
1020.47
840.756
827.024
945.075
1037.87
871.8
978.065
1046.93
1030.19
1020.74
1063.96
978.707
1048.78
1055.49
1001.54
880.002
993.924
999.231
1060.57
1059.38
1004.52
1062.46
1045.16
1078.13
1076.47
1088.07
1030.89
1046.77
1086.47
1061.42
1056.05
1054.8
1071.12
1056.05
913.145
1051.58
1055.92
1056.04
1056.02
1032.34
1063.55
1055.91
1059.75
852.828
1083.89
1080.94
946.852
1087.98
888.495
1085.51
1087.95
896.208
1074.59
853.461
1087.97
884.792
1087.89
965.424
1082.13
1084.89
1084.42
1085.52
889.535
907.063
861.694
830.685
960.531
791.667
957.764
893.54
1024.91
1043.26
1068.01
1076.05
1085.55
1035.59
849.451
1045.92
957.234
904.789
973.863
1063.88
914.91
939.944
1080.86
918.917
1069.88
1081.79
1063.67
1082.39
901.074
983.811
1031.85
1068.18
965.521
987.68
1063.46
1062.61
1082.79
1085.25
1050.63
1070.54
894.661
1085.52
1085.52
997.914
1085.46
967.509
980.78
981.514
1082.84
1066.58
867.666
831.888
979.386
1019.76
916.945
851.436
956.395
866.733
997.875
875.247
983.64
1062.32
1049.62
881.349
1052.53
996.648
1065.53
986.633
1066.69
1059.79
1063.41
1063.51
1063.24
1068.57
1063.14
1025.57
1061.64
1075.91
1083.63
1026.45
1083.26
1039.06
1008.5
1062.85
1086.21
1041.77
1080.08
1063.23
1063.39
1063.41
1063.31
1032.37
1014.16
1012.76
1063.35
1063.15
1063.45
1084.77
1085.63
892.953
987.036
890.642
1085.57
963.235
1085.66
1084.64
891.953
900.681
883.544
907.43
1080.71
1080.18
920.285
1085.53
1085.59
1085.51
1014.31
886.228
882.91
926.969
1082.33
1082.68
1082.48
1069.6
1082.46
1083.54
1018.06
1050.88
1021.87
875.846
892.192
1047.48
908.763
1068.82
1082.8
1043.63
947.681
1069.23
1007.52
1069.87
1001.71
1069.74
1068.79
1062.55
1069.5
1080.15
1069.48
1069.47
1077.43
1072.91
1063.35
1081.37
1082.42
885.742
1060.18
963.524
1076.68
1006.94
1073.16
989.829
997.019
1015.29
925.747
922.92
1081.1
1081.93
1080.28
1001.31
863.967
1012.55
1034.22
950.492
930.51
1035.03
901.451
1055.09
970.976
962.737
1058.4
1054.5
1061.45
907.08
978.703
976.399
981.405
911.356
1072.54
913.139
1078.75
1077.9
1070.49
1067.52
1079.25
1037.87
1069.7
1069.91
1069.24
1068.08
1021.92
1068.79
1069.53
1015.12
1067.36
1063.37
1063.32
1029.13
1066.32
1014.55
1069.71
1063.34
1069.18
935.259
917.526
1085.6
1081.18
1082.45
893.136
998.201
893.759
1085.53
951.768
945.274
1081.69
1082.41
1082.52
1032.23
916.03
958.742
851.079
980.475
981.051
1082.51
930.375
1069.56
1069.44
1082.47
999.115
1014.78
1038.84
1018.37
901.302
1032.7
933.495
1044.19
939.813
924.348
1054.03
930.938
956.402
958.622
1069.96
1059.07
1063.08
1076.04
991.088
1000.79
942.675
1077.78
1075.06
1082.74
1075.13
1078.28
948.482
1049.07
1074.83
1079.46
1035
1074.64
1075.04
1078.95
992.774
932.338
1022.98
1074.54
1078.7
1046.64
1078.82
1071.95
1069.46
994.016
1069.94
986.488
941.728
884.894
1053.18
897.331
967.307
1065.66
1066.3
909.717
961.186
1075.8
1058.61
1069.25
997.914
1079.06
1080.5
992.27
1075.45
1069.54
1069.37
1069.53
1069.97
1082.56
1005.72
1012.35
1058.06
1069.57
1069.89
1069.36
1069.04
1082.44
1042
925.5
1082.71
925.6
1009.96
1082.58
1082.79
928.477
1082.12
945.348
1082.49
998.848
1079.27
1014.13
1000.23
868.965
884.017
1074.58
952.051
938.437
1072.75
1071.68
1072.53
1077.34
983.284
976.201
966.199
1073.57
1046.76
896.367
956.955
1074.86
990.818
956.18
1078.9
1074.57
1078.85
1074.6
1030.94
1064.02
1078.84
1078.85
1078.93
1053.03
1068.39
925.138
1028.01
948.709
932.838
1070.19
951.799
996.226
1009.33
1078.45
1082.65
1078.74
1078.09
929.529
930.822
1082.48
1039.04
1079.64
1016.71
914.477
1077.53
1030.58
906.43
1041.81
914.126
919.838
1050.63
944.719
1057.44
927.971
1062.72
954.544
1073.42
934.326
936.207
940.538
1074.54
1021.17
970.402
1028.08
1079.26
977.509
969.716
1079.33
1073.85
1079.08
1054.05
1075.32
972.669
1073.68
970.101
1041.02
980.33
1079.15
1074.88
981.608
1074.61
1079.21
1074.7
1075.47
1074.56
1074.38
1075.23
1052.27
1074.63
1072.84
1057.69
1074.6
1074.64
1079.11
1069.91
1074.52
1066.54
1074.53
961.276
1074.5
959.177
1078.81
1066.89
966.388
1074.19
1078.92
1079.27
962.416
1078.85
955.45
1078.87
983.079
988.613
1062.51
1078.99
1074.6
1079.1
1074.41
1058.99
963.987
986.002
