618.255
716.305
378.56
506.219
919.118
883.581
843.185
617.551
615.428
611.899
606.981
600.698
593.082
584.171
573.995
562.632
550.089
536.442
521.826
522.371
538.448
551.792
567.917
578.578
592.561
600.902
612.795
620.788
630.393
636.656
644.625
649.185
655.785
659.487
665.154
667.906
671.576
674.561
676.325
679.53
680.818
684.154
684.126
687.402
686.503
689.657
689.251
692.759
692.312
693.906
695.053
694.618
697.11
696.931
700.396
698.601
702.311
699.457
703.279
701.681
706.578
704.958
706.622
707.688
705.952
709.321
708.484
713.634
709.948
715.201
709.635
714.98
711.903
719.745
716.325
718.224
719.225
714.969
719.832
718.276
725.839
721.147
723.367
723.248
719.861
719.589
730.349
724.186
725.644
725.801
715.4
721.949
719.239
731.355
722.754
723.41
705.249
717.919
703.184
725.624
715.862
704.264
718.866
674.999
678.403
672.543
695.131
677.753
657.873
602.984
602.087
579.13
626.153
613.361
566.543
437.535
390.229
385.655
441.698
534.953
602.042
646.373
673.38
690.042
700.57
707.015
711.125
713.671
715.216
716.044
749.191
780.206
808.994
835.701
860.13
882.367
902.384
920.247
936.023
949.804
961.703
971.844
980.358
987.385
993.066
997.539
1000.94
1003.4
1005.03
1005.96
1006.27
1006.06
1005.42
1004.43
1003.15
1001.63
999.91
998.029
996.021
993.917
991.742
989.513
987.247
984.955
982.648
980.334
978.018
975.705
973.4
971.106
968.825
966.562
964.316
962.091
959.888
957.701
955.53
953.39
951.309
949.28
947.271
945.256
943.242
941.244
939.269
937.315
935.38
933.46
931.555
929.663
927.783
925.914
924.054
922.199
920.346
918.489
916.623
914.742
912.836
910.896
908.906
906.85
904.702
902.432
900.013
897.414
894.604
891.537
888.158
884.403
880.204
875.491
870.19
864.221
857.501
849.943
841.462
831.972
821.39
809.639
796.648
782.354
766.706
749.673
731.214
711.37
690.058
667.466
643.426
731.635
692.447
724.55
982.898
970.138
995.441
919.129
670.589
736.451
976.03
962.452
626.825
918.771
694.001
755.565
730.281
862.842
653.788
830.678
926.168
781.186
753.016
913.193
753.723
749.589
933.722
615.551
718.535
834.895
703.879
719.404
737.897
741.894
711.647
1003.79
997.695
953.724
1002.16
991.764
741.603
949.539
760.401
751.416
750.843
903.2
882.967
895.93
743.922
945.553
570.753
710.209
623.366
630.459
745.382
572.633
582.999
941.53
747.752
646.938
727.924
1001.2
755.582
971.456
721.93
909.363
475.234
748.588
550.224
666.114
635.769
639.692
539.214
779.388
585.539
601.242
612.882
748.551
859.332
922.46
754.085
758.81
890.076
736.238
874.081
725.52
848.602
686.443
808.403
929.919
754.811
746.138
937.586
916.923
759.983
758.142
729.41
907.382
900.94
756.118
655.155
734.858
697.378
985.45
678.25
987.408
683.218
881.504
948.382
721.386
1002.8
712.806
980.615
969.182
966.922
707.258
960.244
734.743
958.055
1000.89
1003.7
995.832
739.335
715.603
737.842
699.479
595.09
451.473
642.265
555.065
731.708
996.084
976.768
703.136
765.376
956.889
769.23
963.442
914.068
680.261
789.167
750.006
739.818
991.063
995.397
790.563
898.679
743.868
832.769
606.843
615.36
653.063
724.474
572.979
523.378
808.107
688.809
602.432
730.073
857.018
612.642
555.791
633.227
765.565
901.406
689.831
820.124
856.139
734.712
878.78
737.989
893.129
754.9
868.795
920.616
708.768
754.668
735.424
886.711
840.144
755.154
675.899
758.834
795.445
915.066
750.321
898.524
762.278
905.335
924.31
947.551
744.289
751.55
931.813
751.493
749.38
939.545
943.544
748.416
749.229
935.645
728.35
729.262
928.038
754.413
664.083
755.749
731.477
911.295
636.39
951.603
742.416
725.893
734.53
960.134
978.53
991.041
934.753
985.166
998.785
723.817
978.324
709.272
989.613
1004
700.608
973.74
964.679
719.744
689.102
999.392
955.883
716.28
737.416
1003.15
993.845
741.818
742.289
954.732
730.396
623.752
605.984
670.075
742.526
569.566
747.334
639.769
569.322
658.9
663.345
964.875
989.084
915.706
754.353
985.342
678.331
762.14
761.331
874.523
852.066
725.148
765.453
947.729
782.363
816.334
919.534
788.122
791.832
926.889
906.686
782.02
746.804
771.692
948.34
775.083
944.429
786.829
888.75
776.635
940.272
934.469
829.409
765.936
766.681
726.712
674.351
631.68
635.861
878.898
915.894
788.478
782.884
779.135
688.639
759.001
734.429
989.261
769.796
767.645
994.161
996.997
959.059
722.547
602.571
685.695
589.498
806.217
775.478
621.226
588.614
637.114
647.52
777.681
791.844
698.412
711.038
769.084
878.682
784.337
891.493
789.095
836.197
858.713
789.592
736.241
900.793
790.046
788.681
928.759
910.408
912.243
882.407
785.643
791.606
896.425
938.256
923.193
864.618
776.208
771.768
784.557
749.453
696.709
930.647
762.633
670.346
757.488
944.002
979.534
756.039
996.928
974.555
970.107
752.214
743.889
952.559
720.546
981.136
965.656
764.244
709.693
994.568
737.285
728.446
978.967
992.702
768.125
996.372
748.703
961.243
645.861
757.808
689.407
626.913
588.384
777.843
654.262
718.728
702.4
788.868
757.445
983.466
784.88
966.8
734.062
768.438
792.806
954.012
797.179
756.385
906.328
851.893
867.524
798.815
815.425
819.923
918.758
766.035
777.257
985.581
979.854
984.569
821.56
881.849
822.904
890.932
805.636
928.78
634.412
790.105
902.819
749.537
763.501
949.816
606.242
803.55
655.206
745.125
639.144
610.142
898.432
706.878
853.031
659.778
771.814
734.602
804.705
717.92
719.937
917.718
788.255
791.377
904.777
904.505
820.63
844.59
826.806
782.795
781.735
942.253
775.629
936.367
925.037
783.061
871.668
816.854
804.551
777.487
894.035
791.251
922.382
921.363
786.505
777.768
760.6
932.551
792.368
869.867
776.854
759.718
885.76
785.673
908.559
984.876
955.295
984.88
793.835
768.135
967.879
945.66
983.266
755.276
997.199
930.876
992.273
946.422
745.924
773.394
972.909
972.335
752.999
762.696
715.022
987.347
950.337
770.237
794.609
983.112
970.918
774.357
772.215
792.894
657.249
741.727
654.415
680.788
666.547
909.709
820.407
955.686
935.273
911.794
817.17
822.731
897.205
748.215
761.275
968.099
789.821
895.775
858.076
807.575
849.321
960.405
818.402
808.877
813.315
834.533
969.391
848.525
800.641
937.802
785.289
676.272
656.086
974.054
758.691
878.826
819.673
927.882
924.236
787.373
739.863
956.128
791.772
943.577
798.41
985.653
974.798
978.391
770.387
846.631
668.171
700.803
701.578
739.424
622.762
874.213
681.035
668.647
747.742
785.856
711.706
810.074
692.268
936.443
727.566
829.695
908.19
819.357
875.384
817.984
823.273
915.311
845.349
811.942
917.044
933.773
804.336
929.057
809.558
814.455
884.32
888.489
822.788
822.954
902.694
900.883
821.142
816.131
857.724
862.93
920.551
809.612
813.244
785.504
792.518
807.134
893.233
823.173
964.695
795.952
778.368
781.099
978.376
968.918
783.641
985.251
981.275
775.81
786.052
940.531
801.687
744.732
819.591
790.187
753.666
981.358
760.729
985.861
772.335
972.896
951.919
782.285
646.528
705.727
694.6
621.077
799.49
712.255
801.575
748.979
767.302
814.274
969.521
957.403
941.293
801.779
892.015
822.882
836.12
836.235
810.73
780.567
953.744
865.853
851.225
841.41
845.514
851.983
839.956
912.882
906.313
798.642
964.423
826.237
928.835
831.551
917.068
852.698
875.258
854.447
880.209
917.337
747.112
731.515
866.527
897.824
847.881
969.199
937.296
786.995
758.232
803.792
713.654
652.65
816.233
683.48
893.097
686.878
672.177
763.574
797.923
732.672
798.601
924.187
786.836
774.477
946.896
811.757
815.651
828.923
837.999
755.905
842.631
853.498
843.176
839.228
862.304
849.988
895.29
909.398
913.596
937.342
802.891
893.862
926.084
846.13
821.656
807.949
910.038
818.317
817.022
899.064
810.788
815.293
823.446
886.232
850.412
823.138
832.717
782.313
969.401
974.454
820.785
962.572
792.338
933.389
976.665
808.71
963.168
779.84
958.267
776.606
941.31
799.515
966.248
967.372
970.131
960.581
794.767
721.172
686.198
665.235
719.611
639.116
824.328
805.431
812.286
834.168
942.327
955.099
947.342
888.614
687.121
914.086
791.436
768.018
825.203
868.078
800.84
832.087
950.448
810.847
875.712
950.547
901.599
920.152
721.818
846.673
882.831
878.7
790.328
829.081
851.568
834.853
914.633
923.901
830.038
904.931
807.114
943.257
931.568
823.579
963.691
840.178
801.849
836.651
953.666
857.23
694.286
670.236
733.102
884.456
738.165
700.178
777.655
723.015
786.642
741.222
820.941
934.645
842.457
761.892
822.618
848.379
871.704
850.965
874.411
899.827
846.5
851.111
837.921
879.898
838.563
882.981
833.669
907.828
916.285
880.639
914.203
890.306
868.708
851.912
929.514
828.094
911.197
837.138
853.806
844.485
841.721
886.944
874.201
874.568
852.431
853.396
854.559
970.283
951.72
803.331
842.278
796.969
959.06
821.785
955.769
962.116
800.156
812.52
772.038
815.68
963.634
949.392
813.501
939.368
930.067
962.243
824.531
783.827
704.659
823.253
947.146
941.423
926.095
871.961
943.546
918.37
877.153
848.716
845.399
716.922
740.936
865.117
781.288
896.943
938.52
887.444
829.862
881.901
860.068
878.035
868.215
882.628
858.214
893.551
879.267
903.967
861.185
866.167
900.604
897.669
854.648
951.233
922.141
711.378
918.273
833.481
928.02
867.876
905.342
855.022
862.646
861.131
820.912
816.72
942.469
909.374
902.413
854.889
702.691
799.627
900.406
780.412
753.618
823.637
759.887
925.44
818.293
801.369
856.422
849.536
862.483
775.059
836.901
831.388
842.134
791.651
949.224
796.446
960.056
945.549
900.003
876.593
947.903
885.28
873.695
877.071
862.608
857.998
878.787
880.566
870.43
875.889
903.395
843.209
852.94
885.136
894.705
874.987
878.396
854.141
858.903
829.641
807.868
949.599
945.723
918.628
804.438
843.229
806.046
945.28
836.753
834.456
951.417
946.231
917.255
845.937
804.43
838.466
683.156
772.825
822.281
931.636
826.556
867.931
879.855
927.806
816.644
830.441
855.21
871.625
727.579
886.816
769.162
899.805
779.982
775.794
872.361
791.586
818.325
823.808
931.35
878.82
885.325
942.266
856.189
865.416
822.278
929.892
898.863
936.443
900.623
930.211
831.988
889.412
896.333
934.912
876.782
894.004
901.597
928.612
862.144
827.959
861.873
879.737
903.032
864.978
901.954
876.481
882.683
861.747
884.485
857.888
767.83
729.455
910.19
750.861
810.348
925.197
891.527
786.482
828.954
926.623
892.528
863.972
865.65
902.402
904.327
857.848
899.185
869.145
859.913
881.001
884.254
912.592
870.801
874.566
851.362
878.714
896.207
861.874
881.391
944.94
846.864
819.663
916.48
821.691
844.238
942.56
940.25
824.716
946.914
826.376
924.293
858.119
898.411
870.602
838.838
700.228
716.116
880.496
805.837
813.759
921.176
902.208
903.899
929.24
853.675
850.993
837.758
906.226
878.882
730.755
841.431
902.095
861.39
839.911
908.998
892.242
924.389
880.176
862.725
868.718
926.846
907.056
900.897
865.654
871.885
756.746
843.39
798.079
797.917
916.123
835.331
863.578
872.945
930.479
934.12
904.899
930.266
825.779
826.995
929.641
863.801
933.308
854.104
742.872
893.866
868.153
744.19
880.327
756.083
766.464
889.996
789.483
897.532
784.052
904.049
812.52
937.406
803.481
808.756
818.215
924.442
872.918
848.54
874.92
918.872
849.308
842.212
920.847
906.751
916.326
891.099
912.841
847.773
903.825
846.91
877.954
855.225
923.091
907.491
855.608
890.965
899.371
902.535
911.341
902.957
884.017
889.278
879.812
889.582
886.619
881.093
905.198
881.144
898.126
884.72
883.145
883.5
887.649
844.278
903.739
842.98
925.486
910.325
846.744
907.807
913.914
922.16
844.893
911.97
840.105
910.444
857.118
860.345
882.385
923.742
882.151
900.173
885.615
866.949
845.648
858.911
