786.255
827.908
903.247
616.389
1079.05
1078.85
972.145
785.23
782.083
776.813
769.44
759.99
748.5
735.013
719.626
702.378
683.141
663.011
639.84
639.719
665.142
673.513
716.086
710.973
738.322
717.209
739.333
737.366
754.119
745.002
756.405
740.758
749.913
742.428
761.77
751.112
752.908
752.202
735.402
743.294
741.339
761.581
743.205
757.172
722.978
728.669
716.774
757.567
743.016
746.802
733.208
671.758
668.089
686.668
757.757
730.688
692.7
518.722
455.182
484.559
487.969
427.209
466.129
483.336
867.8
985.33
1014.57
1024.41
1027.82
1029.04
1029.5
1029.66
1029.73
1029.75
1029.76
1029.76
1029.76
1029.76
1029.76
1029.76
1029.77
1029.77
1029.77
1029.77
1029.77
1029.76
1029.76
1029.76
1029.76
1029.76
1029.75
1029.74
1029.73
1029.71
1029.67
1029.62
1029.53
1029.4
1029.2
1028.91
1028.48
1027.87
1027.01
1025.81
1024.19
1022.01
1019.15
1015.45
1010.74
1004.85
997.639
988.969
978.781
967.123
954.181
940.339
926.673
913.557
907.988
904.968
876.014
851.788
851.203
841.626
837.392
833.992
831.563
829.892
828.775
828.128
867.182
905.417
937.286
966.027
990.559
1011.33
1028.7
1043.01
1054.61
1063.89
1071.2
1076.87
1081.21
1084.47
1086.88
1088.65
1089.91
1090.8
1091.42
1091.85
1092.13
1092.32
1092.44
1092.52
1092.57
1092.61
1092.63
1092.64
1092.64
1092.65
1092.65
1092.65
1092.65
1092.65
1092.65
1092.65
1092.65
1092.65
1092.65
1092.65
1092.65
1092.65
1092.65
1092.65
1092.65
1092.65
1092.64
1092.64
1092.64
1092.64
1092.64
1092.62
1092.59
1092.55
1092.48
1092.38
1092.24
1092.04
1091.76
1091.38
1090.89
1090.25
1089.46
1088.48
1087.3
1085.91
1084.3
1082.48
1080.46
1078.25
1075.88
1073.36
1070.72
1067.98
1065.15
1062.28
1059.41
1056.55
1053.71
1050.87
1048.01
1045.12
1042.13
1038.99
1035.57
1031.75
1027.34
1022.12
1015.82
1008.15
998.758
987.302
973.416
956.759
937.042
913.939
887.055
857.531
822.143
729.164
780.069
761.857
1092.33
1076.61
1088.34
1042.88
782.706
623.955
1092.33
1092.33
768.801
1086.19
1029.3
1040.16
1037.34
1036.75
1007.24
1020.06
1090.26
985.491
1040.15
1080.92
1040.16
1040.15
1091.84
780.199
879.873
965.874
786.08
788.381
792.066
1000.49
781.123
1092
1092.31
1092.32
1092.2
1092.33
1035.1
1092.31
1040.14
1040.06
1039.58
1068.58
1048.55
1059.98
1039.46
1092.31
962.171
912.239
907.67
802.674
868.122
709.958
730.903
1092.26
1040.06
775.972
761.638
1090.49
1040.15
1092.33
775.392
1076.41
932.702
867.003
916.118
855.572
810.649
816.535
663.169
905.092
713.219
732.533
987.81
955.061
990.488
1088.61
1040.16
1039.92
1054.22
1038.84
1042.83
1034.45
1029.6
1020.68
1006.2
1091.27
1040.16
1040.14
1092.12
1084.65
1040.16
1040.15
731.539
1073.92
1065.77
1040.12
776.011
656.923
782.308
1084.18
791.56
1092.33
790.108
1011.26
1063.69
758.789
1091.11
773.38
1092.33
1092.33
1092.33
791.325
1092.33
674.841
1092.33
1092.25
1091.53
1092.32
866.581
774.771
872.204
886.176
749.269
918.601
820.394
688.854
819.899
1090.15
1091.36
818.833
805.005
1091.36
936.566
1091.36
1082.66
816.125
1050.24
816.75
821.638
1091.33
1091.23
1050.21
1062.02
915.493
965.786
762.043
779.187
836.073
822.904
715.055
947.487
936.964
885.252
975.711
935.351
990.444
743.246
688.511
998.317
971.666
1028.61
1025.5
1013.82
1033.38
1036.11
1045.7
1039.28
1057.09
1040.01
1039.87
1087.51
1032.23
1039.78
1038.22
1051.38
1025.23
1040.16
1014.65
1040.16
996.878
1082.89
1040.1
1062.89
1040.14
1071.3
1089.53
1092.31
1038.29
1040.16
1091.6
1040.15
1040.12
1092.2
1092.29
1039.89
1040.15
1092
743.91
730.25
1090.83
1040.16
781.454
1040.15
701.214
1078.75
772.629
1092.31
1026.31
767.212
614.872
1070.97
1080.93
1086.59
1054.45
1092.33
1089.6
759.334
1092.33
788.278
1092.33
1091.81
782.004
1092.33
1092.33
783.587
789.095
1092.28
1092.32
776.756
742.816
1092.12
1092.32
933.877
819.716
1091.36
875.442
792.582
765.722
897.945
869.852
710.398
867.253
930.821
934.264
844.83
851.459
1075.84
1087.42
1042.56
803.828
1091.35
1006.67
966.427
770
1038.79
1026.81
1035.08
1046.07
1089.71
1049.33
1007.83
1087.21
1050.23
1050.23
1090.22
1073.41
1050.22
815.729
1025.61
1091.35
1046.22
1091.35
1050.07
1050.13
1049.63
1091.28
1091.15
966.119
856.605
909.57
930.363
863.735
982.585
789.684
1011.17
1084.42
1050.23
1050.22
1050.2
818.312
791.223
820.028
1091.34
972.022
846.857
1091.28
1091.03
1091.36
920.162
759.754
880.654
737.069
936.898
905.912
777.719
951.447
812.004
794.422
980.066
991.257
1016.05
1023.79
1047.33
1041.59
1049.64
1053.03
1050.12
1018.92
1030.07
1050.22
1039.01
1064.96
1050.23
1050.24
1090.59
1078.43
1080.66
1044.42
1049.85
1050.2
1059.01
1091.25
1089.08
1033.09
1050
1048.23
1050.23
1042.05
819.572
1090.85
766.985
810.629
803.027
1063.1
1083.3
807.867
1090.57
1091.36
1091.36
812.15
816.699
1091.35
824.491
1091.36
1091.36
778.99
820.892
1089.54
821.343
821.534
1091.36
1091.31
892.935
1091.16
818.333
1091.36
825.216
912.145
925.301
796.581
737.87
905.215
811.903
1012.75
846.32
849.933
857.055
1087.93
852.341
1089.73
854.858
1042.83
894.993
1089.71
1001.31
957.697
1076.12
1019.04
1027.36
1054.29
1057.67
1058.61
1087.73
943.856
855.619
1089.38
1089.64
1089.64
1058.36
1039.01
1058.59
1050.32
1058.15
1088.93
803.541
1050.22
1067.86
857.196
855.918
1089.71
759.895
937.577
995.514
949.925
797.002
967.807
1028.43
907.337
990.587
803.014
971.058
1022.76
1000.39
1030.07
852.973
1085.94
1050.23
1050.22
1070.68
1073.28
1058.62
1023.15
1013.9
1050.22
1050.22
1091.29
1048.67
1091.22
1089.73
1050.22
1030.12
1057.98
1055.59
1046.93
1056
1050.16
1088.81
1088.25
1050.23
1050.14
778.117
1091.03
1050.23
1035.98
1048.88
1044.35
1047.29
1049.98
1076
1088.52
1070.27
1085.68
920.642
857.554
1091.36
1089.71
1091.36
805.746
1090.85
1054
1088.66
1091.37
815.657
1039.97
1080.09
1091.36
805.45
767.866
822.461
1091.35
1091.33
1003.16
948.914
1089.64
1089.73
855.951
907.595
940.37
837.9
946.561
951.431
873.367
851.964
1042.14
1003.75
1074.52
1087.38
1082.96
1058.59
1058.58
1060.58
945.524
1017.49
1085.65
892.376
1065.65
1011.84
1049.61
1066.07
1089.72
971.031
1058.57
1058.51
1061.57
1081.82
1065.01
1045.72
1089.44
968.956
861.4
823.384
1088.06
1037.58
1036.02
1058.28
1089.47
1089.13
847.259
855.39
1089.71
874.135
1089.7
1020.71
1088.93
1089.71
1089.68
857.762
990.744
970.132
1000.68
899.493
941.413
779.297
1011.09
833.932
824.749
1030.96
981.964
850.419
997.946
840.875
1062.2
854.475
1008.53
1078.74
1058.6
1032.93
1058.17
1058.57
1085.9
1015.97
1058.5
1086.94
1089.53
1057.47
1089.4
1058.57
1058.54
1041.66
1046.79
1058.42
1058.56
1070.26
1067.1
1058.61
1058.59
1021.9
1024.67
1088.35
1056.53
1057.19
1050.09
1052.49
1058.42
1053.9
1058.58
1089.73
976.901
855.754
855.1
1085.85
1089.74
854.212
1089.54
1089.6
855.307
849.003
1090.27
1052.25
856.044
989.098
858.837
857.452
1087.07
856.135
1089.2
856.922
1089.72
1089.71
941.95
821.69
949.547
889.071
783.091
938.874
870.26
984.534
885.229
887.886
924.43
1086.96
1087.48
1087.39
897.034
1057.28
1035.91
1065.96
1001.25
907.889
890.585
1087.51
1017.31
1065.47
1017.79
1065.95
1065.95
1065.74
1086.32
1082.56
895.413
1087.21
1058.89
1087.53
1065.4
1086.18
1065.63
1028.28
1066.01
1033.36
1086.95
1004.41
929.669
1010.71
1069.7
1066.01
1087.46
1087.39
891.598
970.028
968.27
910.98
825.953
967.672
986.498
1028.17
852.728
839.525
958.636
1044.1
879.811
990.822
1053.37
1037.07
1028.27
1069.14
989.981
1053.87
1059.67
1012.55
886.739
1004.01
1009.23
1063.86
1062.91
1014.73
1065.29
1057.29
1084.92
1084.6
1089.91
1055.84
1061.48
1089.35
1064.51
1058.59
1058.52
1081.04
1058.58
953.276
1063.86
1058.53
1058.57
1058.56
1043.78
1066.08
1058.49
1065.81
854.811
1086.23
1084.16
1006.62
1089.72
893.251
1087.39
1089.7
903.449
1078.67
855.574
1089.71
889.692
1089.66
1035.17
1084.84
1086.88
1086.62
1087.4
894.346
922.159
876.406
844.672
970.705
804.698
966.907
900.68
1032.4
1049.42
1072.68
1079.75
1087.42
1049.38
862.529
1052.41
968.466
912.738
983.441
1067.61
921.133
958.167
1083.32
925.264
1072.29
1083.97
1076.32
1084.4
915.294
993.201
1050.03
1071.01
977.873
998.183
1065.99
1065.94
1086.71
1087.34
1064.39
1080.95
901.299
1087.39
1087.41
1045.97
1087.35
1005.49
990.043
990.473
1084.89
1072.31
881.847
845.571
988.885
1027.53
930.702
862.718
969.355
875.665
1006.63
882.771
994.485
1067.56
1055.16
887.356
1057.14
1006.65
1068.95
996.181
1069.87
1073.32
1065.95
1066.05
1065.84
1071.28
1065.7
1038.06
1065.92
1083.89
1086.94
1043.99
1086.02
1053.26
1019.1
1065.53
1088.15
1062.35
1085.75
1065.92
1065.93
1065.95
1065.85
1045.7
1025.26
1024.41
1065.89
1065.75
1066.01
1086.87
1087.49
898.697
1028.93
895.15
1087.44
1022.47
1087.52
1086.58
895.763
914.36
888.508
937.271
1083.69
1082.8
926.588
1087.4
1087.49
1087.38
1053.46
890.93
897.502
935.009
1084.36
1084.67
1084.48
1072.01
1084.47
1085.6
1033.65
1067.89
1055.48
887.404
902.075
1053.54
915.786
1072.43
1084.79
1061.72
955.59
1071.74
1037.86
1072.27
1013.62
1072.16
1072.22
1076.21
1071.92
1083.96
1072
1071.89
1083.17
1081.51
1071.5
1083.7
1084.43
899.525
1065.49
972.061
1079.41
1027.89
1075.86
999.62
1007.47
1045.62
932.793
929.366
1083.2
1084.34
1083.21
1009.75
876.341
1020.68
1041.37
962.347
943.683
1041.84
909.887
1060.94
980.825
973.417
1062.91
1059.5
1065.54
914.567
988.015
985.801
990.724
917.571
1076.7
919.258
1082.06
1080.99
1073.79
1070.5
1082.07
1056.23
1072.11
1072.31
1071.68
1072.39
1038.52
1071.42
1071.95
1029.74
1078.91
1065.91
1065.86
1042.03
1078.35
1025.84
1072.13
1065.91
1072.1
949.708
923.924
1087.47
1083.33
1084.46
899.911
1039.14
900.562
1087.4
980.227
968.339
1083.93
1084.43
1084.55
1060.82
922.367
992.424
864.859
989.88
990.159
1084.51
940.538
1071.98
1071.87
1084.47
1007.78
1022.84
1045.56
1026.24
914.585
1039.93
944.779
1050.76
950.431
933.634
1059.48
939.21
964.971
967.095
1074.2
1063.97
1067.49
1079.44
1018.59
1019.93
950.276
1080.23
1077.32
1084.73
1077.39
1080.58
956.511
1066.46
1077.1
1081.65
1057.66
1076.91
1077.3
1081.11
1008.39
944.418
1052.36
1077.4
1080.85
1067.61
1080.98
1077.23
1071.94
1004.62
1072.39
997.114
954.246
895.616
1059.1
906.422
977.524
1070.41
1070.28
916.246
969.663
1078.74
1073.68
1071.68
1009.39
1083.68
1083.91
1002.27
1082.51
1071.95
1072.02
1071.95
1072.41
1084.8
1018.18
1026.15
1070.01
1071.99
1080.16
1071.83
1071.6
1084.45
1064.86
932.27
1084.76
932.99
1048.06
1084.58
1084.78
937.282
1084.16
953.099
1084.49
1028.35
1081.97
1036.47
1008.79
882.265
896.734
1077.87
961.137
945.867
1076.25
1074.73
1075.38
1079.91
1008.03
997.755
974.874
1076.15
1066.87
908.421
967.273
1077.13
1005.14
965.544
1081.04
1076.84
1080.99
1077.18
1058.33
1074.47
1080.99
1080.98
1081.11
1070.53
1075.91
937.119
1035.41
958.207
940.731
1074.07
960.201
1013.5
1022.41
1080.71
1084.64
1080.89
1080.45
939.059
941.664
1084.48
1063.49
1081.78
1024.68
927.138
1081.47
1037.9
917.783
1048.46
924.767
929.777
1056.62
954.737
1062.82
936.703
1067.54
963.326
1077.21
941.935
943.659
948.029
1077.73
1044.33
988.843
1051.37
1081.38
986.981
978.628
1081.45
1076.34
1081.21
1070.4
1077.66
982.162
1076.04
979.63
1062.65
991.484
1081.27
1077.16
992.41
1076.88
1081.52
1076.97
1077.74
1076.83
1076.68
1080.43
1070.41
1076.9
1079.61
1073.44
1076.88
1077.06
1081.6
1078.65
1076.83
1077.46
1076.81
973.063
1076.78
970.175
1080.96
1071.21
982.26
1076.61
1081.05
1081.39
975.13
1080.99
965.197
1081.01
994.835
1001.91
1075.79
1081.12
1076.95
1081.32
1076.69
1072.82
978
998.455
