847.16
866.288
952.695
664.111
1088
1087.98
1046.92
846.247
843.364
838.424
831.336
822
810.36
796.376
779.996
761.094
739.863
717.389
689.839
690.259
718.315
720.167
784.216
764.47
795.747
741.461
767.005
759.323
782.324
760.964
773.819
736.625
741.012
727.515
767.976
752.067
755.267
740.833
678.12
674.2
693.085
765.133
737.665
699.04
522.285
457.836
487.693
491.187
429.391
468.982
486.488
877.563
997.118
1026.86
1036.88
1040.34
1041.59
1042.05
1042.22
1042.28
1042.31
1042.32
1042.32
1042.32
1042.32
1042.32
1042.32
1042.33
1042.33
1042.33
1042.33
1042.33
1042.32
1042.32
1042.32
1042.32
1042.32
1042.32
1042.32
1042.32
1042.32
1042.32
1042.32
1042.32
1042.32
1042.32
1042.32
1042.32
1042.32
1042.32
1042.32
1042.32
1042.32
1042.32
1042.32
1042.31
1042.31
1042.29
1042.27
1042.23
1042.16
1042.04
1041.84
1041.52
1041.03
1040.27
1039.15
1037.53
1035.23
1032.09
1027.88
1022.43
1015.56
1007.18
997.307
986.251
974.776
962.576
958.222
958.042
944.368
897.51
897.752
886.128
879.523
874.805
871.411
869.085
867.525
866.606
905.767
946.468
977.903
1005.21
1027.74
1045.73
1059.84
1070.69
1078.84
1084.81
1089.08
1092.06
1094.09
1095.44
1096.32
1096.87
1097.22
1097.42
1097.55
1097.62
1097.66
1097.68
1097.69
1097.7
1097.7
1097.7
1097.71
1097.71
1097.71
1097.71
1097.71
1097.71
1097.71
1097.71
1097.71
1097.71
1097.71
1097.71
1097.71
1097.71
1097.71
1097.71
1097.71
1097.71
1097.71
1097.7
1097.7
1097.7
1097.7
1097.71
1097.71
1097.71
1097.71
1097.71
1097.71
1097.71
1097.71
1097.71
1097.71
1097.7
1097.7
1097.7
1097.69
1097.68
1097.67
1097.64
1097.6
1097.53
1097.43
1097.29
1097.1
1096.83
1096.46
1095.97
1095.33
1094.52
1093.55
1092.4
1091.07
1089.56
1087.88
1086.03
1084.04
1081.89
1079.57
1077.03
1074.16
1070.79
1066.7
1061.55
1054.94
1046.39
1035.35
1021.26
1003.5
981.421
954.818
924.387
884.978
1050.32
768.751
799.844
1097.5
1091.89
1096.68
1070.62
793.543
1052.18
1097.5
1097.5
809.654
1097.46
1048.95
1052.22
1051.72
1080.07
1037.31
1068.79
1097.5
1044.57
1052.22
1097.29
1052.22
1052.22
1097.51
843.723
924.143
1005.15
775.182
662.337
1052.22
1052.22
738.126
1097.48
1097.51
1097.5
1097.49
1097.51
1052.22
1097.5
1052.22
1052.21
1052.16
1096.03
1088.25
1093.79
1052.22
1097.51
1005.32
979.79
959.665
866.312
907.442
761.394
790.848
1097.51
1052.22
801.644
944.105
1097.22
1052.22
1097.5
628.799
1097.01
981.144
905.652
968.668
922.459
874.017
879.599
714.508
946.218
752.892
767.731
1024.51
1019.59
1027.75
1097.49
1052.22
1052.2
1091.39
1052.05
1084.44
1050.89
1075.06
1044.91
1059.61
1097.5
1052.22
1052.22
1097.51
1097.42
1052.22
1052.22
1038.13
1096.78
1095.46
1052.22
792.589
1051.95
768.377
1095.25
803.722
1097.51
796.952
1045.74
1084.68
680.577
1097.35
736.841
1097.5
1097.5
1097.5
769.087
1097.5
1052.2
1097.5
1097.5
1097.42
1097.51
1052.22
735.763
913.156
932.864
811.051
968.168
883.257
744.241
814.304
1096.73
1096.88
831.19
1062.34
1096.88
1062.37
1096.88
1096.81
839.959
1062.38
812.853
798.84
1096.89
1096.87
1062.38
1094.63
961.455
1005.31
819.713
844.25
903.604
815.157
774.005
993.493
977.683
953.097
1015.74
1001.86
1027.92
778.74
743.214
1031.65
1033.61
1059.81
1047.28
1064.71
1077.67
1051.4
1086.42
1052.12
1092.68
1052.21
1082.32
1097.48
1050.11
1052.19
1051.92
1089.91
1072.16
1052.22
1041.66
1052.22
1053.05
1097.37
1052.22
1094.72
1052.22
1096.46
1097.5
1097.5
1052.22
1052.22
1097.5
1052.22
1052.22
1097.51
1097.51
1052.22
1052.22
1097.51
1011.87
1047.08
1097.5
1052.22
793.144
1052.22
1051.51
1097.18
808.513
1097.5
1052.22
875.648
1052.12
1088.92
1093.91
1096.13
1078.74
1097.51
1097.02
749.746
1097.5
750.82
1097.51
1097.46
770.231
1097.5
1097.5
619.549
786.975
1097.5
1097.5
707.378
1052.21
1097.49
1097.51
1052.22
785.442
1096.88
917.766
856.311
828.656
948.314
909.845
768.259
906.141
980.739
983.757
912.175
918.551
1091.36
1096.07
1070.46
946.712
1096.89
1040.55
1028.34
1060.79
1081.82
1071.79
1057.19
1061.52
1095.8
1062.28
1058.69
1096.87
1062.38
1062.38
1096.88
1096.37
1062.37
775.062
1062.36
1096.88
1062.38
1096.89
1062.36
1089.89
1062.38
1096.86
1096.89
1006.01
857.718
952.873
996.982
932.079
1023.22
838.971
1045.84
1096.84
1062.38
1062.37
1062.38
835.674
1051.93
816.149
1096.89
1062.37
1062.36
1096.88
1096.86
1096.88
967.909
822.665
948.695
796.461
977.883
947.717
831.887
998.22
879.219
838.468
1039.07
1047.33
1046.61
1051.24
1061.86
1084.1
1062.32
1091.41
1062.36
1066.06
1074.41
1062.38
1058.95
1095.26
1062.38
1062.38
1096.88
1096.68
1096.76
1086.23
1062.34
1062.38
1093.8
1096.87
1096.88
1076.95
1062.38
1062.07
1062.38
1060.17
832.932
1096.88
1061.77
842.066
1037.33
1084.28
1094.67
1014.52
1096.8
1096.88
1096.88
855.446
777.158
1096.88
822.965
1096.89
1096.88
1062.29
832.137
1096.61
811.007
812.801
1096.89
1096.88
1062.37
1096.87
786.387
1096.88
892.742
956.621
974.588
863.059
798.739
946.592
863.391
1046.63
877.114
1069.04
864.48
1095.53
1057.02
1095.81
868.813
1064.7
1070.15
1095.8
1070.19
1019.41
1095.68
1064.43
1073.46
1069.32
1070.11
1070.23
1095.8
988.551
929.85
1095.76
1095.77
1095.82
1070.13
1084.79
1070.22
1091.81
1070.24
1095.32
868.527
1062.37
1095.75
865.441
861.385
1095.8
820.985
978.968
1032.8
1014.5
854.028
1011.6
1059.8
975.051
1028.39
841.212
1029.75
1053.27
1053.7
1054.69
873.756
1096.86
1062.38
1062.37
1096.11
1095.58
1070.23
1069.04
1062.69
1062.36
1062.38
1096.85
1062.38
1096.88
1096.88
1062.37
1076.49
1070.15
1069.67
1066.57
1092.73
1062.37
1095.8
1096.88
1062.38
1062.38
1058.28
1096.89
1062.38
1079.43
1062.2
1060.98
1088.17
1062.35
1096.55
1095.65
1088.45
1095.53
1070.19
855.488
1096.88
1095.8
1096.89
982.786
1096.84
1078.46
1096.41
1096.89
774.137
1062.37
1093.35
1096.88
902.322
1062.14
828.945
1096.89
1096.87
1062.36
1070.2
1095.8
1095.81
882.723
950.033
983.041
905.616
992.297
998.28
941.621
920.155
1070.26
1052.29
1090.43
1094.19
1095.8
1070.21
1070.2
1094.44
1006.72
1051.22
1093.94
918.428
1093.99
1060.6
1071.02
1076.95
1095.8
1076.9
1070.22
1070.13
1075.98
1093.64
1076.75
1070.13
1095.62
1011.4
928.172
880.975
1094.74
1062.02
1082.29
1070.14
1095.79
1095.8
1067.35
867.528
1095.8
1070.04
1095.8
1070.14
1095.71
1095.8
1095.79
858.08
1028.98
1013.96
1038.03
967.344
1005.92
839.427
1046.04
873.44
869.698
1058.3
1037.67
876.235
1048.45
875.982
1083.65
871.055
1055.61
1095.74
1070.22
1079.45
1070.15
1070.19
1095.81
1061.54
1070.12
1095.81
1095.7
1070.24
1095.68
1070.2
1070.16
1086.93
1090.36
1070.13
1070.21
1095.43
1095.21
1070.22
1070.21
1067.39
1070.43
1095.8
1069.89
1070.02
1067.87
1068.74
1070.23
1092.96
1070.2
1095.81
1070.2
958.675
1011.86
1095.01
1095.82
1046.37
1095.8
1095.76
903.746
1063.66
1096.18
1070.17
866.296
1076.89
1069.75
864.641
1095.34
863.642
1095.75
867.257
1095.81
1095.8
985.551
888.458
996
956.882
845.562
980.818
909.947
1034.03
909.041
908.193
1076.11
1094.09
1094.26
1094.21
998.698
1093.5
1076.79
1076.88
1046.6
1072.95
912.032
1094.29
1068.63
1076.75
1082.35
1076.85
1076.84
1076.65
1094.2
1094.24
962.744
1094.09
1076.66
1094.31
1077.04
1093.4
1076.69
1079.12
1076.92
1086.88
1094.06
1041.63
993.842
1046.06
1094.14
1076.9
1094.31
1094.2
915.07
1013.13
1009.95
977.464
889.339
1008.64
1027.21
1059.78
901.753
893.131
1016.63
1068.16
911.011
1043.74
1078.04
1064.11
1058.57
1087.64
1037.57
1072.99
1075.33
1058.65
908.223
1049.68
1056.71
1076.55
1076.34
1064.81
1076.75
1093.81
1094.19
1095.81
1095.94
1070.22
1093.79
1095.8
1076.65
1070.2
1070.21
1095.78
1070.19
1076.82
1094.89
1070.16
1070.19
1070.18
1088.63
1076.96
1070.17
1077.02
1031.54
1094.05
1094.48
1076.86
1095.81
924.131
1094.2
1095.8
1069.35
1092.36
987.101
1095.8
910.676
1095.77
1070.09
1093.77
1093.95
1094.11
1094.21
933.874
988.827
943.874
910.234
1014.27
865.158
1007.28
1046.12
1062.46
1073.02
1089.07
1092.15
1094.22
1092.54
920.087
1077.35
1016
943.489
1027.2
1081.33
954.521
1079.72
1091.93
970.819
1082.38
1091.92
1094.28
1092.05
978.748
1042.89
1091.69
1082.01
1029.81
1043.72
1076.88
1076.89
1094.19
1094.19
1076.96
1094.29
1063.9
1094.2
1094.22
1076.66
1094.18
1082.33
1029.95
1029.26
1092.47
1082.79
946.859
906.534
1029.44
1059.5
990.978
906.948
1024.19
911.026
1043.7
909.912
1040.75
1086.46
1076.04
907.774
1074.36
1053.07
1081.68
1048.33
1081.84
1094.24
1076.84
1076.93
1076.75
1082
1076.62
1089.13
1076.94
1094.21
1094.17
1091.27
1093.35
1093.11
1072.16
1076.68
1094.74
1076.79
1094.21
1076.82
1076.84
1076.84
1076.75
1091.75
1079.16
1082.23
1076.8
1076.75
1076.93
1094.14
1094.28
1016.83
1082.26
947.191
1094.24
1076.82
1094.3
1093.67
979.979
1074.99
909.072
1076.59
1093.48
1091.85
979.288
1094.21
1094.28
1094.2
1076.57
912.998
963.45
1038.27
1092.04
1092.25
1092.11
1082.14
1092.1
1092.94
1089.99
1081.86
1082.05
936.141
941.875
1076.65
944.647
1085.41
1092.33
1092.19
1012.42
1082.05
1086.59
1082.37
1079.84
1082.29
1082.4
1092.21
1082.07
1092.04
1082.14
1082.03
1092.03
1092.09
1082.54
1091.99
1092.07
961.789
1084.83
1019.8
1089.25
1088.68
1086.07
1054.28
1066.31
1086.54
1015.29
991.343
1091.2
1092.05
1091.28
1045.63
929.686
1054.26
1069.78
1012.48
1000.42
1068.56
942.809
1082.7
1024.56
1019.01
1079.53
1078.06
1080.56
943.934
1033.68
1030.22
1038.2
947.556
1090.91
950.676
1092.98
1091.47
1085.76
1081.92
1091.73
1092.01
1082.23
1082.4
1081.86
1082.65
1090.73
1081.96
1082.09
1089.05
1094.31
1076.8
1076.77
1090.67
1092.14
1080.66
1082.24
1076.86
1082.25
1077.57
963.949
1094.26
1091.38
1092.09
1032.79
1082.18
1056.2
1094.21
1081.8
1081.03
1092
1092.08
1092.16
1081.86
958.358
1082.14
928.367
1030.19
1029.53
1092.13
1065.1
1082.12
1082.03
1092.1
1044.59
1056.17
1071.86
1058.68
973.308
1068.76
992.216
1076.11
995.015
971.801
1079.81
974.961
1006.21
1009.82
1088.98
1081.94
1083.47
1091.02
1086.19
1087.91
996.217
1089.34
1086.56
1092.29
1086.61
1089.36
1019.35
1092.3
1086.38
1090.06
1089.82
1086.22
1086.54
1089.57
1085.6
1074.51
1086.41
1086.68
1089.36
1086.17
1089.46
1086.94
1082.16
1067.04
1082.52
1065.46
1007.51
939.714
1081.27
942.41
1021.86
1087.29
1084.6
945.27
1014.6
1089.16
1092.31
1081.86
1076.07
1092.05
1091.91
1058.53
1092.07
1082.09
1082.17
1082.1
1082.51
1092.37
1083.31
1087.76
1082.14
1082.13
1092.12
1081.99
1082
1092.09
1081.76
1004.78
1092.31
1026.09
1082.09
1092.18
1092.32
1049.23
1091.89
1003.97
1092.11
1086.43
1090.28
1089.24
1045.17
942.647
953.178
1087.11
1001.64
985.369
1088.52
1085.94
1086.02
1089.32
1085.65
1084.79
1026.03
1086.08
1089.66
960.544
1060.93
1086.41
1084.05
1047.15
1089.5
1086.17
1089.46
1086.47
1086.29
1086.02
1089.47
1089.46
1089.56
1086
1086.34
988.042
1065.16
999.321
976.298
1087.72
1029.38
1086.93
1085.93
1089.4
1092.22
1089.38
1089.36
1058.1
1070.38
1092.1
1086.22
1090.1
1057.6
981.909
1090.11
1067.21
965.623
1074.29
968.694
970.425
1079.26
997.222
1082.65
973.277
1084.95
1003.87
1090.21
978.015
981.065
990.321
1088.95
1089.56
1083.51
1089.72
1089.77
1047.08
1033.73
1089.82
1086.08
1089.63
1092.34
1086.96
1047.36
1085.59
1048.16
1089.77
1069.57
1089.68
1086.44
1066.41
1086.2
1089.89
1086.28
1086.92
1086.17
1086.04
1089.57
1089.55
1086.22
1089.38
1089.51
1086.21
1086.36
1089.97
1089.32
1086.16
1089.39
1086.14
1072.83
1086.13
1067.6
1089.44
1086.57
1081.77
1086.19
1089.51
1089.77
1076.54
1089.46
1053.49
1089.47
1074.64
1081.84
1089.47
1089.57
1086.26
1089.73
1086.05
1085.97
1079.51
1078.75
