882.539
891.232
980.675
699.519
1092.42
1092.39
1086.95
881.898
879.768
875.941
870.168
862.169
851.678
838.405
822.073
802.598
780.531
756.523
726.071
727.057
754.864
751.208
833.579
803.143
832.491
744.431
767.867
758.41
790.936
763.8
773.261
703.059
687.161
674.333
756.602
753.393
734.835
639.484
471.592
463.621
522.166
431.411
460.711
462.189
635.27
969.035
1021.49
1040.44
1046.6
1048.8
1049.59
1049.88
1049.99
1050.04
1050.05
1050.06
1050.06
1050.06
1050.06
1050.06
1050.06
1050.06
1050.06
1050.06
1050.06
1050.06
1050.06
1050.07
1050.07
1050.07
1050.07
1050.06
1050.06
1050.06
1050.06
1050.06
1050.06
1050.06
1050.06
1050.06
1050.06
1050.06
1050.06
1050.06
1050.06
1050.06
1050.06
1050.06
1050.06
1050.06
1050.06
1050.06
1050.06
1050.06
1050.06
1050.06
1050.06
1050.06
1050.06
1050.05
1050.03
1050.01
1049.96
1049.87
1049.72
1049.45
1048.99
1048.26
1047.11
1045.36
1042.81
1039.23
1034.39
1028.11
1020.33
1011.31
1001.42
989.987
986.618
988.596
981.134
943.705
927.295
914.219
906.228
900.728
896.771
894.154
892.493
891.556
929.866
971.908
1002.74
1028.16
1048.52
1064.01
1075.4
1083.55
1089.22
1093.02
1095.49
1097.04
1097.97
1098.52
1098.83
1099.01
1099.1
1099.15
1099.18
1099.19
1099.2
1099.2
1099.2
1099.2
1099.2
1099.2
1099.2
1099.21
1099.2
1099.2
1099.2
1099.2
1099.2
1099.2
1099.2
1099.2
1099.2
1099.2
1099.2
1099.2
1099.2
1099.2
1099.2
1099.2
1099.2
1099.2
1099.2
1099.2
1099.2
1099.2
1099.21
1099.21
1099.21
1099.21
1099.2
1099.2
1099.2
1099.2
1099.2
1099.2
1099.2
1099.2
1099.2
1099.2
1099.2
1099.2
1099.2
1099.2
1099.19
1099.19
1099.18
1099.16
1099.12
1099.07
1098.99
1098.87
1098.71
1098.48
1098.19
1097.8
1097.31
1096.71
1095.97
1095.11
1094.09
1092.88
1091.43
1089.62
1087.26
1084.08
1079.67
1073.54
1065.04
1053.43
1037.84
1017.52
992.283
961.841
920.348
1059.43
736.975
1058.21
1099.09
1096.93
1098.89
1083.52
785.632
1059.44
1099.09
1099.09
826.793
1099.09
1058.33
1059.44
1059.33
1094.29
1051.89
1088.34
1099.09
1072.14
1059.44
1099.08
1059.44
1059.43
1099.09
885.199
951.043
1028.12
692.141
912.785
1059.44
1059.44
655.327
1099.08
1099.09
1099.08
1099.08
1099.09
1059.44
1099.08
1059.44
1059.44
1059.43
1098.99
1097.41
1098.69
1059.44
1099.09
1028.21
1016.23
991.443
905.248
931.62
793.673
832.341
1099.09
1059.44
803.19
1059.26
1099.03
1059.44
1099.09
1034.76
1099.07
1007.95
929.739
998.407
960.17
911.566
915.981
751.192
971.647
774.549
784.038
1043.08
1052.12
1048.55
1099.09
1059.44
1059.43
1098.22
1059.41
1096.13
1059.08
1091.81
1056.37
1082.68
1099.09
1059.44
1059.44
1099.09
1099.09
1059.44
1059.44
1059.41
1099.05
1098.93
1059.44
787.691
1059.44
742.596
1098.41
788.507
1099.09
767.446
1064.04
1092.94
1050.39
1099.06
727.665
1099.09
1099.09
1099.09
638.472
1099.09
1059.44
1099.09
1099.09
1099.07
1099.09
1059.43
781.362
938.152
962.42
853.134
995.906
918.875
783.486
779.005
1098.69
1098.72
826.034
1069.57
1098.72
1069.57
1098.72
1098.72
838.758
1069.58
1051.89
840.899
1098.72
1098.72
1069.57
1098.57
989.114
1028.32
853.456
887.973
944.714
785.528
815.209
1018.54
1002.54
990.885
1036.45
1036.55
1048.76
794.758
780.758
1048.15
1063.68
1075.4
1057.57
1085.91
1093.14
1059.24
1096.83
1059.42
1098.49
1059.43
1095.28
1099.09
1058.8
1059.43
1059.38
1097.87
1090.25
1059.44
1054.55
1059.44
1078.26
1099.08
1059.44
1098.83
1059.44
1099.03
1099.09
1099.09
1059.44
1059.44
1099.09
1059.43
1059.44
1099.09
1099.09
1059.44
1059.44
1099.09
1059.37
1059.43
1099.09
1059.44
786.217
1059.44
1059.44
1099.08
819.577
1099.08
1059.44
1058.98
1059.44
1095.4
1097.86
1098.72
1089.16
1099.09
1098.98
1056.15
1099.09
622.376
1099.09
1099.08
730.598
1099.09
1099.09
981.738
749.977
1099.09
1099.09
839.621
1059.44
1099.08
1099.09
1059.43
887.412
1098.72
943.559
896.635
870.783
978.984
934.305
809.01
930.229
1009.66
1011.81
951.89
957.072
1096.6
1098.53
1083.45
1068.53
1098.72
1057.37
1059.45
1069.57
1095.26
1090.07
1067.58
1069.36
1098.04
1069.56
1081.61
1098.72
1069.57
1069.57
1098.72
1098.7
1069.57
1005.39
1069.56
1098.72
1069.57
1098.72
1069.56
1097.78
1069.58
1098.71
1098.72
1029.08
951.359
979.028
1032.61
973.387
1044.43
864.651
1064.18
1098.72
1069.57
1069.56
1069.57
829.982
1069.54
784.905
1098.72
1069.56
1069.57
1098.72
1098.72
1098.72
996.37
865.756
987.351
835.727
1002.77
973.22
860.639
1024.13
922.76
861.529
1067.78
1073.83
1061.45
1064.33
1069.46
1096.12
1069.57
1098.09
1069.56
1086.44
1091.62
1069.57
1068.39
1098.63
1069.58
1069.58
1098.72
1098.71
1098.72
1096.82
1069.57
1069.57
1098.47
1098.71
1098.72
1093
1069.58
1069.51
1069.57
1068.89
827.18
1098.72
1069.57
849.849
1069.49
1092.7
1098.05
1069.39
1098.71
1098.72
1098.72
1062.72
933.781
1098.72
797.25
1098.72
1098.72
1069.57
822.989
1098.67
803.517
780.682
1098.72
1098.72
1069.57
1098.72
1032.96
1098.72
935.22
983.416
1003.72
907.063
841.371
972.023
893.149
1063.5
885.913
1077
879.651
1097.99
1076.83
1098.05
870.907
1074.84
1077.01
1098.04
1076.97
1051.9
1098.05
1086.41
1092.14
1076.78
1076.98
1077.01
1098.04
1014.9
1067.5
1098.03
1098.03
1098.06
1076.93
1096.46
1077.01
1097.75
1077.02
1097.74
911.534
1069.57
1098.67
861.044
922.882
1098.04
863.178
1003.91
1051.77
1048.01
889.326
1035.14
1075.44
1012.4
1049.28
858.239
1059.95
1068.07
1078.27
1066.29
878.014
1098.72
1069.57
1069.57
1098.69
1098.04
1077.01
1088.35
1084.25
1069.56
1069.57
1098.7
1069.58
1098.72
1098.72
1069.56
1093.59
1076.98
1076.89
1075.72
1098.32
1069.56
1098.04
1098.72
1069.57
1069.58
1069.56
1098.72
1069.57
1094.22
1069.54
1069.19
1097.37
1069.56
1098.71
1098.02
1095.1
1098.36
1077
980.987
1098.72
1098.04
1098.72
1069.15
1098.71
1088.99
1098.62
1098.72
972.576
1069.57
1097.52
1098.72
1066.89
1069.57
811.351
1098.72
1098.71
1069.55
1077
1098.04
1098.05
1046.88
975.76
1008.41
949.124
1019.03
1024.83
981.526
962.765
1083.35
1076.64
1096
1096.98
1098.06
1076.99
1076.99
1097.99
1040.53
1067.96
1096.94
1014.1
1096.99
1086.78
1080.66
1083.05
1098.05
1083.06
1077
1076.92
1082.81
1097.4
1082.95
1076.92
1097.93
1035.32
970.061
916.579
1097.35
1073.43
1095.74
1076.94
1098.04
1098.04
1076.96
866.012
1098.04
1077.01
1098.04
1076.93
1098.03
1098.05
1098.04
1007.99
1049.95
1037.91
1057.14
1005.98
1040.77
879.046
1064.45
891.834
893.509
1071.27
1065.84
881.811
1073.72
889.309
1092.27
874.767
1079.29
1098.05
1077
1094.78
1076.96
1076.97
1098.05
1084.16
1076.91
1098.05
1097.98
1077.02
1097.96
1076.99
1076.95
1096.97
1097.56
1076.93
1076.99
1098.04
1098.03
1077.01
1076.99
1088.53
1090.46
1098.04
1076.94
1076.96
1076.26
1076.59
1077.01
1097.88
1076.99
1098.05
1076.99
1072.51
1076.16
1097.86
1098.05
1076.72
1098.05
1098.02
1059.1
1076.89
1098.28
1076.96
861.413
1083.02
1077.01
866.79
1097.95
898.307
1098.03
1030.11
1098.05
1098.04
1011.38
932.119
1022.78
996.907
887.858
1005.9
929.17
1061.43
922.473
924.93
1083.01
1096.92
1097.03
1096.99
1078
1096.96
1082.91
1082.99
1074.35
1082.78
958.307
1097.05
1091.23
1082.9
1087.79
1082.96
1082.96
1082.79
1096.99
1097.02
1068.1
1096.91
1082.79
1097.06
1083.13
1096.44
1082.83
1094.94
1083.02
1096.38
1096.9
1060.71
1030.02
1064.6
1097.03
1083
1097.06
1096.99
994.734
1037.22
1033.57
1015.76
929.82
1031.97
1048.69
1075.51
927.995
924.05
1048.17
1079.14
926.098
1070.26
1088.72
1076.74
1073.13
1094.56
1064.63
1081.58
1082.56
1081.8
921.691
1077.64
1083.98
1082.93
1082.9
1089.3
1082.92
1097.95
1096.98
1098.06
1098.13
1077
1096.97
1098.04
1082.93
1076.99
1076.99
1098.06
1076.98
1083.06
1098.01
1076.94
1076.97
1076.97
1097.29
1083.06
1076.96
1083.11
1076.56
1096.96
1097.7
1082.98
1098.05
1031.97
1096.99
1098.04
1082.61
1096.88
1075.08
1098.05
943.239
1098.02
1076.89
1096.91
1096.82
1096.97
1096.99
1047.48
1025.76
985.095
951.873
1038.36
904.63
1030.43
1082.3
1076.8
1083.54
1095.05
1096.38
1097
1096.93
953.829
1088.23
1044.47
965.271
1059.58
1087.49
1010.7
1087.35
1095.47
1049.58
1087.77
1095.4
1097.06
1095.47
1015.89
1078.28
1095.5
1087.54
1058.03
1071.11
1082.99
1082.99
1096.98
1096.99
1083.06
1097.05
1082.51
1096.99
1097
1082.8
1096.98
1087.82
1051.44
1050.4
1095.78
1088.13
986.64
943.846
1050.97
1075.38
1025.62
929.2
1053.8
927.885
1062.77
923.779
1067.86
1093.72
1085.13
921.985
1082.16
1080.9
1087.56
1082.43
1087.56
1097.06
1082.95
1083.03
1082.87
1087.5
1082.76
1096.68
1083.04
1097
1096.97
1095.43
1096.41
1096.95
1092.81
1082.83
1097.36
1082.91
1096.99
1082.94
1082.95
1082.95
1082.88
1096.9
1095
1095.53
1082.91
1082.88
1083.04
1096.97
1097.04
1080.43
1087.69
1059.52
1097.02
1082.94
1097.05
1096.63
1074.01
1082.89
931.574
1083.03
1096.83
1095.47
1060.2
1096.99
1097.04
1096.99
1082.72
975.405
1002.82
1084.98
1095.47
1095.62
1095.52
1087.57
1095.51
1096.12
1095.38
1087.34
1087.49
962.998
964.425
1086.71
971.465
1090.91
1095.68
1095.66
1070.78
1087.51
1091.33
1087.77
1094.53
1087.7
1087.8
1095.6
1087.51
1095.47
1087.57
1087.48
1095.46
1095.51
1087.91
1095.48
1095.49
999.079
1092.5
1064.98
1093.52
1093.49
1090.94
1086.03
1091.39
1091.26
1080.18
1069.36
1094.86
1095.47
1094.92
1064.37
959.768
1070.91
1083.03
1041.45
1032.64
1080.83
963.88
1091.59
1055.38
1047.7
1086.73
1086.07
1087.16
967.528
1068.82
1064.13
1073.8
986
1095.88
997.602
1096.68
1095.41
1090.98
1087.52
1095.46
1095.6
1087.65
1087.79
1087.33
1088.01
1095.4
1087.44
1087.53
1095.39
1097.07
1082.92
1082.89
1096.83
1095.54
1095.35
1087.66
1082.98
1087.67
1087.12
1037.25
1097.03
1094.99
1095.51
1081.71
1087.61
1082.44
1097
1087.71
1087.54
1095.47
1095.5
1095.55
1087.33
1023.75
1087.76
967.47
1051.73
1050.87
1095.53
1087.04
1087.55
1087.47
1095.51
1063.64
1072.72
1083.78
1074.8
1007.82
1082.27
1020.58
1087.29
1022.97
997.747
1088.4
1004.91
1044.28
1050.97
1094.47
1089.4
1090.08
1095.28
1091.2
1093.35
1053.37
1093.5
1091.25
1095.65
1091.3
1093.48
1076.35
1095.7
1091.1
1094
1093.85
1090.98
1091.24
1093.63
1093.29
1087.02
1091.14
1091.35
1093.46
1090.94
1093.54
1091.56
1087.59
1091.82
1087.91
1091.54
1037.75
964.034
1090.51
963.8
1051.39
1093.72
1090.57
976.836
1058.18
1093.54
1095.67
1087.33
1093.87
1095.48
1095.37
1088.14
1095.49
1087.53
1087.59
1087.54
1087.89
1095.71
1094.99
1095.37
1087.57
1087.56
1095.53
1087.44
1087.47
1095.51
1087.25
1076.13
1095.66
1082.93
1087.54
1095.57
1095.67
1086.2
1095.36
1062.8
1095.52
1091.26
1094.16
1093.65
1064.1
978.823
986.218
1091.7
1033.72
1034.1
1093.39
1090.98
1090.95
1093.52
1091.03
1090.83
1071.46
1090.91
1093.7
990.66
1089.56
1091.13
1093.34
1087.27
1093.57
1090.94
1093.55
1091.18
1091.04
1090.81
1093.55
1093.54
1093.62
1090.8
1091.08
1017.75
1079.27
1029.19
1009.84
1093.08
1081.39
1093.3
1095.26
1093.5
1095.6
1093.48
1093.49
1086.8
1087.02
1095.51
1090.98
1094.03
1073.95
1013.73
1094.04
1081.03
993.422
1085.83
994.957
996.027
1088.91
1025.68
1090.77
1000.64
1091.89
1038.75
1094.98
1016.14
1024.45
1043.84
1093.51
1093.75
1090.65
1093.81
1093.78
1084.85
1077.59
1093.82
1090.89
1093.67
1095.7
1091.6
1085.95
1090.45
1086.67
1093.79
1092.06
1093.71
1091.16
1091.66
1090.96
1093.88
1091.03
1091.55
1090.93
1090.83
1093.63
1093.62
1090.98
1093.48
1093.58
1090.97
1091.09
1093.93
1093.43
1090.93
1093.49
1090.91
1090.55
1090.9
1090.22
1093.53
1092.6
1090.57
1090.96
1093.58
1093.78
1090.6
1093.54
1088.53
1093.55
1092.73
1093.3
1093.55
1093.62
1091.01
1093.75
1090.84
1090.77
1090.58
1093.12
