631.649
727.01
679.538
514.849
935.941
896.821
856.455
630.914
628.698
625.015
619.882
613.324
605.377
596.081
585.468
573.625
560.54
546.328
531.107
531.613
548.396
561.904
579.087
589.517
604.248
612.014
624.457
632.187
642.095
647.938
656.084
660.075
666.8
670.036
675.908
678.181
681.72
684.52
685.821
689.108
690.047
693.676
693.038
696.654
694.98
698.523
697.623
701.78
700.832
702.486
703.608
702.626
705.516
705.031
709.233
706.596
711.004
706.948
711.474
709.183
715.342
712.912
714.682
715.713
712.922
716.956
715.709
722.188
717.032
723.389
715.64
721.98
717.838
728.104
723.239
725.255
726.122
719.622
725.55
723.583
733.707
726.932
729.347
728.562
722.58
722.279
737.465
728.674
730.185
729.678
713.59
720.992
718.251
736.191
725.446
723.181
695.484
709.77
690.79
726.008
716.994
703.752
716.741
637.844
633.393
646.662
704.309
671.395
579.702
435.265
422.845
446.332
441.791
393.343
407.484
510.834
705.078
711.534
698.746
704.066
708.163
714.272
717.851
720.367
722.567
724.024
725.194
726.013
726.576
726.904
760.749
792.622
822.182
849.665
874.839
897.829
918.611
937.257
953.836
968.432
981.144
992.075
1001.34
1009.05
1015.33
1020.31
1024.11
1026.85
1028.67
1029.67
1029.97
1029.68
1028.89
1027.7
1026.19
1024.42
1022.42
1020.26
1017.96
1015.57
1013.11
1010.59
1008.05
1005.49
1002.93
1000.36
997.79
995.234
992.69
990.164
987.659
985.177
982.721
980.293
977.896
975.522
973.172
970.861
968.618
966.436
964.28
962.122
959.967
957.833
955.727
953.646
951.587
949.549
947.529
945.526
943.541
941.572
939.617
937.674
935.74
933.81
931.88
929.946
928
926.033
924.034
921.986
919.866
917.646
915.3
912.8
910.115
907.2
903.998
900.444
896.468
891.997
886.949
881.239
874.776
867.463
859.205
849.903
839.463
827.794
814.812
800.442
784.622
767.309
748.453
728.096
706.126
682.781
657.816
740.481
703.63
733.64
1003.27
991.164
1018.8
936.784
682.668
745.381
995.639
980.713
639.357
934.093
679.016
761.211
721.141
879.809
539.798
848.559
941.845
799.227
756.242
928.331
760.074
756.374
949.837
628.724
752.276
849.188
714.562
729.205
746.25
750.557
721.764
1027.51
1020.11
971.236
1025.43
1013.27
749.252
966.727
764.017
749.452
745.538
918.305
898.955
911.26
751.647
962.45
651.795
726.887
738.706
644.28
758.802
583.853
594.782
958.149
756.072
659.402
737.275
1025.06
758.246
990.588
731.456
924.438
713.651
760.317
728.077
681.375
649.823
653.919
549.127
792.011
596.743
613.078
581.948
766.14
874.446
937.946
759.382
759.563
905.684
727.251
890.534
700.409
866.071
622.686
826.509
945.806
762.668
752.867
953.944
932.174
766.514
762.062
738.389
922.449
916.097
756.543
667.444
744.072
708.505
1007.85
690.393
1008.33
695.034
897.452
967.771
730.419
1026.75
722.594
1000.73
988.085
985.604
717.89
978.306
742.964
975.925
1023.89
1027.65
1017.95
747.86
725.414
756.562
748.747
607.384
718.192
656.604
565.691
743.162
1020.87
996.645
715.906
774.864
974.721
778.641
981.884
929.176
693.588
795.873
760.097
750.717
1013.17
1018.59
795.416
913.609
781.803
848.123
619.384
628.437
667.76
736.447
584.277
688.411
821.552
704.826
620.697
747.264
873.437
624.506
566.346
550.378
783.433
918.2
664.993
838.147
873.363
717.024
894.992
728.942
908.584
754.85
885.502
936.016
685.947
753.644
728.2
902.497
857.835
760.616
567.955
764.299
813.561
930.255
748.261
913.755
767.08
920.411
939.889
964.592
752.065
756.855
947.812
758.731
757.287
956.032
960.3
756.946
756.078
951.88
737.543
737.942
943.817
761.907
676.413
758.414
740.188
926.395
648.795
968.948
750.579
735.033
743.554
980.364
1000.29
1013.98
953.278
1005.81
1022.45
733.012
998.18
719.625
1010.82
1027.87
711.463
993.107
983.146
729.302
700.785
1022.11
973.57
725.843
745.854
1026.66
1015.65
750.711
753.076
972.377
754.738
637.281
618.746
744.855
757.913
580.773
759.634
761.279
745.002
673.851
678.487
988.277
1014.09
935.396
764.323
1006.4
692.823
779.868
771.091
890.578
869.136
704.674
763.368
964.87
778.607
834.207
934.88
795.656
797.171
942.623
921.593
790.501
756.988
780.716
965.47
784.257
961.272
787.68
904.042
785.377
956.829
950.653
846.79
777.507
787.549
743.766
689.754
730.607
649.007
896.407
931.075
795.281
790.655
787.671
701.831
768.798
745.604
1011
778.966
777.295
1016.99
1020.91
977.087
777.527
615.113
701.581
601.322
820.511
790.124
634.08
749.19
651.123
660.621
795.578
809.813
682.335
683.066
765.8
894.512
784.813
906.657
789.183
853.738
875.526
794.4
720.298
915.69
796.63
795.369
944.6
925.395
927.286
898.033
788.541
795.172
911.41
954.68
938.725
881.17
784.612
766.076
792.256
738.479
709.761
946.599
772.272
683.674
767.186
965.732
1004.05
765.728
1021.47
994.17
989.227
762.387
754.488
970.023
732.812
1001.57
984.315
773.642
722.287
1019.52
748.289
740.18
999.118
1015.17
777.673
1019.93
758.819
979.474
660.245
785.149
771.065
640.485
600.324
791.154
667.947
784.839
716.451
799.285
769.682
1009.78
795.39
985.854
747.51
775.205
803.157
971.703
807.375
773.88
921.092
868.452
883.321
805.937
819.674
827.887
934.065
808.654
788.075
1009.54
1001.3
1007.44
826.138
896.885
828.89
905.568
815.447
944.613
648.109
794.382
917.702
762.204
775.299
967.133
618.744
819.483
711.433
762.574
652.479
744.523
917.037
723.419
871.931
673.033
789.474
779.71
822.662
691.574
733.766
932.979
795.434
795.932
919.665
919.212
828.211
861.907
844.536
790.962
790.395
958.946
784.653
952.67
940.669
790.705
887.237
821.49
810.682
780.965
909.098
792.545
937.877
936.8
794.269
786.171
770.441
948.617
798.487
886.164
770.495
754.374
901.206
788.338
923.5
1010.61
977.92
1009.71
804.1
779.52
986.766
962.634
1004.01
765.096
1021.44
951.617
1017.31
963.409
756.368
782.551
996.945
991.698
763.053
772.095
727.411
1008.74
967.623
779.244
804.816
1005.49
990.54
785.423
789.191
816.279
671.921
802.652
778.255
696.466
681.615
933.072
837.889
982.953
951.498
926.772
825.972
830.534
911.789
765.388
838.397
995.385
802.115
910.085
873.521
838.887
859.138
978.726
829.58
818.271
822.473
850.493
997.101
859.754
810.593
954.203
832.84
691.53
670.251
996.376
773.595
894.01
824.085
943.678
939.83
797.791
753.046
974.019
802.196
960.389
808.576
1010.79
995.072
999.424
781.634
869.641
787.991
789.16
717.9
756.643
635.694
894.656
695.138
682.636
775.499
803.585
725.668
827.701
706.371
962.159
741.242
846.985
923.021
827.789
890.744
822.612
830.643
930.449
862.167
821.289
932.266
949.915
814.195
944.919
818.952
823.316
899.227
903.185
827.979
829.02
917.353
915.504
828.71
824.83
874.022
878.97
935.95
814.129
817.118
789.656
798.771
816.809
907.837
829.264
983.491
806.15
789.073
791.729
1005.65
988.249
794.214
1008.65
1003.18
786.754
796.495
957.118
811.569
757.63
830.739
800.618
766.108
1008.19
772.754
1010.4
783.479
992.832
969.42
813.136
660.742
793.678
710.629
634.235
818.254
727.119
818.868
763.338
780.951
825.455
992.989
975.9
957.992
813.318
906.234
833.884
846.735
852.709
821.951
793.479
971.701
880.867
860.361
853.363
855.535
861.518
850.313
927.855
921.004
810.35
984.742
837.178
944.634
842.327
932.17
861.57
890.053
863.448
894.445
932.507
833.097
748.418
891.709
912.198
857.792
990.853
953.673
799.478
824.67
838.533
730.174
666.907
842.528
791.102
915.036
701.575
686.666
780.912
839.59
747.39
816.316
948.799
840.582
840.477
973.502
828.901
839.527
846.297
855.065
770.047
858.844
869.189
856.675
853.901
877.526
860.031
909.876
924.217
928.654
953.715
812.764
908.12
941.78
858.477
829.459
817.448
924.942
827.044
828.2
913.66
820.193
823.976
830.109
901.018
860.109
828.992
843.475
792.929
995.651
1002.03
831.877
981.126
804.453
949.48
997.306
819.941
990.791
790.496
976.368
789.756
957.955
809.573
994.596
989.835
995.407
979.708
806.728
738
701.871
680.021
811.352
652.845
845.139
816.75
877.27
885.369
974.512
986.361
964.592
902.795
702.19
944.249
808.326
783.028
841.259
892.243
814.393
843.994
976.229
823.767
887.402
972.87
916.106
935.31
738.335
861.706
896.606
895.588
807.714
845.805
861.105
845.563
929.685
939.409
840.858
919.567
818.356
960.125
947.537
834.557
983.608
852.139
853.821
865.932
974.403
869.165
710.009
684.942
824.339
911.621
754.95
714.995
795.062
737.84
857.733
755.773
837.891
966.536
885.791
775.792
842.2
864.328
893.567
865.785
894.435
914.271
856.464
860.697
848.318
895.319
848.915
897.196
844.422
922.581
931.412
894.364
929.171
904.501
883.482
860.64
945.371
838.977
926.095
847.624
862.829
854.608
852.063
901.127
888.748
888.778
861.873
862.579
863.728
994.647
969.431
814.796
854.219
808.794
977.861
832.822
973.999
982.742
811.77
823.716
785.43
826.85
993.027
976.601
826.252
955.908
945.94
981.749
835.497
796.511
720.808
835.425
965.974
958.546
941.642
883.495
961.199
933.497
890.837
860.52
857.281
732.384
756.409
915.308
795.812
926.639
955.183
901.351
843.365
894.947
872.79
889.727
882.012
894.772
870.025
907.636
890.897
918.386
872.894
877.807
914.907
911.877
866.556
975.751
937.42
727.471
956.058
848.071
953.753
881.065
926.465
869.661
876.984
873.849
833.293
829.348
961.631
924.002
916.676
887.019
718.009
868.959
929.226
797.404
770.569
882.362
775.089
956.588
834.603
818.104
887.382
885.852
889.471
789.837
852.427
847.18
857.411
805.66
981.132
810.223
990.422
976.008
926.982
894.991
976.683
899.124
885.284
888.793
874.187
869.88
892.483
894.793
881.974
889.584
917.971
853.457
862.161
899.33
908.82
889.423
890.012
863.447
870.677
841.516
820.979
967.076
966.778
933.702
815.825
855.16
817.309
962.332
848.716
846.395
974.801
964.636
932.259
857.764
817.751
850.427
698.403
842.963
860.843
947.62
838.548
879.582
891.569
943.479
871.765
886.929
908.876
906.13
743.936
922.97
785.706
936.953
796.418
791.558
918.235
806.929
833.645
838.869
967.112
919.932
921.977
974.476
868.851
878.557
836.166
952.55
912.271
952.872
914.154
950.611
845.294
903.378
909.574
954.181
890.184
907.113
915.196
945.633
875.271
839.838
874.576
892.644
917.047
877.676
915.943
889.422
895.489
875.843
897.243
871.661
784.848
744.96
947.899
766.222
826.888
962.283
924.369
800.737
843.778
954.267
906.589
875.554
879.467
916.768
918.744
872.363
913.443
880.744
871.656
892.877
896.749
927.391
884.566
888.281
863.207
890.296
910.369
873.509
894.872
962.948
858.658
832.184
931.46
833.942
856.146
959.937
957.149
836.83
965.986
840.067
939.714
870.811
912.407
883.855
880.758
715.845
731.992
893.516
821.684
828.083
953.387
926.933
926.7
953.332
866.287
863.553
852.14
925.879
892.306
746.779
854.184
915.739
874.553
852.902
923.301
905.28
940.284
893.037
875.421
881.398
943.408
921.256
914.861
878.322
884.658
773.322
899.318
814.155
812.999
951.018
848.532
876.702
886.684
950.208
950.322
918.994
951.705
837.833
838.917
945.459
876.499
951.122
898.382
759.388
907.703
913.542
760.266
925.76
772.12
782.39
934.682
805.76
940.624
799.622
944.712
828.113
971.422
818.293
823.315
832.315
954.244
886.226
861.065
888.276
933.855
863.397
856.414
936.02
925.164
931.102
905.117
930.071
861.526
919.309
860.483
891.372
868.569
938.595
922.323
869.104
903.977
913.329
916.257
926.856
916.809
896.847
902.917
893.242
902.564
900.168
894.545
919.582
893.998
912.061
898.221
895.993
896.987
900.568
856.924
917.804
855.674
941.678
948.114
859.265
925.302
928.514
937.498
857.485
926.442
852.947
924.825
870.401
873.544
895.859
939.422
895.004
914.133
898.472
879.611
858.196
872.149
