577.351
654.253
514.06
479.733
867.96
839.126
798.285
576.734
574.89
571.824
567.553
562.095
555.476
547.723
538.878
528.971
518.051
506.196
493.395
494.146
507.577
521.249
532.58
545.28
555.276
566.711
575.432
584.878
592.494
600.595
606.926
613.873
619.032
624.732
628.806
633.487
637.119
640.529
643.94
646.341
649.21
650.853
653.649
654.733
657.432
658.179
660.407
660.815
662.792
663.762
664.893
666.569
667.051
668.668
668.707
670.9
670.691
673.256
672.962
675.102
674.523
676.572
677.176
678.078
679.993
679.969
681.786
681.109
683.957
683.021
686.538
685.5
688.243
686.606
689.273
689.672
690.485
693.058
692.34
694.357
692.851
695.621
695.68
696.602
698.199
699.335
696.645
699.451
699.259
699.331
702.572
699.919
701.407
697.057
699.867
697.09
701.561
694.45
697.989
688.457
688.349
688.313
677.744
683.946
672.951
669.808
656.305
653.969
643.618
643.157
624.621
620.635
596.891
590.273
572.028
569.15
548.354
530.716
529.235
545.996
562.648
577.186
591.746
605.375
617.586
628.353
637.43
644.693
649.973
653.179
682.241
708.68
733.572
756.788
778.35
798.208
816.395
832.927
847.854
861.233
873.134
883.636
892.824
900.787
907.616
913.402
918.237
922.208
925.402
927.898
929.774
931.1
931.946
932.376
932.449
932.212
931.706
930.966
930.031
928.932
927.697
926.35
924.909
923.392
921.814
920.185
918.517
916.818
915.095
913.355
911.603
909.842
908.077
906.311
904.546
902.778
901.009
899.251
897.53
895.842
894.161
892.464
890.759
889.058
887.37
885.691
884.02
882.354
880.691
879.028
877.364
875.694
874.015
872.32
870.602
868.853
867.063
865.222
863.316
861.331
859.247
857.042
854.688
852.153
849.407
846.419
843.156
839.578
835.634
831.271
826.431
821.061
815.103
808.498
801.186
793.111
784.212
774.437
763.734
752.056
739.364
725.626
710.819
694.923
677.947
659.874
640.762
620.584
599.455
699.444
655.472
692.781
921.764
881.894
911.63
831.269
631.758
703.505
916.92
906.536
586.596
869.207
693.462
728.858
716.065
807.27
651.542
773.294
875.945
724.603
732.309
863.843
724.685
721.231
882.578
575.245
628.928
755.12
667.58
684.684
707.429
710.36
676.457
929.352
930.005
899.49
930.638
927.26
713.254
896.03
731.559
732.04
724.57
853.344
829.987
845.089
715.336
892.694
600.369
658.856
582.877
588.201
671.263
537.331
546.882
889.288
716.837
606.872
694.809
920.437
732.16
913.517
688.056
859.963
563.934
680.815
565.878
619.396
592.812
596.216
508.75
707.016
551.895
563.671
632.028
693.941
776.728
872.608
726.785
727.183
838.27
722.135
819.803
702.017
791.921
673.134
750.969
879.261
721.982
720.019
885.914
867.463
728.112
731.967
697.334
857.886
850.818
732.014
616.17
701.231
659.577
899.024
637.959
924.7
644.636
796.594
859.525
690.434
923.633
679.358
920.196
911.786
910.043
670.66
904.777
705.879
903.017
930.723
926.135
929.274
708.372
681.024
653.797
614.504
557.451
548.308
598.451
522.466
692.693
918.357
916.9
661.598
732.034
901.925
735.091
907.094
865.037
637.359
757.893
715.257
702.407
924.909
925.476
762.812
849.295
651.659
750.534
567.38
575.231
608.036
684.361
538.118
578.797
731.833
639.669
616.455
676.947
772.1
576.564
523.713
639.382
709.819
814.762
684.079
762.617
799.977
706.342
825.16
726.583
841.835
730.423
813.859
870.919
697.613
727.591
717.516
834.339
783.045
727.655
660.343
729.139
738.309
865.679
733.634
848.074
730.523
855.688
874.281
894.371
713.271
726.912
880.918
722.002
717.027
887.594
890.997
714.674
719.764
884.243
696.364
699.1
877.604
723.67
623.838
731.19
701.329
861.943
597.716
897.742
711.292
693.992
703.168
871.407
891.071
905.847
846.17
923.27
916.464
691.179
918.578
673.929
926.036
928.019
663.905
915.23
908.292
687.05
649.785
930.5
901.255
683.65
706.016
930.204
928.348
708.79
704.844
900.189
642.245
582.373
566.919
598.916
663.552
535.269
677.09
603.207
584.884
613.114
616.984
876.701
906.344
826.429
719.485
922.266
665.202
706.819
727.224
821.358
796.358
709.199
738.704
894.302
752.19
759.275
870.072
754.646
760.699
876.619
857.831
748.697
711.813
738.739
894.955
740.542
891.69
760.896
837.914
742.953
888.18
883.212
743.54
726.267
678.264
674.004
627.068
635.854
594.212
791.907
866.74
757.118
751.087
746.865
646.259
724.74
696.405
924.208
736.356
732.526
925.577
924.143
903.655
636.213
564.068
636.952
553.55
727.425
696.67
581.662
604.356
594.165
606.913
721.529
735.146
678.592
690.984
742.188
826.158
756.185
841.111
760.898
779.552
803.596
763.08
716.872
851.623
759.955
759.523
878.256
861.535
863.306
830.493
758.36
762.01
846.769
886.462
873.352
810.137
744.887
746.83
753.452
725.052
654.015
879.903
728.149
628.082
723.539
854.498
893.76
722.408
920.871
915.363
912.147
716.374
707.468
898.423
679.208
919.774
908.798
730.714
667.974
915.152
699.505
688.672
918.377
925.372
734.082
925.026
713.367
905.378
601.774
665.843
619.997
585.278
551.753
702.942
611.876
689.185
657.529
752.615
715.962
906.456
748.244
908.957
689.785
735.631
756.295
899.35
761.169
701.77
858.162
797.526
815.113
765.424
782.165
785.89
869.502
673.392
739.713
915.472
916.278
917.253
788.486
831.738
790.571
842.344
769.83
878.323
592.299
762.167
853.806
706.983
723.13
895.997
567.569
720.92
649.82
690.938
597.773
620.456
810.015
655.94
764.8
617.673
716.377
702.808
747.714
700.896
675.145
868.42
756.031
761.22
855.868
856.422
786.614
788.363
769.872
749.688
747.078
889.856
742.048
884.845
874.987
752.632
819.901
784.357
770.632
744.786
844.045
760.978
872.707
871.718
754.128
745.639
725.714
881.555
759.473
816.043
749.834
732.713
834.411
760.423
859.715
909.667
866.293
900.568
757.515
729.137
910.485
892.607
921.077
720.892
922.775
841.26
911.177
893.359
709.412
739.721
885.83
913.776
718.193
729.886
674.139
923.318
896.602
737.782
758.971
917.128
911.719
735.955
688.606
701.485
612.181
657.274
621.94
632.675
620.275
818.782
764.218
868.194
883.873
863.237
782.942
789.207
849.097
694.579
710.802
894.683
747.83
848.767
806.693
760.528
811.282
904.296
779.84
773.332
777.752
791.065
885.116
807.618
764.484
886.042
693.852
629.231
612.019
909.3
725.607
828.225
787.31
877.521
874.335
751.335
696.043
901.012
754.949
890.886
762.103
912.197
914.04
915.809
731.637
754.967
640.048
673.977
651.305
685.937
583.196
784.374
636.53
624.49
714.774
729.881
666.657
753.754
647.424
846.543
682.691
773.796
859.911
784.818
824.234
786.108
789.624
866.422
790.391
776.713
867.975
882.611
768.626
878.544
774.823
778.893
834.655
839.619
789.574
790.766
854.662
852.866
787.625
781.689
803.995
809.859
871.091
774.858
778.749
752.811
759.592
770.712
844.852
790.137
907.464
759.998
741.578
744.384
897.686
910.412
746.733
916.616
916.594
737.951
749.759
888.36
765.976
701.873
780.954
753.933
711.734
902.509
719.662
914.106
734.043
912.945
897.687
688.347
602.823
640.083
645.21
580.642
712.314
665.03
746.263
702.177
721.753
775.625
903.323
900.998
888.839
762.177
845.124
784.35
797.633
782.304
772.041
736.939
898.488
815.705
811.832
800.586
807.465
814.528
801.934
864.438
858.53
758.571
904.377
787.754
878.415
793.017
868.259
814.372
825.836
816.612
832.721
868.411
694.835
678.992
774.045
850.698
810.029
906.33
885.558
744.542
677.205
709.267
662.567
608.758
722.899
657.252
802.404
640.903
626.832
709.118
750.139
685.266
742.341
833.565
738.327
725.165
858.063
756.583
769.523
784.676
782.521
709.446
789.296
801.459
800.917
796.39
811.548
809.951
847.068
861.319
864.874
885.656
767.453
846.93
875.954
804.534
788.717
772.014
861.625
783.804
778.581
851.022
775.69
780.276
789.825
836.998
812.378
790.444
794.266
745.514
897.874
891.942
782.003
905.915
750.804
882.292
915.026
770.132
877.219
742.959
902.668
732.318
888.996
763.037
890.847
903.347
900.405
902.887
753.746
669.151
637.882
619.553
659.366
596.47
734.384
766.455
746.076
772.348
856.833
873.609
893.656
841.669
640.258
823.422
737.34
719.036
772.526
814.442
755.165
791.537
883.691
766.959
834.018
888.911
854.209
871.117
670.475
796.508
837.203
830.586
735.058
774.626
813.805
796.421
865.998
874.161
791.388
857.267
768.578
890.424
880.752
785.205
904.407
799.318
713.033
742.674
894.026
815.856
645.639
624.767
677.64
791.996
685.721
653.45
722.66
675.547
713.999
694
766.061
847.193
782.679
715.923
777.456
795.683
819.625
801.388
823.806
852.566
808.651
813.169
799.675
832.897
800.493
835.66
795.372
859.904
867.467
835.099
865.727
843.407
819.294
813.138
878.98
789.481
862.931
798.621
816.147
806.255
803.58
839.908
825.55
827.029
815.043
815.374
816.663
902.294
897.004
763.8
801.494
756.368
902.029
783.163
899.926
901.808
760.34
773.793
727.168
777.086
886.195
880.687
770.136
887.267
879.475
903.776
786.188
740.86
654.7
781.73
891
888.218
876.178
830.52
889.421
869.464
831.609
807.957
804.576
668.161
691.543
791.849
733.324
834.601
886.182
841.543
784.175
837.472
817.247
836.199
821.955
839.825
816.996
847.253
837.377
856.786
820.055
824.981
853.738
851.051
813.466
886.236
872.825
661.338
834.121
784.645
864.98
823.791
850.422
805.969
814.536
818.288
778.626
773.712
886.224
861.639
855.546
761.228
654.67
730.567
808.608
726.336
700.345
759.879
710.654
836.231
765.082
747.426
800.013
791.615
807.541
726.54
785.469
779.311
791.326
744.892
865.728
750.236
880.563
872.604
839.694
827.335
877.1
839.511
832.145
835.284
821.541
816.665
833.271
834.587
829.077
830.248
855.858
804.959
815.505
837.972
848.33
826.706
836.588
816.237
817.787
789.139
763.397
895.402
886.458
869.793
765.228
802.471
767.357
892.037
796.004
793.822
888.089
890.785
868.588
805.172
759.361
797.67
635.878
696.131
728.572
880.755
785.672
826.671
837.816
877.609
731.067
748.273
779.138
779.108
676.444
795.962
716.442
810.921
727.255
724.815
802.037
741.331
767.678
773.773
852.033
811.022
819.538
867.132
813.549
821.428
775.511
870.375
853.541
884.589
855.052
873.498
786.896
843.379
851.352
879.179
832.202
849.307
855.868
876.516
818.104
787.396
819.047
835.937
856.544
822.103
855.551
832.779
838.768
814.391
840.722
811.517
714.013
680.273
823.544
701.467
756.706
843.523
827.494
739.179
779.51
861.51
846.286
822.894
819.269
855.366
857.135
809.172
852.438
827.852
818.81
838.659
840.901
864.451
824.724
828.798
810.441
836.896
849.71
820.753
836.23
890.189
806.153
776.98
867.885
779.86
803.437
888.908
887.449
783.464
890.403
780.148
874.655
815.396
852.134
826.368
746.88
651.57
666.429
836.502
754.031
765.841
851.78
843.86
847.371
868.031
811.153
808.587
789.491
852.743
834.229
680.297
798.201
856.251
817.195
795.895
861.799
847.732
874.131
836.426
819.903
825.713
875.528
860.1
854.572
822.797
828.62
704.274
764.443
745.842
748.205
844.741
790.592
819.599
827.027
874.542
882.756
858.204
872.227
784.709
786.294
879.127
820.964
879.732
764.517
690.922
848.024
781.164
693.23
796.029
704.9
715.301
808.559
736.928
819.031
733.384
828.254
761.249
860.172
754.377
760.26
770.882
857.184
828.559
806.211
830.45
870.168
801.891
794.454
871.758
854.528
868.068
844.952
861.563
801.379
855.302
801.072
833.327
810.253
873.414
859.813
810.123
846.562
853.109
856.555
862.461
856.802
840.182
843.934
835.131
845.29
841.522
836.341
858.267
837.381
851.953
839.771
839.326
838.62
843.531
801.476
857.296
799.975
874.766
836.848
804.411
856.512
866.044
872.763
802.303
864.387
796.567
863.064
812.394
815.989
837.559
873.798
838.359
853.874
841.672
824.042
803.22
814.382
