605.689
702.343
502.33
498.113
904.008
870.575
830.099
605.013
602.976
599.592
594.875
588.847
581.539
572.986
563.22
552.306
540.268
527.156
513.106
513.68
529.103
542.229
557.451
568.219
581.545
590.267
601.679
609.841
619.178
625.742
633.553
638.543
645.04
649.11
654.633
657.768
661.55
664.697
666.828
669.992
671.577
674.714
675.176
678.202
677.91
680.771
680.766
683.8
683.746
685.294
686.462
686.429
688.615
688.689
691.6
690.445
693.603
691.646
694.9
693.844
697.813
696.796
698.361
699.436
698.437
701.284
700.8
704.964
702.376
706.751
702.778
707.274
705.05
711.164
708.806
710.584
711.64
708.887
712.879
711.765
717.545
714.329
716.334
716.567
714.708
714.559
722.377
718.053
719.427
719.894
712.91
718.187
715.719
724.267
717.546
719.124
706.171
715.95
704.215
719.26
711.303
701.607
712.033
682.567
687.416
679.273
689.709
673.167
663.598
631.307
634.72
609.286
625.889
606.191
592.571
536.527
524.897
517.425
528.519
551.929
570.145
594.637
620.442
643.878
663.064
677.439
687.754
694.729
699.15
701.574
733.986
763.704
791.225
816.659
839.871
860.956
879.925
896.867
911.869
925.036
936.484
946.331
954.699
961.711
967.489
972.153
975.819
978.599
980.596
981.911
982.634
982.846
982.624
982.043
981.163
980.033
978.689
977.168
975.504
973.727
971.861
969.925
967.936
965.907
963.849
961.77
959.679
957.58
955.48
953.382
951.289
949.206
947.133
945.073
943.028
940.993
938.967
936.964
935.013
933.107
931.216
929.316
927.413
925.523
923.652
921.798
919.959
918.133
916.317
914.511
912.714
910.922
909.133
907.344
905.549
903.743
901.918
900.067
898.18
896.244
894.244
892.16
889.965
887.63
885.124
882.417
879.475
876.256
872.703
868.755
864.349
859.418
853.893
847.7
840.765
833.009
824.356
814.73
804.061
792.28
779.328
765.154
749.715
732.988
714.941
695.613
674.943
653.08
629.916
722.621
681.419
715.376
964.003
944.289
969.997
895.111
658.872
727.36
957.833
945.387
614.921
904.035
699.915
748.525
728.646
846.369
670.307
813.483
911.166
764.031
747.494
898.575
746.22
741.855
918.377
603.172
670.096
815.165
693.286
709.632
729.215
732.986
701.547
980.708
976.643
937.264
979.929
971.74
733.392
933.34
753.947
748.274
747.418
888.515
867.367
880.982
735.652
929.588
600.934
694.496
593.549
617.476
724.793
562.063
571.921
925.787
739.042
634.989
718.568
976.429
750.169
953.669
712.391
894.766
565.816
732.829
571.687
651.78
622.57
626.333
529.882
762.286
574.903
590.003
626.691
731.909
838.364
907.603
747.186
753.178
874.843
736.299
858.055
726.068
831.715
690.994
791.09
914.753
746.306
738.535
922.049
902.236
752.179
752.003
720.321
892.773
886.188
751.432
643.315
725.58
686.393
959.595
666.462
967.981
671.696
859.387
923.112
712.251
978.429
702.99
961.965
951.588
949.512
696.726
943.34
726.203
941.305
979.07
979.75
975.14
730.541
705.773
706.072
645.154
583.532
544.636
628.801
545.074
720.356
971.953
958.329
690.708
755.739
940.17
759.603
946.23
899.511
667.458
781.166
739.902
728.971
970.519
973.651
783.759
884.147
695.097
810.965
595.034
603.063
639.253
712.69
562.35
588.846
789.694
673.741
613.976
713.843
833.939
601.336
545.858
652.158
748.617
878.264
694.19
802.841
839.451
732.674
862.973
737.321
878.049
750.353
852.545
905.823
713.555
749.401
734.837
871.303
823.084
748.162
685.813
751.728
778.171
900.419
747.248
883.685
755.337
890.698
909.383
931.471
735.916
744.782
916.56
743.474
740.882
923.907
927.691
739.514
741.425
920.206
719.127
720.407
912.956
746.17
652.173
750.288
722.603
896.694
624.551
935.277
733.827
716.696
725.427
934.494
952.615
965.349
910.023
966.012
973.654
714.545
959.906
698.984
969.895
980.483
689.859
955.752
947.444
710.199
677.669
977.964
939.281
706.685
728.658
980.499
973.496
732.733
731.548
938.164
690.52
611.042
593.99
618.519
717.242
559.027
729.839
615.369
592.655
644.855
649.122
938.142
963.541
889.867
744.364
965.814
683.391
745.324
751.506
858.858
835.518
728.801
759.918
931.569
777.814
799.189
904.8
779.51
784.295
911.852
892.249
772.898
736.593
762.346
932.188
765.565
928.507
781.683
873.816
767.4
924.581
919.076
804.148
754.429
733.162
710.612
659.856
643.973
623.409
854.7
901.284
780.331
774.262
770.063
675.917
749.154
723.319
969.078
760.339
757.854
972.838
974.336
942.183
669.772
590.777
670.749
578.36
785.823
753.246
609.1
609.307
623.947
635.045
760.659
774.706
698.814
709.686
765.237
863.226
778.501
876.691
783.847
819.278
842.381
782.941
739.408
886.31
782.175
780.83
913.638
895.932
897.731
867.144
779.54
784.955
881.824
922.671
908.315
848.51
767.256
768.967
776.05
748.566
684.067
915.438
752.882
657.582
747.719
917.357
953.236
746.277
973.293
956.349
952.328
742.047
733.322
936.137
708.513
962.187
948.263
754.675
697.393
969.946
726.329
716.859
960.281
971.779
758.417
974.18
738.556
944.203
632.342
716.565
642.067
614.153
577.151
758.874
641.27
712.189
688.894
778.42
745.348
959.25
774.35
949.093
720.956
762.954
782.364
937.415
786.849
739.786
892.061
835.793
852.095
791.222
807.439
810.848
904.072
718.666
766.454
963.717
960.186
963.651
814.041
867.144
815.108
876.656
795.502
913.671
621.509
783.506
888.368
737.066
751.791
933.518
594.453
779.766
664.776
728.613
626.507
626.049
873.31
691.293
826.519
647.113
755.013
726.564
787.529
718.857
706.553
903.049
779.842
784.331
890.341
890.278
811.806
827.843
809.75
773.869
772.496
926.453
766.21
920.879
910.082
774.596
856.449
809.349
796.909
771.875
879.343
785.342
907.546
906.559
777.852
768.816
750.712
917.252
784.515
853.983
773.669
754.997
870.671
779.962
894.109
961.277
928.528
958.931
783.458
756.799
950.299
929.634
964.037
745.403
974.057
904.535
967.177
930.384
735.487
763.922
946.341
954.348
742.947
753.138
702.893
967.502
934.059
760.914
784.288
962.637
952.743
763.328
745.145
758.103
643.436
693.009
637.123
666.036
652.364
881.225
803.582
927.892
919.849
897.368
807.681
813.798
883.031
731.917
742.994
944.73
777.631
881.894
842.967
793.543
838.854
943.301
807.239
798.991
803.541
822.741
942.681
837.595
790.427
922.235
740.551
661.885
642.691
953.987
752.066
863.973
812.617
912.805
909.32
776.928
726.965
939.372
781.286
927.679
788.075
962.652
956.089
959.06
759.18
815.655
657.623
695.636
686.198
723.128
610.54
846.737
667.576
655.336
739.761
768.941
698.238
793.157
678.759
907.975
714.286
813.006
893.874
810.025
860.361
810.91
814.5
900.759
829.033
802.101
902.426
918.415
794.203
913.926
799.71
804.845
869.746
874.141
814.756
814.962
888.497
886.706
812.38
806.685
841.85
847.28
905.792
801.847
805.229
778.933
785.153
797.048
879.006
815.243
947.2
785.634
767.673
770.481
952.9
950.982
773.063
963.885
961.234
764.891
775.581
924.814
791.536
732.07
808.438
779.718
741.39
956.513
748.817
963.44
761.231
954.463
935.474
740.68
633.141
665.329
679.493
608.683
770.84
698.027
784.97
735.042
753.927
803.113
948.901
940.239
925.502
790.308
878.195
811.813
825.22
820.237
799.552
767.821
936.979
851.144
841.203
829.557
834.994
841.847
829.233
898.474
892.136
787.005
945.995
815.191
913.75
820.581
902.546
842.71
860.77
844.52
866.286
902.766
726.24
715.515
835.037
883.894
837.412
949.779
921.754
774.635
715.042
762.679
698.052
639.201
780.634
677.333
864.976
672.903
658.44
747.074
783.163
718.486
781.651
895.616
771.192
757.755
918.7
795.244
802.285
816.755
821.484
742.134
826.851
838.17
831.578
827.592
847.401
839.603
881.096
895.116
899.107
921.798
792.758
880.016
911.088
834.754
812.778
797.972
895.668
808.856
805.867
884.894
800.938
805.812
815.067
871.783
839.987
814.929
821.761
771.708
946.773
948.354
809.659
945.277
780.31
918.071
957.655
797.532
935.885
769.192
941.341
763.651
925.546
789.233
942.092
947.528
948.197
942.971
782.883
705.283
671.423
651.288
687.213
626.162
794.331
794.163
786.945
812.417
913.873
928.417
931.124
874.803
672.837
883.383
775.205
753.461
809.593
851.545
787.487
820.295
929.322
798.067
863.881
931.486
887.567
905.583
706.181
831.942
869.406
864.757
773.683
812.883
841.378
823.905
900.159
909.052
819.043
890.797
795.93
927.334
916.347
812.53
945.527
828.322
760.548
800.869
935.383
845.288
679.432
656.333
707.605
852.91
722.232
686.044
761.042
708.776
754.371
727.146
804.567
905.354
822.008
748.313
809.888
832.825
855.951
836.428
859.328
885.845
836.028
840.797
827.176
866.464
827.857
869.096
822.709
893.6
901.749
867.251
899.793
876.496
854.228
842
914.384
817.07
896.85
826.324
843.807
833.87
830.975
873.119
859.948
860.646
842.317
843.357
844.631
949.004
935.143
791.927
830.431
785.215
941.679
810.693
938.8
943.595
788.613
801.353
758.878
804.529
938.658
927.433
800.881
923.699
914.923
944.363
813.484
771.284
689.405
811.196
930.128
925.428
911.228
860.228
927.235
903.824
863.785
836.932
833.572
702.176
726.085
838.273
767.115
876.584
922.825
873.916
816.541
869.463
847.551
866.203
854.683
870.649
846.365
879.878
867.56
890.006
849.376
854.409
886.744
883.89
842.744
930.842
907.477
696.138
888.869
819.159
908.052
854.957
888.63
840.654
848.57
848.615
808.647
804.219
925.427
895.235
888.573
819.506
688.129
771.376
869.173
764.135
737.482
800.417
745.194
895.401
802.479
785.236
838.144
830.25
845.165
760.681
821.738
815.996
827.186
777.908
921.658
782.9
934.236
921.706
880.722
862.115
925.026
871.802
861.931
865.216
850.886
846.091
865.417
867.553
858.692
862.502
889.308
832.505
842.871
871.284
881.006
860.845
866.638
844.146
847.081
817.877
794.911
933.203
927.551
904.126
793.106
831.382
794.837
929.216
824.905
822.634
931.698
929.46
902.806
834.149
791.284
826.612
668.743
735.473
782.437
916.444
814.681
856.151
868.098
912.845
779.027
796.303
826.409
837.155
712.048
853.563
753.302
867.841
764.174
760.57
847.273
776.675
803.373
809.074
904.384
855.19
862.898
917.409
843.731
852.534
808.603
911.47
885.728
920.915
887.412
912.941
818.852
875.835
883.305
918.063
863.686
881.063
888.346
913.1
849.262
816.188
849.366
866.984
889.374
852.462
888.319
863.728
870.436
847.902
872.269
844.345
751.579
714.622
879.502
736.066
794.357
897.046
870.169
772.533
814.427
905.689
878.875
852.256
852.089
888.487
890.366
843.598
885.364
857.382
848.1
869.146
872.134
898.312
857.313
861.15
839.53
867.014
882.468
850.109
868.684
928.412
835.099
807.264
902.051
809.553
832.399
926.411
924.394
812.721
929.769
812.88
909.52
845.633
884.783
857.63
800.855
685.43
701.033
867.66
790.454
799.697
898.112
883.909
886.463
910.093
841.26
838.621
823.625
890.124
865.763
715.485
828.846
888.826
848.469
827.09
895.119
879.352
909.507
867.456
850.222
856.192
911.605
893.254
887.283
853.154
859.277
740.908
812.227
782.52
783.215
891.977
822.301
850.706
859.494
913.529
918.762
891.179
912.457
813.844
815.184
914.573
851.292
917.256
818.312
727.141
880.376
834.554
728.819
848.734
740.697
751.134
860.234
773.778
869.452
768.967
877.458
797.34
911.516
789.005
794.493
804.35
902.465
859.901
836.196
861.863
904.502
835.45
828.244
906.35
891.172
902.103
877.48
897.685
834.232
889.765
833.539
864.841
842.099
908.397
893.647
842.331
878.102
885.764
889.242
897.079
889.622
871.301
875.954
866.687
876.75
873.374
867.947
891.605
868.426
884.541
871.519
870.419
870.317
874.867
831.808
890.311
830.459
910.449
885.02
834.401
892.618
899.818
907.56
832.48
897.968
827.43
896.507
844.06
847.382
869.216
908.961
869.429
886.562
872.879
854.445
833.279
845.903
