981.894
981.958
1049.26
880.033
1099.94
1099.93
1099.94
981.762
981.698
981.674
981.622
981.535
981.327
980.887
979.902
977.741
973.064
962.837
939.174
935.894
938.375
851.615
499.382
490.174
486.973
487.086
490.921
501.967
910.973
1032.08
1060.53
1069.67
1072.68
1073.71
1074.07
1074.2
1074.25
1074.26
1074.27
1074.27
1074.27
1074.27
1074.27
1074.27
1074.27
1074.27
1074.27
1074.27
1074.27
1074.27
1074.27
1074.27
1074.27
1074.27
1074.27
1074.27
1074.27
1074.27
1074.27
1074.27
1074.27
1074.27
1074.27
1074.27
1074.27
1074.27
1074.27
1074.27
1074.27
1074.27
1074.27
1074.27
1074.27
1074.27
1074.27
1074.27
1074.27
1074.27
1074.27
1074.27
1074.27
1074.27
1074.27
1074.27
1074.27
1074.27
1074.27
1074.27
1074.27
1074.27
1074.27
1074.27
1074.27
1074.27
1074.27
1074.27
1074.27
1074.27
1074.27
1074.27
1074.27
1074.27
1074.27
1074.27
1074.27
1074.27
1074.27
1074.27
1074.27
1074.26
1074.25
1074.22
1074.16
1074
1073.63
1072.69
1070.38
1064.48
1063.94
1069.12
1069.16
1063.54
1025.96
989.788
984.452
982.573
981.983
981.768
981.771
981.859
1054.36
1082.35
1093.17
1097.36
1098.98
1099.61
1099.85
1099.94
1099.98
1099.99
1100
1100
1100
1100
1100
1100
1100
1100
1100
1100
1100
1100
1100
1100
1100
1100
1100
1100
1100
1100
1100
1100
1100
1100
1100
1100
1100
1100
1100
1100
1100
1100
1100
1100
1100
1100
1100
1100
1100
1100
1100
1100
1100
1100
1100
1100
1100
1100
1100
1100
1100
1100
1100
1100
1100
1100
1100
1100
1100
1100
1100
1100
1100
1100
1100
1100
1100
1100
1100
1100
1100
1100
1100
1100
1100
1100
1100
1100
1099.99
1099.99
1099.97
1099.94
1099.84
1099.6
1098.97
1097.35
1093.15
1082.34
1054.39
1090.06
1089.86
1090.06
1100
1100
1100
1099.94
1077.72
1090.06
1100
1100
865.985
1100
1090.06
1090.06
1090.06
1100
1090.03
1099.99
1100
1099.93
1090.06
1100
1090.06
1090.05
1100
1052.53
1061.16
1097.34
1090.05
1090.06
1090.06
1090.06
1090.06
1100
1100
1100
1100
1100
1090.06
1100
1090.06
1090.06
1090.06
1100
1100
1100
1090.06
1100
1089.27
1097.33
1085.09
1052.74
1053.25
964.111
1048.12
1100
1090.06
926.83
1090.05
1100
1090.06
1100
1090.06
1100
1085.71
1053.9
1084.76
1081.92
1052.73
1052.98
1002.08
1082.08
914.942
870.317
1089.9
1099.6
1098.98
1100
1090.06
1090.05
1100
1090.06
1100
1090.06
1100
1090.05
1099.99
1100
1090.06
1090.06
1100
1100
1090.06
1090.06
1090.06
1100
1100
1090.06
987.116
1090.06
1089.98
1100
1085.76
1100
1088.54
1099.61
1099.99
1090.06
1100
1090.06
1100
1100
1100
1090.05
1100
1090.06
1100
1100
1100
1100
1090.06
1090.06
1054
1070.37
1050.74
1079.52
1053.57
1029.52
1096.15
1100
1100
1092.88
1096.16
1100
1096.15
1100
1100
1056.6
1096.16
1096.16
1096.16
1100
1100
1096.16
1100
1085.21
1097.31
1027.72
1078.58
1081.24
1096.09
1046.96
1088.22
1093.08
1093.06
1089.7
1098.96
1098.98
864.854
1009.01
1089.99
1099.84
1099.85
1090.05
1099.99
1100
1090.06
1100
1090.06
1100
1090.06
1100
1100
1090.06
1090.06
1090.06
1100
1100
1090.06
1090.05
1090.06
1099.97
1100
1090.06
1100
1090.06
1100
1100
1100
1090.06
1090.06
1100
1090.06
1090.06
1100
1100
1090.06
1090.06
1100
1090.05
1090.06
1100
1090.06
1052.94
1090.06
1090.06
1100
874.109
1100
1090.06
1090.05
1090.06
1100
1100
1100
1099.98
1100
1100
1090.06
1100
1090.06
1100
1100
1090.03
1100
1100
1090.06
1089.52
1100
1100
1090.06
1090.06
1100
1100
1090.05
1096.16
1100
1055.54
1052.79
1051.96
1079.62
1053.51
1042.24
1053.47
1092.26
1091.24
1081.41
1081.69
1100
1100
1099.94
1096.15
1100
1096.07
1099.83
1096.16
1100
1100
1096.15
1096.16
1100
1096.16
1099.99
1100
1096.16
1096.16
1100
1100
1096.15
1096.16
1096.15
1100
1096.16
1100
1096.15
1100
1096.16
1100
1100
1097.32
1098.51
1082.36
1098.94
1092.55
1095.74
1010.72
1099.61
1100
1096.16
1096.15
1096.16
1074.8
1096.15
1096.15
1100
1096.15
1096.16
1100
1100
1100
1088.06
1074.99
1092.91
1042.06
1092.97
1081.74
1016.22
1094.01
1080.84
1011.89
1099.92
1099.96
1096.12
1096.14
1096.16
1100
1096.16
1100
1096.15
1099.99
1100
1096.16
1096.16
1100
1096.16
1096.16
1100
1100
1100
1100
1096.15
1096.16
1100
1100
1100
1100
1096.16
1096.16
1096.15
1096.16
1087.45
1100
1096.16
1035.38
1096.14
1099.99
1100
1096.14
1100
1100
1100
1096.16
1096.16
1100
1095.98
1100
1100
1096.16
1094.93
1100
1096.16
1096.13
1100
1100
1096.16
1100
1096.16
1100
1081.15
1083.32
1090.84
1080.15
1066.54
1081.85
1066.22
1098.42
1082.73
1098.51
1098.51
1100
1098.48
1100
1097.66
1098.51
1098.51
1100
1098.5
1099.79
1100
1099.99
1100
1098.51
1098.51
1098.51
1100
1094.31
1098.51
1100
1100
1100
1098.49
1100
1098.51
1100
1098.52
1100
1089.15
1096.15
1100
1098.45
1098.51
1100
1072.05
1092.99
1095.96
1099.58
1067.5
1095.22
1099.85
1097.26
1098.99
1020.38
1099.89
1098.47
1099.98
1096.15
1093.7
1100
1096.16
1096.15
1100
1100
1098.51
1099.99
1099.99
1096.15
1096.15
1100
1096.16
1100
1100
1096.15
1100
1098.51
1098.51
1098.51
1100
1096.15
1100
1100
1096.16
1096.16
1096.15
1100
1096.16
1100
1096.16
1096.16
1100
1096.15
1100
1100
1100
1100
1098.51
1098.51
1100
1100
1100
1096.14
1100
1099.98
1100
1100
1096.16
1096.15
1100
1100
1096.15
1096.16
1095.7
1100
1100
1096.15
1098.51
1100
1100
1098.52
1082
1093.35
1092.01
1095.16
1095.81
1092.73
1092.38
1099.94
1099.98
1100
1099.99
1100
1098.51
1098.51
1100
1099.7
1099.32
1099.99
1099.42
1099.99
1099.99
1099.41
1099.42
1100
1099.42
1098.51
1098.49
1099.42
1100
1099.41
1098.49
1100
1097.77
1096.37
1086.72
1099.99
1098.51
1100
1098.5
1100
1100
1098.5
1098.17
1100
1098.51
1100
1098.49
1100
1100
1100
1098.52
1099.01
1097.36
1098.29
1097.15
1099.54
1070.42
1099.62
1070.57
1067.22
1098.5
1099.93
1089.1
1099.97
1076.1
1099.99
1096.42
1099.98
1100
1098.51
1100
1098.5
1098.5
1100
1099.99
1098.49
1100
1100
1098.52
1100
1098.51
1098.5
1100
1100
1098.49
1098.51
1100
1100
1098.51
1098.51
1100
1100
1100
1098.51
1098.51
1098.51
1098.51
1098.51
1100
1098.51
1100
1098.51
1098.51
1098.5
1100
1100
1098.47
1100
1100
1098.52
1098.49
1100
1098.5
1098.37
1099.42
1098.51
1098.49
1100
1098.51
1100
1098.52
1100
1100
1093.71
1091.17
1095.87
1097.02
1084.24
1093.12
1090.86
1099.92
1098.28
1099.31
1099.42
1099.99
1099.99
1099.99
1099.42
1099.99
1099.41
1099.41
1099.98
1099.39
1099.41
1099.99
1099.99
1099.4
1099.77
1099.41
1099.41
1099.39
1099.99
1099.99
1099.43
1099.99
1099.39
1099.99
1099.43
1099.99
1099.4
1099.99
1099.42
1099.99
1099.99
1099.17
1099.44
1099.62
1099.99
1099.42
1099.99
1099.99
1099.41
1097.98
1097.59
1098.77
1092.85
1097.47
1098.01
1099.85
1087.51
1086.79
1099.81
1099.41
1095.4
1099.95
1099.98
1099.4
1099.38
1099.99
1099.94
1099.41
1099.42
1099.99
1098.9
1099.99
1099.99
1099.42
1099.42
1099.99
1099.41
1100
1099.99
1100
1100
1098.51
1099.99
1100
1099.41
1098.51
1098.51
1100
1098.51
1099.42
1100
1098.5
1098.5
1098.5
1100
1099.42
1098.5
1099.43
1098.48
1099.99
1100
1099.41
1100
1099.42
1099.99
1100
1099.38
1100
1098.5
1100
1099.39
1100
1098.48
1099.99
1099.99
1099.99
1099.99
1099.43
1098.88
1096.81
1095.36
1097.98
1086.55
1097.38
1099.4
1099.72
1099.76
1099.99
1099.99
1099.99
1099.99
1094.55
1099.97
1099.82
1099.19
1099.96
1099.77
1099.76
1099.75
1099.98
1099.77
1099.77
1099.98
1099.99
1099.98
1099.21
1099.98
1099.98
1099.76
1099.9
1099.97
1099.41
1099.41
1099.99
1099.99
1099.42
1099.99
1099.37
1099.99
1099.99
1099.39
1099.99
1099.77
1099.09
1099.02
1099.98
1099.79
1098.05
1094.04
1098.83
1099.85
1099.49
1088.83
1099.86
1093.17
1099.49
1097.14
1099.96
1099.99
1099.76
1099.19
1099.41
1099.99
1099.76
1099.98
1099.76
1099.99
1099.41
1099.42
1099.4
1099.75
1099.39
1099.99
1099.42
1099.99
1099.99
1099.98
1099.99
1099.99
1099.99
1099.4
1099.99
1099.4
1099.99
1099.41
1099.41
1099.41
1099.4
1099.99
1099.99
1099.99
1099.41
1099.4
1099.42
1099.99
1099.99
1099.42
1099.76
1099.43
1099.99
1099.41
1099.99
1099.99
1099.42
1099.4
1099.36
1099.42
1099.99
1099.98
1099.77
1099.99
1099.99
1099.99
1099.38
1099.41
1098.54
1099.76
1099.98
1099.98
1099.98
1099.76
1099.98
1099.99
1099.98
1099.74
1099.75
1095.55
1097.21
1099.9
1099.62
1099.9
1099.98
1099.98
1099.91
1099.75
1099.91
1099.77
1099.98
1099.76
1099.77
1099.98
1099.75
1099.98
1099.76
1099.75
1099.98
1099.98
1099.78
1099.98
1099.98
1098.71
1099.98
1099.95
1099.95
1099.95
1099.89
1099.98
1099.98
1099.9
1099.78
1099.78
1099.97
1099.98
1099.98
1099.62
1094.95
1099.66
1099.94
1099.77
1099.62
1099.75
1098.71
1099.99
1099.94
1099.87
1099.76
1099.75
1099.76
1099.47
1099.97
1099.97
1099.98
1099.72
1099.99
1099.74
1099.99
1099.98
1099.9
1099.76
1099.98
1099.98
1099.76
1099.77
1099.74
1099.78
1099.98
1099.75
1099.76
1099.98
1099.99
1099.41
1099.4
1099.99
1099.98
1099.99
1099.76
1099.41
1099.76
1099.73
1099.76
1099.99
1099.97
1099.98
1099.41
1099.76
1099.38
1099.99
1099.76
1099.76
1099.98
1099.98
1099.98
1099.74
1099.76
1099.77
1096.92
1099.07
1099.05
1099.98
1099.75
1099.76
1099.75
1099.98
1099.59
1099.78
1099.89
1099.85
1099
1099.93
1099.47
1099.96
1099.61
1099.4
1099.9
1099.75
1099.93
1099.94
1099.98
1099.89
1099.89
1099.98
1099.9
1099.95
1099.9
1099.95
1099.9
1099.98
1099.9
1099.95
1099.9
1099.98
1099.9
1099.96
1099.96
1099.9
1099.9
1099.96
1099.95
1099.73
1099.9
1099.91
1099.95
1099.89
1099.95
1099.91
1099.76
1099.98
1099.78
1099.97
1099.7
1096.3
1099.98
1098.02
1099.91
1099.98
1099.9
1099.69
1099.95
1099.96
1099.98
1099.74
1099.98
1099.98
1099.98
1099.98
1099.98
1099.76
1099.76
1099.76
1099.78
1099.98
1099.98
1099.98
1099.76
1099.76
1099.98
1099.75
1099.75
1099.98
1099.74
1099.79
1099.98
1099.77
1099.76
1099.98
1099.98
1099.76
1099.98
1099.9
1099.98
1099.9
1099.96
1099.96
1099.61
1097.53
1097.83
1099.92
1099.88
1099.89
1099.96
1099.9
1099.9
1099.95
1099.9
1099.89
1099.96
1099.89
1099.96
1098.1
1099.9
1099.9
1099.95
1099.91
1099.95
1099.89
1099.95
1099.9
1099.9
1099.89
1099.95
1099.95
1099.96
1099.89
1099.9
1099.32
1099.86
1099.81
1099.82
1099.96
1099.91
1099.95
1099.98
1099.95
1099.98
1099.95
1099.95
1099.76
1099.74
1099.98
1099.9
1099.96
1099.83
1099.17
1099.96
1099.91
1098.44
1099.94
1098.79
1099.12
1099.95
1099.72
1099.95
1099.61
1099.95
1099.91
1099.98
1099.86
1099.88
1099.89
1099.96
1099.96
1099.89
1099.96
1099.96
1099.97
1099.96
1099.96
1099.89
1099.96
1099.98
1099.92
1099.96
1099.88
1099.95
1099.96
1099.96
1099.96
1099.9
1099.96
1099.89
1099.96
1099.9
1099.91
1099.89
1099.89
1099.96
1099.96
1099.9
1099.95
1099.95
1099.9
1099.9
1099.96
1099.95
1099.89
1099.95
1099.89
1099.9
1099.89
1099.9
1099.95
1099.95
1099.88
1099.89
1099.95
1099.96
1099.89
1099.95
1099.9
1099.95
1099.96
1099.95
1099.95
1099.96
1099.9
1099.96
1099.89
1099.89
1099.89
1099.96
