747.326
803.781
866.101
589.229
1072.26
1049.1
946.716
746.291
743.256
738.238
731.261
722.358
711.571
698.972
684.611
668.529
651.062
631.517
611.262
612.465
630.061
655.753
654.99
681.998
682.609
711.974
709.886
722.541
719.668
732.045
728.67
741.864
737.229
744.413
733.715
741.262
740.201
740.435
749.516
743.436
746.03
733.583
745.574
735.016
753.664
744.469
752.179
728.891
739.811
736.484
735.951
755.047
744.88
743.132
714.911
730.405
710.631
748.778
742.217
747.091
683.583
682.411
666.891
683.275
755.517
728.13
628.854
462.892
452.022
487.176
487.515
429.565
452.511
618.588
940.196
992.401
1011.54
1017.88
1020.19
1021.03
1021.35
1021.47
1021.52
1021.53
1021.54
1021.54
1021.54
1021.53
1021.52
1021.5
1021.48
1021.45
1021.39
1021.31
1021.2
1021.03
1020.79
1020.45
1019.97
1019.32
1018.43
1017.24
1015.67
1013.62
1010.97
1007.62
1003.41
998.214
991.878
984.261
975.231
964.688
952.577
938.919
923.87
907.89
891.663
877.32
870.03
862.307
841.966
824.864
814.983
813.321
809.796
807.746
806.182
805.05
804.311
803.9
844.068
879.109
911.925
940.393
965.634
987.509
1006.26
1022.16
1035.49
1046.54
1055.58
1062.91
1068.77
1073.4
1077.02
1079.81
1081.93
1083.53
1084.72
1085.59
1086.23
1086.68
1086.99
1087.21
1087.37
1087.47
1087.54
1087.59
1087.62
1087.64
1087.65
1087.66
1087.66
1087.67
1087.67
1087.67
1087.67
1087.67
1087.66
1087.66
1087.65
1087.64
1087.61
1087.57
1087.51
1087.42
1087.29
1087.1
1086.85
1086.51
1086.07
1085.48
1084.73
1083.8
1082.68
1081.36
1079.83
1078.08
1076.13
1073.98
1071.67
1069.19
1066.59
1063.89
1061.09
1058.23
1055.32
1052.39
1049.44
1046.49
1043.55
1040.64
1037.75
1034.89
1032.05
1029.26
1026.5
1023.79
1021.07
1018.33
1015.51
1012.55
1009.37
1005.86
1001.91
997.352
992.008
985.669
978.104
969.063
958.287
945.51
930.479
912.966
892.742
869.63
843.827
814.268
783.113
776.846
780.248
782.275
1087.29
1062.61
1079.46
1021.99
769.649
758.984
1087.29
1087.23
731.782
1058.82
1014.14
1032.63
1026.65
1003.84
985.323
983.801
1069.7
943.842
1032.63
1050.04
1032.14
1007.29
1078.41
743.722
851.964
940.182
777.787
773.074
740.009
720.531
779.516
1086.31
1087.17
1086.84
1086.84
1087.27
623.233
1086.32
1032.54
1032.29
1031.04
1035.43
1016.18
1026.99
622.711
1085.41
932.282
868.023
867.744
764.834
844.532
676.623
697.708
1083.87
742.627
752.953
768.204
1083.17
1032.62
1087.29
776.399
1044.13
897.809
843.881
877.485
812.391
772.359
777.905
637.123
878.71
704.488
715.672
962.071
911.382
965.509
1064.44
1032.57
1031.87
1021.57
1029.47
1010.46
1021.86
995.403
1002.35
967.289
1074.42
1029.16
884.96
1081.56
1055.92
1032.64
1032.6
776.555
1041.2
1032.59
1032.49
761.961
752.192
778.452
1073.07
767.242
1087.29
771.372
987.402
1046.3
786.054
1084.36
783.862
1087.29
1087.28
1087.27
774.275
1087.18
767.186
1087.11
1087
1085.23
1087.22
728.286
781.595
847.172
855.757
714.84
882.031
781.522
657.972
813.061
1083.26
1086.17
805.507
798.994
1086.06
798.496
1086.15
1051.94
789.628
1042.18
814.154
812.615
1086.05
1085.72
1042.09
1028.46
884.648
939.923
717.071
740.666
793.924
809.71
680.843
915.379
911.544
842.115
947.957
891.15
965.31
731.568
658.164
974.512
928.857
1006.13
1008.83
976.281
999.924
1024.55
1013.39
1030.37
1024.26
1032.12
1007.31
1061.67
1018.43
1031.52
1028.25
1018.9
990.098
1032.61
994.564
1032.64
956.564
1052.99
1032.41
1029.77
1032.58
1038.3
1067.13
1085.93
598.817
1032.45
1076.51
1023.21
805.819
1082.82
1084.73
675.896
954.636
1080.09
770.082
782.328
1072.14
1031.33
764.547
1032.63
768.863
1047.08
744.586
1086.62
679.516
775.636
754.485
1055.32
1068.45
1076.68
1035.29
1087.29
1081.58
783.44
1087.29
776.151
1087.28
1085.86
779.513
1087.29
1087.26
774.814
772.875
1087.1
1087
781.715
754.347
1086.62
1087.25
728.295
812.3
1085.99
849.224
755.324
730.211
858.98
845.69
679.071
843.988
895.489
898.1
802.195
808.479
1061.73
1078.41
1021.57
815.507
1086.14
982.121
924.003
813.556
1007.07
993.993
1017.72
1033.89
1084.1
1039.86
970.836
1060.81
1042.02
1042.17
1071.6
1039.99
1003.89
816.921
767.086
1085.49
763.07
1084.72
1041.64
1017.61
803.973
1083.3
1079.68
939.973
847.32
881.314
886.461
821.819
954.079
749.915
987.181
1054.94
1042.16
1034.91
937.089
795.712
810.677
814.248
1086.09
787.588
802.197
1085.87
1085.19
1086.11
887.482
722.564
837.767
702.59
911.298
878.965
734.678
918.529
771.355
766.9
938.847
951.415
993.389
1002.98
1036.04
1009.78
1040.55
1020.22
1041.81
984.396
997.805
1042.12
1023.18
1031.28
1042.18
1042.18
1073.94
1045.94
1048.94
1012.42
1041.04
1042.03
1025.65
1082.3
1066.44
1001.18
846.34
1037.69
1041.07
1027.6
800.31
1076.08
810.515
783.789
811.258
1045.62
1072.08
813.878
1084.12
1086.17
1086.17
812.578
813.684
1085.88
807.736
1086.16
1086.16
798.961
807.226
1082.09
813.693
811.077
1086.17
1085.98
804.485
1085.51
815.421
1086.14
783.717
882.779
891.694
756.962
702.977
878.622
781.576
988.493
821.173
849.954
844.575
1080.26
851.624
1084.3
837.683
1025.79
849.369
1084.25
848.293
915.905
1040.36
987.872
996.696
1042.51
1048.65
1051.04
1062.72
914.841
850.588
1083.31
1084.11
1083.91
1050.4
1007.16
1050.94
1016.52
920.562
1078.25
765.469
1042.14
1034.14
842.752
846.735
1084.18
726.411
911.662
969.022
906.582
766.034
937.149
1005.83
863.395
965.209
776.5
930.546
1000.39
961.988
1011.04
831.068
1057.9
1042.12
1042.16
1037.05
1037.2
1051.05
989.584
978.223
1023.68
974.027
1084.05
775.305
1081.1
1069.09
1039.3
999.308
1049.35
1044.72
1031.44
1022.9
1041.94
1068.66
1063.67
1041.75
892.749
812.407
1078
1042.18
1004.23
1038.93
1031.12
1015.05
1041.38
1042.96
1081.41
1054.53
1075.65
849.116
847.394
1086.17
1083.97
1086.16
815.905
1084.75
1034.75
1080.51
1085.17
814.896
761.906
1067.51
1086.17
814.413
805.26
808.329
1086.12
1085.69
775.509
849.592
1084
1084.29
849.18
880.113
913.332
797.666
916.286
919.126
830.887
810.784
1021.02
969.035
1060.26
1081.3
1050.11
1050.89
1051.01
1025.31
904.575
993.234
1077.71
878.205
1024.12
982.745
1032.59
1058.65
1084.29
894.858
998.554
1046.01
1049.87
1070.41
1056.12
848.528
1082.62
940.478
820.411
786.857
1082.12
1018.85
1004.57
1050.16
1075.95
1071.38
850.232
840.029
1084.27
849.7
1083.78
845.619
1082.26
1084.26
1084.19
847.526
965.03
939.906
974.517
856.003
898.626
747.873
986.892
804.643
793.578
1010.45
942.903
826.643
961.87
813.832
1044.59
834.396
975.021
1043.63
1051.01
1001.85
1049.83
1050.98
1056.52
984.245
1040.49
1059.67
1080.93
895.769
1077.43
1017.56
1048.88
1009.38
1013.52
1050.58
1050.87
1034.12
1031.12
1051.04
1050.68
991.082
994.01
1065.76
1046.41
1047.68
1036.01
1039.64
947.741
1019.59
1050.96
1084.3
849.557
850.309
849.918
1076.65
1084.31
851.433
1083.67
1084.02
850.354
850.956
1083.4
858.744
841.839
895.801
850.018
843.677
1078.71
845.669
1082.87
848.277
1084.28
1084.23
914.045
782.563
917.912
846.213
746.59
912.487
840.326
949.723
863.388
870.414
890.41
1080.59
1081.74
1081.6
883.59
1017.49
900.895
1031.65
971.045
887.742
875.303
1081.79
987.69
1057.27
936.086
1058.43
1058.52
1055.31
1060.71
1045.67
882.24
1081.36
920.563
1079.93
970.976
1073.38
1057.81
997.256
1058.52
1000.06
1069.95
978.28
887.645
986.229
1027.88
1058.58
1081.52
1081.46
877.112
940.762
940.548
868.263
787.193
940.601
958.352
1005.4
818.653
803.875
919.061
1025.37
854.588
953.271
1034.01
1016.53
1005.88
1053.25
956.617
1038.42
1046.88
980.042
866.298
974.409
980.17
1053.84
1052.12
985.414
1056.78
1022.48
1053.02
1053.38
1082.37
874.812
1020.7
1073.83
1055.12
1051.01
974.68
1046.93
1050.96
893.51
1028.19
1031.24
1050.14
1050.96
1011.07
1058.67
1050.74
988.147
850.534
1078.83
1073.94
896.827
1084.3
879.291
1081.09
1084.24
886.365
1065.92
849.643
1084.28
873.955
1083.44
844.493
1076.22
1080.7
1079.66
1081.64
880.534
878.749
834.37
804.853
940.806
767.513
940.362
884.846
1010.15
1030.89
1058.24
1068.13
1081.68
1011.9
825.35
1032.91
935.208
888.61
955.136
1056.16
902.429
921.573
1075.62
906.83
1065.19
1077.24
1035.21
1077.72
874.223
966.137
1003.67
1062.41
941.488
967.146
1058.57
1019.06
1064.31
1077.27
953.029
1042.33
885.325
1081.63
1080.77
904.036
1081.55
933.807
962.882
964.325
1078.6
1017.79
841.144
807.25
960.869
1004.54
890.764
830.479
931.344
848.201
980.743
859.358
962.391
1051.52
1038.37
868.509
1043.1
977.428
1058.43
968.873
1060.11
1031.67
1058.49
1058.63
1047.97
1063.07
1052.37
1003.76
1004.26
1049.29
1067.53
999.783
1069.37
1014.62
989.099
1057.54
1079.8
935.306
1056.99
1041.19
1058.47
1058.27
1057.04
1009.34
994.16
992.434
1058.45
1058.05
1058.47
1080.25
1081.77
884.302
937.892
881.574
1081.7
898.347
1081.8
1080.6
882.714
888.861
872.168
891.849
1074.24
1074.57
908.191
1081.56
1080.4
1081.61
909.779
876.044
855.676
914.083
1078.18
1078.61
1078.32
1064.87
1078.37
1076.27
993.925
973.666
948.673
853.656
872.419
1035.24
894.396
1061.26
1078.74
1012.32
933.16
1064.23
968.523
1065.18
981.758
1064.99
1036.13
1027.13
1064.79
1059.34
1055.64
1063.91
1049.95
1040.21
1004
1076.42
1078.01
859.63
1049.28
947.405
1070.89
979.569
1067.56
971.862
978.388
971.245
913.19
910.659
1076.81
1070.21
1063.62
984.901
840.71
996.58
1020.08
927.383
905.242
1021.47
884.168
1043.2
951.613
941.713
1049.11
1044.28
1052.99
891.891
960.81
958.162
963.675
898.168
1063.74
900.349
1071.62
1071.29
1063.56
1061.38
1073.18
1008.13
1065
1065.23
1061.22
1027.64
996.603
1063.5
1064.76
991.976
1038.9
1057.88
1058.41
1006.73
1030.94
994.402
1065.02
1058.31
1044.02
918.408
905.407
1081.74
1076.71
1077.38
884.645
940.315
884.772
1081.66
928.193
924.806
1076.97
1078.29
1076.87
953.995
903.801
930.897
825.426
962.244
963.513
1078.43
916.14
1064.47
1064.72
1078.35
982.186
998.953
1025.4
1002.94
875.919
1018.4
911.43
1031.05
918.906
905.774
1042.91
914.263
939.605
942.205
1061.05
1048.98
1053.93
1068.77
960.955
975.398
928.383
1072.64
1070.59
1078.69
1070.66
1073.53
933.886
1016.36
1070.34
1074.98
996.935
1070.12
1070.56
1074.61
970.284
916.563
973.828
1054.68
1073.35
987.429
1072.77
1035.53
1064.56
975.484
1065.12
968.392
917.512
863.889
1041.18
878.824
947.175
1055.79
1057.99
896.031
944.973
1069.57
1023.81
1062.79
978.54
1055
1061.5
974.103
1045.13
1064.66
1050.57
1064.79
1065.2
1072.84
985.038
990.073
988.171
1064.87
1035.51
1058.98
1063.92
1078.34
961.967
913.008
1076.25
912.967
943.67
1078.5
1078.73
915.258
1077.94
930.979
1078.24
964.594
1063.79
984.387
983.558
843.777
859.615
1050.69
933.985
923.886
1065.34
1065.27
1066.57
1071.92
956.561
952.126
950.036
1068.25
1003.53
873
940.717
1070.38
969.339
940.62
1074.47
1070.02
1074.54
1058.91
977.177
1010.96
1074.51
1074.26
1071.84
993.313
1022.78
901.88
1013.37
929.819
916.937
1062.01
936.872
972.43
987.863
1073.8
1078.58
1073.87
1073.17
915.884
915.909
1078.38
981.741
1075.3
1001.07
890.089
1053.38
1016.1
884.245
1028.52
893.184
900.118
1038.5
924.872
1046.42
910.404
1052.74
937.173
1065.38
919.048
921.369
926.173
1067.77
988.754
948.311
992.828
1074.99
960.496
953.35
1075.07
1068.74
1074.8
1020.16
1070.56
955.968
1068.94
953.55
1000.22
962.169
1074.87
1070.33
963.665
1069.99
1068.71
1070.2
1070.91
1070.04
1068.02
1044.71
1007.31
1069.89
1036.99
1012.2
1070.06
1062.45
1065.98
1029.66
1066.87
1023.37
1069.52
943.541
1069.98
942.239
1074.49
1057.86
945.775
1069.25
1074.62
1075
943.894
1074.53
939.72
1074.51
964.221
968.06
1017.65
1074.7
1065.06
1070.57
1068.9
1001.37
944.518
966.329
