588.186
673.185
517.66
486.728
882.21
851.527
810.853
587.544
585.625
582.437
577.995
572.32
565.439
557.379
548.186
537.888
526.543
514.226
500.92
501.704
515.564
529.816
541.257
554.521
564.556
576.503
585.185
594.878
602.422
610.697
616.89
623.973
628.937
634.679
638.496
643.184
646.665
649.951
653.342
655.524
658.37
659.737
662.629
663.425
666.307
666.775
669.122
669.207
671.314
672.188
673.274
675.094
675.381
677.114
676.85
679.35
678.818
681.815
681.185
683.606
682.564
684.899
685.415
686.292
688.511
688.189
690.2
689.017
692.387
690.937
695.19
693.618
696.8
694.337
697.479
697.741
698.509
701.649
700.412
702.684
700.347
703.716
703.554
704.518
706.507
707.704
703.78
707.303
706.934
706.956
711.353
707.844
709.636
703.865
707.633
704.6
710.998
702.161
707.305
694.947
695.724
696.785
683.928
694.183
681.517
678.472
662.111
660.979
650.65
653.306
631.79
629.272
600.388
593.989
574.606
576.95
554.393
534.754
532.415
550.441
569.533
585.606
601.883
617.555
631.702
644.084
654.388
662.551
668.44
671.996
702.59
730.222
756.11
780.1
802.244
822.495
840.909
857.522
872.406
885.639
897.31
907.516
916.355
923.929
930.34
935.69
940.076
943.595
946.339
948.393
949.838
950.75
951.199
951.255
950.976
950.411
949.597
948.572
947.371
946.026
944.564
943.005
941.369
939.67
937.921
936.134
934.316
932.477
930.622
928.757
926.887
925.014
923.143
921.275
919.413
917.552
915.694
913.852
912.051
910.288
908.534
906.767
904.993
903.227
901.475
899.737
898.009
896.288
894.574
892.863
891.155
889.446
887.733
886.01
884.271
882.508
880.714
878.878
876.988
875.031
872.988
870.837
868.552
866.1
863.451
860.574
857.437
853.996
850.2
845.99
841.309
836.096
830.29
823.826
816.639
808.663
799.835
790.091
779.373
767.629
754.81
740.878
725.804
709.564
692.164
673.58
653.879
633.017
611.136
708.431
666.108
701.951
937.948
905.607
933.757
855.7
642.645
712.382
932.635
921.531
596.91
882.832
703.59
737.662
725.608
822.559
658.265
788.908
889.69
739.817
741.476
877.457
733.506
730.209
896.517
585.967
642.043
778.275
677.788
694.014
716.459
719.242
686.275
948.863
947.778
914.112
949.387
944.248
722.384
910.491
739.756
741.159
733.183
867.168
844.667
859.205
724.393
907.011
606.195
672.523
590.13
599.436
690.418
546.381
556.486
903.468
725.637
617.572
703.786
941.669
741.011
928.965
697.268
873.622
567.559
701.027
570.809
631.783
604.23
607.77
516.878
728.406
561.584
573.54
640.469
708.545
800.464
886.281
735.669
735.227
852.648
731.738
834.798
710.166
807.434
681.345
766.502
893.096
730.52
729.216
899.968
881.076
736.408
740.517
706.355
871.585
864.724
740.703
627.026
710.065
670.007
922.001
648.693
941.256
655.393
820.72
883.765
699.783
944.419
689.151
936.213
927.112
925.253
680.677
919.673
715.048
917.817
949.123
946.482
946.765
717.345
690.611
670.676
625.53
567.473
552.087
610.093
531.109
703.604
938.694
932.811
673.181
741.696
916.713
744.687
922.193
878.533
648.877
767.351
725.222
712.918
942.332
943.837
772.355
863
665.665
773.223
577.45
585.882
619.975
695.525
547.32
582.659
754.213
652.746
624.113
691.127
795.36
586.882
532.38
646.62
724.767
839.114
693.73
778.218
815.39
714.614
839.997
736.349
856.076
738.979
829.006
884.566
706.835
735.887
726.917
848.865
798.628
736.459
667.313
737.617
753.715
879.288
742.916
862.078
738.573
869.442
887.988
908.759
722.22
736.03
894.803
730.843
725.779
901.709
905.245
723.342
728.714
898.238
705.386
708.232
891.392
732.307
634.649
740.046
710.42
875.574
608.343
912.281
720.245
703.102
712.125
895.416
914.435
928.408
870.556
939.633
938.146
700.349
934.439
683.872
942.8
947.94
674.249
930.808
923.392
696.409
660.39
948.576
915.965
693.237
715.003
949.323
945.578
717.586
715.206
914.883
657.417
593.377
577.312
608.049
681.747
544.425
696.908
611.105
590.074
625.254
629.277
899.912
927.991
850.363
729.248
938.939
673.511
721.655
736.856
836.076
811.65
719.415
748.853
908.755
761.802
774.757
883.643
763.999
769.94
890.358
871.338
758.181
721.961
748.422
909.391
750.068
905.98
770.647
852.037
752.543
902.324
897.169
765.449
737.442
696.137
688.074
639.656
644.114
605.011
815.549
880.256
766.563
760.698
756.48
657.842
734.402
707.214
941.361
746.01
742.066
943.604
943.242
918.542
648.027
574.281
649.924
563.298
749.357
716.929
592.179
610.604
605.558
618.089
736.629
750.437
687.421
700.492
752.36
840.719
765.901
855.109
770.351
795.015
818.764
772.712
726.919
865.258
769.398
769.094
892.047
875.018
876.791
844.9
768.224
771.337
860.557
900.54
887.001
825.164
754.624
756.851
763.076
734.935
665.578
893.746
737.775
639.537
733.267
878.236
916.243
732.183
940.781
931.116
927.615
726.192
717.75
913.026
690.45
936.037
924.013
740.407
679.465
935.925
710.166
699.699
934.458
943.087
743.673
943.745
723.406
920.369
613.466
681.947
629.842
596.32
561.486
723.908
623.421
699.844
669.775
762.917
727.531
926.482
758.541
924.432
701.946
746.943
766.55
914.085
771.463
716.419
871.448
812.497
829.634
777.178
793.252
796.171
883.004
688.228
750.28
933.888
933.125
935.003
799.09
845.673
801.032
855.846
780.119
892.099
603.534
771.7
867.385
718.835
734.419
910.539
577.843
742.114
658.082
705.43
608.976
628.016
833.875
669.497
787.253
628.997
731.288
714.13
763.13
711.002
687.424
881.961
765.425
770.554
869.404
869.699
796.914
803.756
785.368
759.197
756.519
904.069
751.609
898.861
888.68
762.322
834.264
795.463
782.049
756.163
857.932
770.252
886.303
885.326
763.584
755.337
735.321
895.454
768.68
830.919
759.619
742.729
848.671
770.311
873.205
929.278
889.801
922.641
767.798
740.198
925.823
906.976
937.537
730.649
942.271
865.147
932.388
907.722
719.578
749.311
908.695
929.382
728.004
739.613
685.55
940.222
911.116
747.5
769.292
934.556
927.514
746.657
707.856
720.197
624.186
669.873
630.36
645.482
632.598
841.887
779.517
890.574
897.882
876.592
793.258
799.497
862.433
708.967
723.505
913.719
759.588
861.769
820.944
773.889
822.394
919.365
790.732
783.647
788.002
804.157
906.787
820.11
774.758
900.117
709.376
641.759
623.7
926.467
737.073
842.29
798.134
891.273
887.982
761.653
708.118
915.852
765.192
905.172
772.364
931.4
930.207
932.414
742.576
776.27
648.84
683.787
664.687
700.243
593.991
807.191
648.517
636.258
726.361
744.981
678.937
769.04
659.57
869.454
694.912
789.062
873.214
795.085
838.442
797.115
799.877
879.845
805.486
787.002
881.436
896.548
778.948
892.331
785.174
789.149
848.468
853.208
800.05
801.266
867.937
866.151
797.951
792.015
818.825
824.537
884.639
786.04
789.829
764.483
771.456
780.964
858.287
800.498
922.795
770.308
752.111
754.794
918.554
926.043
757.037
934.68
933.708
748.577
760.071
902.525
776.292
713.858
791.839
764.213
723.452
922.957
731.081
932.91
744.869
928.919
912.324
705.268
614.462
650.468
658.358
591.414
732.444
677.788
761.283
715.051
734.317
786.502
920.821
916.192
903.096
773.322
858.117
795.258
808.619
797.127
782.903
749.129
913.407
829.651
823.87
812.044
818.551
825.772
812.953
877.747
871.687
769.898
920.451
798.662
892.193
804.003
881.663
826.16
839.592
827.997
845.942
881.836
706.953
693.042
795.696
863.721
821.146
923.064
899.646
756.443
690.481
726.837
676.207
620.502
742.245
666.436
825.437
653.288
638.894
723.768
763.466
698.165
757.564
856.628
751.589
738.247
880.741
771.612
782.901
797.913
797.717
722.244
803.994
815.866
813.728
809.34
825.646
822.202
860.448
874.543
878.262
899.712
777.787
859.923
889.653
817.2
799.041
782.287
874.952
794.092
789.477
864.327
786.017
790.566
800.084
850.692
823.485
800.906
805.266
755.862
916.521
913.221
792.887
921.112
762.432
896.23
931.404
781
899.259
753.425
917.619
744.637
903.196
773.285
910.285
920.353
918.672
918.393
765.264
683.038
650.746
631.707
670.271
607.712
755.185
777.424
761.12
787.679
878.081
894.197
908.203
854.699
652.847
845.376
752.038
732.444
787.018
829.113
767.884
802.925
901.209
779.258
845.989
905.395
867.283
884.605
684.213
810.437
849.864
844.363
750.019
789.551
824.998
807.405
879.352
887.779
802.348
870.398
779.467
904.77
894.624
796.113
920.294
810.766
729.115
762.503
910.064
827.509
658.635
636.968
689.108
813.872
699.792
666.056
737.5
688.398
728.379
706.899
781.057
868.754
797.972
728.613
790.796
810.24
834.1
815.175
838.07
865.615
819.757
824.304
810.686
846.419
811.506
848.826
806.367
873.092
880.865
847.747
879.05
856.414
833.05
825.009
892.779
800.409
876.198
809.618
827.446
817.306
814.599
852.975
839.101
840.277
826.311
827.101
828.177
920.186
911.795
774.872
812.951
767.788
917.374
794.057
914.985
917.961
771.57
784.657
739.608
787.973
906.035
898.573
782.302
901.441
893.294
919.467
797.088
752.906
668.043
793.397
906.238
902.728
889.881
842.373
904.166
882.9
844.276
819.456
816.039
681.299
704.951
809.057
746.557
850.841
900.474
854.259
796.944
850.457
829.197
848.248
834.86
852.292
828.648
860.055
849.544
869.808
831.721
836.733
866.679
863.929
825.071
903.413
886.381
674.732
854.332
798.221
881.626
836.067
865.485
819.627
827.95
830.242
790.483
785.777
901.523
874.801
868.504
781.41
667.568
745.328
830.59
740.981
714.681
775.099
724.097
858.046
779.678
762.13
815.016
806.776
822.364
739.875
799.692
793.677
805.407
757.868
886.654
763.085
900.796
891.253
855.645
841.358
895.372
852.2
844.05
847.302
833.209
828.322
845.922
847.885
840.892
842.95
868.962
815.984
826.777
851.084
861.149
840.157
848.656
827.883
829.443
800.513
775.834
910.07
902.434
883.23
776.243
813.925
778.281
906.48
807.424
805.223
904.928
905.852
881.981
816.633
771.936
809.101
648.497
710.005
746.649
894.697
797.144
838.456
850.052
891.382
747.577
765.111
796.348
799.549
690.169
816.558
730.728
831.537
741.59
738.733
819.072
755.138
781.663
787.623
871.635
827.844
836.165
886.148
825.459
833.686
788.551
886.384
866.31
898.764
867.9
888.946
799.513
856.123
864.022
894.401
844.588
861.893
868.768
890.907
830.391
798.778
831.001
848.195
869.465
834.084
868.444
844.994
851.628
827.604
853.495
824.469
728.54
693.576
844.023
714.913
771.375
863.433
843.933
752.281
793.228
878.51
859.076
834.592
832.212
868.35
870.162
822.734
865.349
839.649
830.468
850.993
853.533
877.709
837.571
841.543
821.985
849.001
862.559
832.414
849.364
905.088
817.624
788.954
881.257
791.604
814.892
903.533
901.855
795.063
905.734
793.054
888.289
827.323
864.963
838.677
765.342
664.586
679.768
848.798
768.254
779.152
869.454
859.509
862.718
884.353
823.033
820.438
802.932
867.536
846.632
693.885
810.308
869.192
829.529
808.225
874.904
860.265
888.056
848.683
831.862
837.742
889.73
873.141
867.439
834.776
840.722
718.445
781.514
760.137
761.903
862.672
803.119
831.862
839.821
889.825
896.814
871.179
887.948
796.242
797.709
892.979
832.933
894.453
783.277
704.908
860.739
800.123
706.997
815.052
718.774
729.22
827.476
751.264
837.716
747.263
846.675
775.367
879.501
767.946
773.699
784.058
874.534
840.895
818.044
842.811
883.666
815.123
807.77
885.354
869.074
881.455
857.72
875.887
814.341
869.054
813.886
845.723
822.825
887.173
873.296
822.835
859.061
865.945
869.543
876.222
869.854
852.496
856.526
847.542
857.753
854.05
848.772
871.558
849.654
864.763
852.26
851.63
851.088
855.939
813.461
870.446
812.017
888.814
855.024
816.251
870.865
879.333
886.443
814.227
877.601
808.761
876.221
824.892
828.372
850.011
887.633
850.649
866.726
854.025
836.038
815.094
826.819
