859.56
873.21
964.014
675.806
1090.22
1090.19
1071.95
858.619
855.928
851.388
844.81
835.986
824.687
810.787
794.314
775.442
753.992
729.311
705.964
704.457
721.415
756.996
709.971
751.185
728.895
800.143
772.615
775.85
741.265
756.043
732.61
770.338
761.105
764.326
697.265
695.391
678.682
695.451
769.595
741.28
638.735
468.016
456.795
493.208
493.563
433.547
457.348
628.75
960.653
1014.54
1034.3
1040.85
1043.23
1044.11
1044.44
1044.56
1044.61
1044.63
1044.63
1044.64
1044.64
1044.64
1044.64
1044.64
1044.64
1044.64
1044.64
1044.64
1044.64
1044.64
1044.64
1044.64
1044.64
1044.64
1044.64
1044.64
1044.64
1044.64
1044.64
1044.64
1044.64
1044.64
1044.64
1044.64
1044.64
1044.64
1044.64
1044.64
1044.64
1044.64
1044.64
1044.64
1044.64
1044.64
1044.64
1044.63
1044.63
1044.63
1044.62
1044.6
1044.56
1044.5
1044.39
1044.21
1043.91
1043.43
1042.67
1041.52
1039.81
1037.37
1033.99
1029.44
1023.55
1016.2
1007.41
997.302
986.163
975.776
972.002
971.21
962.579
943.17
904.877
894.649
887.094
881.949
878.423
875.923
874.318
873.453
921.801
956.56
989.852
1016.59
1037.9
1054.74
1067.67
1077.3
1084.27
1089.2
1092.58
1094.83
1096.3
1097.22
1097.78
1098.12
1098.31
1098.42
1098.49
1098.52
1098.54
1098.55
1098.55
1098.55
1098.55
1098.56
1098.56
1098.56
1098.56
1098.56
1098.56
1098.56
1098.56
1098.56
1098.56
1098.56
1098.56
1098.56
1098.56
1098.56
1098.56
1098.56
1098.56
1098.56
1098.56
1098.55
1098.55
1098.55
1098.55
1098.56
1098.56
1098.56
1098.56
1098.56
1098.56
1098.56
1098.56
1098.56
1098.56
1098.56
1098.56
1098.56
1098.55
1098.55
1098.55
1098.55
1098.54
1098.52
1098.5
1098.46
1098.41
1098.32
1098.19
1098.01
1097.75
1097.4
1096.95
1096.37
1095.66
1094.79
1093.77
1092.58
1091.23
1089.71
1088.01
1086.09
1083.87
1081.21
1077.91
1073.65
1068.05
1060.58
1050.64
1037.59
1020.8
999.724
973.418
940.793
906.989
1056.73
784.301
1030.63
1098.4
1094.69
1097.96
1077.25
793.783
1056.81
1098.4
1098.4
801.688
1098.39
1054.78
1056.81
1056.56
1088.36
1045.79
1079.48
1098.4
1058.9
1056.81
1098.35
1056.81
1056.81
1098.4
868.149
941.941
1016.55
741.957
688.135
1056.81
1056.81
691.565
1098.39
1098.4
1098.39
1098.39
1098.4
1056.81
1098.39
1056.81
1056.81
1056.79
1097.96
1094
1097.02
1056.81
1098.4
1017.92
998.22
977.365
889.895
923.829
782.99
815.422
1098.4
1056.81
809.518
1053.21
1098.26
1056.81
1098.4
822.578
1098.28
995.197
921.762
984
938.981
897.046
902.138
740.661
956.319
824.453
830.592
1034.92
1036.04
1037.93
1098.39
1056.81
1056.8
1095.81
1056.73
1091.52
1056.06
1084.5
1051.82
1071.89
1098.4
1056.81
1056.81
1098.4
1098.38
1056.81
1056.81
1056.29
1098.21
1097.75
1056.81
813.981
1056.8
769.959
1097.06
773.775
1098.4
774.147
1054.76
1089.09
904.336
1098.32
633.434
1098.4
1098.4
1098.4
741.92
1098.4
1056.81
1098.4
1098.39
1098.36
1098.4
1056.81
608.293
929.878
952.84
835.531
984.26
905.444
765.75
802.384
1097.83
1097.9
827.966
1065.41
1097.9
1065.4
1097.9
1097.89
843.495
1065.41
956.807
775.469
1097.9
1097.89
1065.41
1097.22
972.763
1016.75
818.05
862.854
921.425
820.822
787.738
1007.1
989.629
971.792
1027.21
1019.29
1038.13
829.96
760.477
1041.06
1049.03
1067.65
1053.58
1076.14
1086.53
1056.37
1092.85
1056.77
1096.49
1056.8
1090.02
1098.39
1055.56
1056.8
1056.67
1094.99
1082.19
1056.81
1049.29
1056.81
1066.31
1098.37
1056.81
1097.44
1056.81
1098.11
1098.39
1098.4
1056.81
1056.81
1098.4
1056.81
1056.81
1098.4
1098.4
1056.81
1056.81
1098.4
1055.45
1056.61
1098.4
1056.81
805.027
1056.81
1056.78
1098.33
803.651
1098.39
1056.81
1047.07
1056.8
1092.45
1096.15
1097.62
1084.19
1098.4
1098.15
976.277
1098.4
733.884
1098.4
1098.38
754.467
1098.4
1098.4
757.227
777.14
1098.4
1098.39
633.059
1056.81
1098.39
1098.4
1056.81
776.652
1097.9
934.87
880.399
853.168
964.242
926.386
792.379
922.372
994.107
996.746
929.465
935.379
1094.26
1097.47
1077.13
1046.38
1097.9
1048.56
1044.11
1065.34
1089.86
1081.86
1062
1064.95
1097.01
1065.36
1070.7
1097.9
1065.41
1065.4
1097.9
1097.79
1065.4
862.951
1065.39
1097.9
1065.41
1097.9
1065.39
1094.99
1065.41
1097.88
1097.9
1017.51
875.13
963.431
1014.75
952.035
1033.37
837.05
1054.88
1097.89
1065.41
1065.39
1065.41
841.947
1064.94
789.705
1097.9
1065.39
1065.41
1097.89
1097.89
1097.9
979.808
841.591
967.696
807.765
989.851
957.94
829.51
1010.61
897.771
844.699
1053.76
1061.01
1053.66
1057.43
1065.14
1091.45
1065.38
1095.79
1065.39
1076.97
1084.06
1065.4
1063.26
1097.45
1065.41
1065.41
1097.9
1097.86
1097.88
1092.84
1065.39
1065.4
1096.89
1097.88
1097.9
1086.14
1065.41
1065.26
1065.4
1064.09
835.986
1097.9
1065.38
843.926
1064.23
1088.77
1096.59
1062.42
1097.86
1097.9
1097.9
995.023
789.37
1097.89
819.387
1097.9
1097.9
1065.4
819.176
1097.77
780.856
814.013
1097.9
1097.9
1065.4
1097.89
910.969
1097.9
911.034
967.415
987.882
881.616
816.877
956.723
878.737
1055.11
880.843
1073.45
862.048
1096.88
1072.49
1097.02
870.106
1069.85
1073.51
1097.01
1073.48
1035.63
1096.99
1076.13
1084.16
1073.03
1073.46
1073.52
1097.01
1001.21
1019.31
1096.99
1096.98
1097.03
1073.43
1092.21
1073.51
1095.76
1073.53
1096.62
889.062
1065.4
1097.61
866.304
864.954
1097.01
839.702
991.004
1041.84
1031.29
869.068
1022.95
1067.67
993.819
1038.65
844.742
1044.92
1060.76
1066.48
1060.12
875.342
1097.89
1065.41
1065.4
1097.72
1096.97
1073.52
1079.52
1074.1
1065.39
1065.4
1097.87
1065.41
1097.89
1097.9
1065.4
1086.56
1073.47
1073.23
1071.21
1096.42
1065.39
1097.01
1097.9
1065.4
1065.41
1065.22
1097.9
1065.41
1088.08
1065.32
1064.62
1094.02
1065.39
1097.83
1096.94
1092.06
1097.14
1073.51
891.252
1097.9
1097.01
1097.9
1057.91
1097.88
1083.97
1097.66
1097.9
819.115
1065.4
1095.69
1097.9
1025.92
1065.4
817.402
1097.9
1097.89
1065.39
1073.5
1097.01
1097.02
966.95
960.398
995.366
926.137
1005.19
1011.31
961.071
940.53
1076.98
1064.63
1093.48
1095.66
1097.02
1073.5
1073.49
1096.69
1023.37
1059.71
1095.54
953.58
1095.65
1074.85
1076.02
1080
1097.01
1080
1073.51
1073.42
1079.47
1095.73
1079.86
1073.42
1096.86
1023.43
948.298
900.142
1096.12
1067.82
1090.64
1073.44
1097
1097.01
1073.33
867.982
1097.01
1073.51
1097
1073.43
1096.97
1097.01
1097
912.901
1039.31
1025.93
1047.57
986.597
1023.18
856.777
1055.13
885.708
884.053
1064.89
1051.86
877.853
1061.21
883.91
1088.23
872.562
1067.68
1097.01
1073.51
1088.73
1073.46
1073.48
1097.02
1073.35
1073.41
1097.02
1096.93
1073.53
1096.91
1073.49
1073.45
1093.44
1095.14
1073.43
1073.5
1096.94
1096.89
1073.51
1073.5
1078.89
1081.61
1097
1073.35
1073.41
1072.09
1072.66
1073.52
1096.2
1073.5
1097.02
1073.49
1039.01
1062.84
1096.59
1097.02
1071.2
1097.02
1096.98
994.766
1073.05
1097.32
1073.46
867.066
1079.96
1073.49
864.616
1096.78
861.169
1096.98
938.811
1097.01
1097.01
998.052
908.87
1009.04
976.646
866.768
992.982
919.435
1047.36
915.435
913.701
1079.91
1095.58
1095.72
1095.67
1052.33
1095.53
1079.85
1079.93
1060.21
1079.45
922.654
1095.74
1081.8
1079.82
1085.06
1079.9
1079.9
1079.72
1095.66
1095.71
1024.36
1095.57
1079.72
1095.75
1080.08
1094.98
1079.76
1089.01
1079.97
1093.25
1095.55
1051.23
1011.55
1055.23
1095.7
1079.95
1095.76
1095.67
939.692
1025.23
1021.84
996.2
909.289
1020.37
1037.92
1067.7
916.453
910.15
1032.21
1073.84
917.105
1057.12
1083.62
1070.61
1066.01
1091.38
1050.67
1077.45
1079.05
1070.57
914.741
1063.63
1071.08
1079.78
1079.67
1078.62
1079.84
1096.5
1095.66
1097.03
1097.13
1073.51
1095.6
1097.01
1079.81
1073.5
1073.5
1097.02
1073.48
1080
1096.81
1073.45
1073.48
1073.47
1094.33
1080.01
1073.46
1080.06
1068.35
1095.6
1096.27
1079.92
1097.02
970.169
1095.67
1097.01
1078.93
1094.86
1053.27
1097.01
917.877
1096.98
1073.38
1095.46
1095.46
1095.63
1095.68
988.793
1007.07
963.99
930.076
1026.4
885.89
1018.87
1073.86
1069.75
1078.44
1092.31
1094.46
1095.68
1095.31
936.458
1083.02
1029.49
953.21
1042
1084.46
973.898
1084.4
1093.77
1007
1085.05
1093.72
1095.76
1093.81
996.686
1060.98
1093.8
1084.76
1043.64
1057.01
1079.93
1079.94
1095.66
1095.66
1080.01
1095.75
1078.08
1095.67
1095.68
1079.72
1095.65
1085.09
1040.64
1039.71
1094.18
1085.44
965.75
924.772
1040.25
1067.49
1007.8
919.011
1038.78
918.337
1053.22
915.832
1053.85
1090.35
1080.74
913.875
1078.39
1067.31
1084.65
1066.55
1084.71
1095.75
1079.89
1079.98
1079.8
1084.73
1079.69
1094.19
1079.99
1095.68
1095.64
1093.67
1094.95
1095.45
1084.63
1079.75
1096.13
1079.84
1095.67
1079.88
1079.89
1079.89
1079.81
1095.1
1089.27
1091.06
1079.85
1079.81
1079.98
1095.63
1095.73
1062.28
1084.95
1007.38
1095.7
1079.88
1095.75
1095.22
1039.39
1079.72
914.743
1079.96
1095.3
1093.74
1020.04
1095.68
1095.73
1095.67
1079.64
929.183
982.47
1070.4
1093.8
1093.99
1093.86
1084.83
1093.86
1094.59
1093.39
1084.57
1084.74
948.923
952.32
1081.86
954.715
1088.23
1094.06
1094.02
1042.75
1084.75
1088.98
1085.04
1089.75
1084.97
1085.07
1093.96
1084.76
1093.81
1084.83
1084.73
1093.8
1093.85
1085.2
1093.79
1093.83
979.476
1088.9
1041.07
1091.43
1091.38
1088.51
1072.02
1081.59
1088.9
1055.78
1034.12
1093.07
1093.81
1093.14
1054.91
944.17
1062.65
1076.58
1026.4
1016.11
1074.85
952.461
1087.4
1038.62
1032.38
1083.24
1082.2
1083.94
953.782
1050.36
1045.93
1055.69
959.808
1093.62
965.85
1095
1093.56
1088.42
1084.72
1093.69
1093.94
1084.91
1085.07
1084.57
1085.3
1093.55
1084.68
1084.78
1093.19
1095.77
1079.86
1079.82
1094.75
1093.89
1090.19
1084.92
1079.92
1084.93
1083.94
994.438
1095.71
1093.23
1093.85
1069.27
1084.87
1076.54
1095.68
1084.94
1084.71
1093.79
1093.84
1093.91
1084.57
982.96
1085.02
946.743
1040.94
1040.12
1093.88
1081.27
1084.81
1084.72
1093.85
1054.06
1064.49
1077.98
1066.8
989.779
1075.67
1005.72
1081.91
1008.09
983.597
1084.27
987.315
1022.34
1027.61
1091.93
1085.82
1086.91
1093.29
1088.81
1091.14
1021.76
1091.45
1088.9
1094.02
1088.94
1091.44
1050.91
1094.07
1088.73
1092.06
1091.88
1088.59
1088.88
1091.62
1090.66
1083.37
1088.77
1089
1091.43
1088.54
1091.52
1089.24
1084.85
1082.51
1085.18
1082.15
1022.19
951.121
1086.13
952.254
1035.43
1090.73
1087.69
955.915
1034.16
1091.42
1094.05
1084.57
1087.9
1093.81
1093.69
1075.59
1093.83
1084.78
1084.85
1084.79
1085.17
1094.09
1091.26
1092.85
1084.82
1084.81
1093.87
1084.69
1084.71
1093.85
1084.48
1046.83
1094.04
1063.44
1084.79
1093.92
1094.05
1075.59
1093.68
1032.35
1093.87
1088.89
1092.25
1091.62
1054.56
959.565
968.681
1089.4
1015.44
1004.61
1091.07
1088.49
1088.5
1091.46
1088.59
1088.3
1048.62
1088.49
1091.71
974.75
1080.7
1088.75
1090.35
1073.02
1091.56
1088.54
1091.53
1088.81
1088.66
1088.4
1091.53
1091.52
1091.61
1088.39
1088.7
1002.3
1072.34
1012.52
989.458
1090.54
1059.92
1090.93
1092.26
1091.47
1093.96
1091.45
1091.45
1079.05
1082.55
1093.86
1088.59
1092.09
1065.82
997.176
1092.1
1074.26
978.795
1080.25
981.128
982.399
1084.3
1010.19
1086.92
985.189
1088.61
1018.65
1092.77
992.509
997.602
1012.68
1091.31
1091.75
1087.96
1091.83
1091.8
1068.64
1056.86
1091.84
1088.47
1091.67
1094.08
1089.27
1070.19
1088
1071.49
1091.81
1084.74
1091.72
1088.79
1083.03
1088.57
1091.91
1088.64
1089.23
1088.54
1088.42
1091.62
1091.61
1088.58
1091.45
1091.57
1088.58
1088.71
1091.97
1091.4
1088.53
1091.46
1088.51
1085.42
1088.5
1083.54
1091.51
1089.75
1087.6
1088.56
1091.57
1091.8
1086.48
1091.52
1076.95
1091.53
1087.07
1089.74
1091.53
1091.62
1088.62
1091.76
1088.43
1088.35
1087.16
1088.7
