611.827
709.934
492.746
501.961
911.449
877.059
836.625
611.129
609.047
605.588
600.771
594.619
587.159
578.426
568.47
557.313
545.045
531.715
517.305
518.166
532.904
548.482
559.918
574.518
584.421
597.64
606.014
616.238
623.435
632.098
637.811
645.23
649.599
655.432
658.491
663.212
666.289
669.255
672.655
674.246
677.069
677.676
680.914
680.938
684.427
684.134
686.864
686.012
688.54
689.173
690.15
692.45
692.162
694.215
693.028
696.438
694.959
699.255
697.639
700.844
698.329
701.497
701.746
702.526
705.705
704.449
706.93
704.128
709.034
706.043
712.535
709.402
713.777
708.596
713.145
712.975
713.571
718.589
715.719
718.522
713.33
718.54
717.654
718.691
722.214
723.293
714.855
720.548
719.465
719.245
727.625
721.333
723.258
712.088
718.266
715.116
727.929
713.644
722.921
699.814
702.888
706.541
685.587
710.959
694.487
688.479
657.964
657.536
650.4
668.325
640.754
638.74
579.457
559.486
540.435
575.475
552.317
516.262
499.269
520.659
564.019
605.939
640.06
664.836
681.725
693.097
700.439
705.118
707.945
709.456
742.362
772.665
800.951
826.971
850.832
872.453
891.91
909.249
924.559
937.946
949.526
959.426
967.78
974.719
980.378
984.887
988.371
990.947
992.729
993.82
994.315
994.3
993.856
993.058
991.97
990.641
989.108
987.407
985.572
983.634
981.615
979.536
977.411
975.255
973.076
970.884
968.684
966.483
964.284
962.093
959.911
957.742
955.588
953.45
951.33
949.223
947.128
945.061
943.048
941.083
939.137
937.183
935.227
933.286
931.366
929.465
927.581
925.71
923.853
922.006
920.17
918.343
916.521
914.701
912.88
911.051
909.208
907.344
905.45
903.514
901.522
899.453
897.284
894.983
892.522
889.87
886.994
883.851
880.384
876.531
872.226
867.401
861.985
855.899
849.066
841.404
832.831
823.267
812.635
800.863
787.886
773.647
758.101
741.212
722.977
703.35
682.429
660.109
636.623
726.579
688.214
720.526
973.277
957.478
982.718
907.751
665.601
730.117
966.771
953.786
619.012
911.337
716.089
753.736
737.629
854.544
658.362
821.997
918.591
772.503
758.377
905.824
750.193
747.616
925.962
609.345
691.658
825.832
698.736
712.845
734.552
736.693
706.284
992.083
986.976
945.376
990.859
981.565
740.578
941.329
752.347
756.359
745.312
895.808
875.119
888.41
742.223
937.466
587.604
702.21
585.446
623.944
736.173
566.017
577.415
933.561
742.506
640.389
721.818
988.734
756.787
962.411
715.871
902.009
545.964
741.531
543.871
658.777
629.142
632.979
534.597
771.579
582.684
594.92
640.518
740.111
849.673
914.96
752.504
745.868
882.414
746.898
866.015
717.564
840.087
684.252
799.651
922.254
746.344
747.317
929.725
909.515
750.846
754.841
724.576
900.025
893.517
754.981
650.114
727.687
691.557
972.635
671.163
977.513
677.848
871.21
936.195
718.801
990.505
709.126
971.121
960.238
958.074
701.123
951.663
733.577
949.555
989.791
991.592
985.295
735.188
710.092
722.835
665.428
589.313
524.036
635.496
549.928
726.018
983.844
967.385
697.508
761.126
948.405
763.868
954.699
906.727
673.327
784.931
745.422
734.338
980.596
984.323
788.381
891.366
716.326
822.677
599.214
609.062
645.983
718.574
567.335
562.516
799.771
681.207
613.634
721.857
846.254
609.207
551.234
648.989
756.982
890.545
702.718
811.393
847.729
722.503
870.827
751.658
885.544
751.709
860.613
913.15
717.79
746.595
740.763
878.961
831.536
752.855
666.904
752.593
786.707
907.68
758.868
891.059
751.081
897.966
916.773
939.404
739.943
753.518
924.102
747.66
742.663
931.631
935.516
740.009
746.182
927.836
723.534
726.748
920.418
748.29
657.517
756.21
728.77
903.938
631.082
943.326
737.985
721.509
729.996
947.668
965.756
978.246
922.93
975.412
986.175
718.922
968.95
704.144
979.57
992.091
695.56
964.59
955.923
715.317
682.426
988.486
947.461
712.721
733.047
991.648
983.48
734.864
736.271
946.328
710.356
617.375
599.968
629.417
731.018
564.376
739.528
610.246
568.041
651.704
656.062
951.559
976.197
903.214
748.995
975.395
678.763
753.624
756.261
866.642
843.727
734.193
761.288
939.54
776.524
807.673
912.097
781.576
786.375
919.292
899.413
776.471
742.597
767.742
940.155
768.856
936.365
786.7
881.24
771.471
932.33
926.683
817.514
760.273
750.417
718.563
667.046
650.058
628.244
867.455
908.524
784.22
779.321
775.248
682.338
753.913
729.382
978.978
765.347
761.155
983.3
985.467
950.493
688.549
596.502
678.157
584.468
796.951
765.286
614.853
597.453
630.362
642.116
769.065
783.174
690.962
706.136
767.266
870.908
780.311
884.049
786.186
827.662
850.487
789.39
741.901
893.503
786.52
786.69
921.117
903.111
904.926
874.731
783.135
786.717
889.079
930.369
915.679
856.509
773.883
772.737
781.498
747.455
689.938
922.959
757.198
663.959
752.98
930.89
966.333
752.013
984.924
965.293
961.067
746.036
738.629
944.232
713.736
971.488
956.818
759.992
703.5
982.099
731.971
722.398
969.456
982.043
762.835
985.075
743.803
952.59
638.929
736.524
652.743
620.358
582.66
769.192
648.334
716.744
695.81
783.806
751.31
971.092
779.437
957.799
727.37
765.271
787.287
945.593
792.178
747.98
899.137
843.786
859.764
796.7
811.552
815.733
911.344
738.883
771.752
974.413
969.825
973.895
817.445
874.456
819.985
883.751
800.537
921.143
627.958
788.642
895.543
743.359
757.512
941.554
600.176
792.611
665.995
736.752
633.241
625.802
886.419
698.943
840.372
653.255
763.31
731.184
796.022
721.901
713.309
910.316
783.002
787.181
897.507
897.336
816.53
836.146
818.196
777.56
774.795
934.254
770.426
928.532
917.483
781.031
864.016
814.426
801.106
774.348
886.645
785.698
914.889
913.889
781.464
774.443
754.683
924.815
785.183
861.874
775.149
753.96
878.172
785.866
901.278
972.814
942.034
971.819
788.595
762.765
958.943
937.541
973.473
750.42
985.434
918.019
979.586
938.297
740.22
768.312
959.618
963.186
747.839
759.291
709.307
977.237
942.086
766.964
790.145
972.666
961.672
768.401
759.573
775.731
650.296
710.356
635.271
673.351
659.404
895.5
811.914
941.517
927.472
904.518
813.042
818.288
890.07
739.961
751.871
956.041
783.64
888.785
850.479
799.491
843.982
951.72
812.873
804.057
807.984
829.186
955.756
843.138
795.364
929.926
759.098
668.948
648.954
963.802
755.347
871.359
817.179
920.263
916.701
782.59
733.273
947.626
785.908
935.525
792.968
973.898
965.272
968.539
764.862
831.296
659.845
700.499
693.747
731.16
617.424
860.855
674.182
661.548
744.093
777.3
704.939
801.529
685.491
922.025
720.56
821.276
900.973
814.595
867.831
816.404
818.47
907.968
837.129
807.092
909.666
926.006
799.492
921.409
805.56
809.166
876.993
881.274
817.92
819.806
895.542
893.743
817.44
812.001
849.734
855.056
913.099
804.491
807.899
783.023
790.668
801.293
886.075
819.444
955.804
791.107
773.52
775.931
965.366
959.797
777.939
974.343
971.053
770.157
781.003
932.575
796.947
738.744
813.952
785.023
747.617
968.666
754.485
974.405
766.89
963.515
943.581
760.41
639.771
674.817
686.905
614.817
785.96
705.018
793.189
742.099
760.415
808.661
958.959
948.684
933.299
796.019
885.058
817.382
830.559
828.176
805.022
774.229
945.234
858.46
846.245
835.489
840.365
847.307
834.774
905.613
899.165
792.986
955.027
820.668
921.213
826.134
909.74
847.802
867.977
849.358
873.21
909.983
734.801
723.401
850.611
890.807
842.851
959.278
929.433
780.833
730.306
781.562
705.757
645.975
798.136
681.638
879.235
679.91
664.9
755.222
790.118
725.481
790.033
909.809
779.325
766.59
932.557
803.423
807.974
823.172
829.674
749.03
834.687
845.789
837.44
833.741
854.812
844.94
888.147
902.195
906.286
929.478
798.417
886.891
918.507
840.446
818.181
802.649
902.792
813.696
811.645
891.929
806.266
810.616
818.748
878.967
844.977
818.874
827.371
776.852
957.745
961.129
814.997
953.786
786.186
925.643
966.981
803.124
949.245
774.692
949.675
770.07
933.329
793.853
953.768
957.22
958.854
951.627
788.771
713.13
678.674
658.079
696.064
632.079
809.763
799.77
798.219
822.401
927.474
941.248
939.123
881.665
680.011
898.083
783.24
760.633
817.342
859.37
794.107
826.213
939.511
804.469
869.813
940.781
894.528
912.804
713.891
839.268
876.077
871.683
781.915
820.917
846.555
829.357
907.33
916.401
824.452
897.806
801.638
935.194
923.874
818.195
954.438
834.199
777.458
818.07
944.32
851.202
686.776
663.37
716.08
868.275
730.098
693.064
769.252
715.718
766.837
734.11
812.683
919.333
831.244
755.066
815.906
840.553
863.625
843.66
866.845
892.782
841.54
845.801
832.647
872.998
833.403
875.999
828.39
900.654
908.95
873.906
906.933
883.356
861.432
846.942
921.868
822.447
903.96
831.579
848.686
839.071
836.344
879.989
867.039
867.572
847.718
848.643
849.681
959.365
943.309
797.422
836.376
791.082
950.228
816.177
947.153
952.661
794.445
806.789
765.364
810.144
950.716
937.975
807.205
931.438
922.414
953.143
819.103
777.645
696.943
817.232
938.484
933.318
918.587
866.074
935.274
911.03
870.431
842.866
839.435
709.459
733.47
850.33
774.17
886.027
930.573
880.634
823.169
875.685
853.78
872.116
861.417
876.598
852.29
886.667
873.484
896.933
855.279
860.344
893.623
890.728
848.674
940.721
914.741
703.657
902.541
826.285
917.624
861.382
896.78
847.804
855.576
854.834
814.713
810.452
933.774
902.249
895.447
836.139
695.312
783.16
884.222
772.187
745.452
811.089
752.467
909.745
810.324
793.228
846.395
838.876
853.15
767.805
829.274
823.642
834.618
784.762
934.875
789.64
946.683
933.069
889.807
869.384
935.966
878.497
867.807
871.149
856.719
852.007
872.064
873.817
864.542
869.158
896.295
837.705
848.038
878.17
887.806
867.88
872.531
849.445
853.05
823.77
801.371
941.285
936.427
911.315
798.681
837.328
800.533
937.143
830.788
828.543
941.289
937.708
909.969
840.008
797.805
832.492
675.817
749.072
800.333
923.961
820.584
862.094
874.007
920.25
794.431
810.545
839.087
853.135
719.719
868.882
761.148
882.568
771.998
768.121
858.667
784.073
810.802
816.396
917.082
865.962
873.142
929.22
849.945
858.942
815.413
920.416
892.295
928.586
894.03
921.377
825.396
882.577
889.795
926.311
870.198
887.493
894.967
920.755
855.674
822.05
855.589
873.333
896.168
858.7
895.102
870.086
876.687
854.793
878.479
851.086
759.611
721.98
893.693
743.401
802.284
910.223
879.973
779.523
821.651
915.639
885.654
858.128
858.838
895.392
897.294
850.69
892.223
863.28
854.042
875.046
878.222
905.393
864.024
867.822
845.47
872.907
889.287
855.938
874.873
936.551
840.998
813.431
909.203
815.601
838.281
934.374
932.217
818.757
938.179
819.595
916.834
851.853
891.558
864.081
817.603
692.684
708.471
874.05
798.09
806.699
908.919
892.683
894.93
919.339
847.448
844.778
830.661
897.968
872.283
723.021
835.108
895.423
854.9
833.485
902.012
885.766
916.86
873.795
856.451
862.43
919.139
900.111
894.053
859.377
865.561
748.739
825.587
790.235
790.51
903.232
828.801
857.112
866.184
921.816
926.356
897.999
921.137
819.802
821.04
922.031
857.534
925.15
834.008
734.916
887.083
849.356
736.409
862.807
748.304
758.729
873.668
781.559
882.284
776.458
889.722
804.879
923.771
796.189
801.588
811.258
912.828
866.375
842.333
868.358
911.638
842.35
835.199
913.545
898.756
909.167
884.243
905.128
840.974
896.742
840.198
871.36
848.637
915.668
900.531
848.943
884.522
892.523
895.828
904.154
896.227
877.628
882.577
873.212
883.167
879.955
874.485
898.362
874.775
891.291
878.08
876.759
876.873
881.253
838.028
896.976
836.692
917.882
896.761
840.541
900.039
906.819
914.797
838.673
904.922
833.737
903.429
850.561
853.832
875.767
916.266
875.775
893.324
879.227
860.667
839.443
852.377
