653.382
742.595
745.8
528.619
975.397
917.131
876.678
652.582
650.204
646.258
640.767
633.76
625.268
615.333
604.022
591.341
577.461
562.31
545.976
546.995
563.038
581.213
591.544
608.965
617.759
633.954
640.897
652.045
657.837
667.289
671.47
679.745
682.408
688.469
689.354
694.306
696.432
698.689
702.454
702.553
705.47
704.03
708.519
706.577
712.106
709.872
713.759
710.08
713.957
714.018
714.743
718.733
716.737
719.488
715.343
721.427
717.212
725.478
721.144
726.316
718.75
724.359
723.78
724.188
730.792
726.628
729.642
721.263
730.644
723.07
736.757
729.638
736.571
721.243
729.949
728.307
728.333
740.944
733.187
734.993
717.932
728.572
724.758
726.7
739.335
737.233
706.999
716.626
709.258
708.763
740.857
730.294
715.369
655.609
652.299
669.005
735.716
708.583
671.354
506.161
445.544
472.003
474.047
416.65
451.371
465.398
805.12
902.071
918.051
915.013
904.593
890.566
874.129
855.685
835.374
813.346
789.957
764.537
731.685
735.432
740.099
738.537
739.022
740.133
740.562
741.244
741.692
742.077
742.357
742.531
777.734
810.296
840.757
868.597
894.131
917.227
938.024
956.601
973.079
987.591
1000.28
1011.29
1020.76
1028.84
1035.66
1041.35
1046.02
1049.77
1052.69
1054.86
1056.36
1057.24
1057.56
1057.37
1056.75
1055.74
1054.37
1052.7
1050.77
1048.62
1046.29
1043.82
1041.23
1038.56
1035.81
1033.02
1030.18
1027.33
1024.46
1021.6
1018.75
1015.91
1013.11
1010.33
1007.6
1004.89
1002.21
999.583
997.033
994.556
992.111
989.667
987.231
984.822
982.448
980.108
977.797
975.514
973.258
971.028
968.823
966.645
964.49
962.358
960.246
958.151
956.07
954.002
951.94
949.879
947.811
945.722
943.593
941.4
939.121
936.731
934.204
931.496
928.552
925.306
921.683
917.607
912.99
907.734
901.737
894.887
887.069
878.166
868.059
856.633
843.781
829.405
813.417
795.748
776.367
755.181
732.355
707.6
681.44
753.29
723.097
748.223
1036.26
1010.92
1040.84
956.336
702.948
755.065
1027.85
1010.85
656.315
958.46
864.927
764.438
647.194
906.215
913.67
876.737
966.968
828.109
770.647
952.26
767.36
768.772
975.864
650.385
773.579
868.198
730.839
740.597
760.211
759.368
736.558
1056.19
1052.62
1000.03
1056.03
1046.53
765.658
994.91
743.908
725.057
679.861
941.923
923.723
935.089
765.387
990.063
842.84
753.894
770.547
667.006
776.334
600.141
614.107
985.205
761.717
678.497
747.856
1049.14
761.38
1022.14
743.386
948.164
795.535
777.36
771.659
706.093
672.929
677.301
565.701
809.728
619.676
632.026
882.542
794.502
893.836
962.671
770.22
709.789
929.883
595.549
916.054
748.824
893.408
928.723
855.265
971.365
760.762
770.534
980.471
956.38
756.448
749.358
751.357
946.11
939.744
748.066
688.442
752.32
725.127
1028.42
707.094
1041.59
713.5
916.973
987.279
747.508
1051.98
739.468
1033.49
1019.29
1016.45
732.027
1008.1
760.564
1005.38
1055.27
1054.05
1050.82
759.586
739.449
775.319
772.969
627.622
770.754
680.164
582.877
760.513
1049.73
1029.33
736.775
789.01
1004.12
790.888
1012.39
953.132
713.71
799.796
775.618
766.728
1047.14
1051.83
784.526
936.903
804.597
867.384
636.644
649.577
691.533
754.361
602.278
820.079
840.193
730.977
863.681
775.102
893.141
647.74
584.144
899.311
812.149
937.772
916.023
866.658
900.237
707.278
920.115
636.734
932.574
712.233
911.453
960.556
811.17
707.555
602.106
926.956
885.614
767.214
924.528
759.846
842.449
954.314
742.709
937.472
740.804
944.035
964.808
992.488
764.002
772.848
973.601
765.615
762.685
982.819
987.633
759.471
768.357
978.153
749.783
754.261
969.154
762.61
695.026
766.987
755.492
950.212
669.286
997.431
761.915
748.624
754.838
999.94
1020.37
1035.2
972.792
1038.96
1045.45
746.689
1030.69
734.717
1044.12
1055.44
728.543
1025
1013.64
743.197
717.123
1054.11
1002.69
742.024
758.968
1056.37
1048.77
757.38
767.948
1001.43
774.572
659.525
639.725
771.359
775.929
599.344
776.853
800.875
798.654
698.045
703.004
1009.82
1039.27
955.633
778.307
1040.13
906.851
808.351
784.505
915.427
895.749
938.227
845.427
993.032
740.948
862.468
959.346
800.394
799.714
967.891
945.047
798.726
773.736
794.391
993.543
793.929
988.787
768.891
927.739
796.724
983.777
976.843
866.524
795.082
807.159
771.378
714.907
870.075
667.798
916.33
955.191
801.949
801.889
798.585
722.441
782.57
763.39
1044.98
792.71
788.173
1050.61
1052.89
1006.84
803.237
635.305
727.52
621.269
839.364
808.354
653.581
824.688
673.759
682.959
824.222
838.458
921.768
933.59
806.719
919.001
741.843
930.187
781.253
881.261
901.669
788.165
927.264
938.98
797.303
798.545
970.087
949.069
951.094
922.209
746.156
785.499
934.742
981.36
963.576
906.855
799.354
770.974
801.241
906.736
729.51
972.314
785.62
704.694
782.252
986.389
1027.11
781.614
1051.5
1026.53
1020.87
775.475
769.955
998.732
750.147
1034.85
1015.2
788.549
741.948
1047.16
765.229
757.442
1032.11
1049.03
789.78
1052.63
774.52
1009.6
683.504
806.029
802.322
662.393
619.635
809.048
691.061
913.375
738.981
814.78
787.958
1043.58
810.759
1017.84
767.995
956.725
817.896
1001
821.923
801.977
944.388
894.162
907.719
923.913
841.501
837.772
958.492
833.634
804.163
1046.69
1037.2
1044.34
824.667
920.123
834.224
928.321
828.328
970.14
670.539
794.761
941.021
781.702
792.811
995.657
639.131
838.733
889.515
790.707
675.204
848.406
937.131
750.2
892.238
694.18
817.727
929.006
851.172
940.346
755.419
957.266
801.753
798.854
943.039
942.378
838.138
888.986
872.46
800.048
797.134
986.162
795.398
979.104
965.724
802.375
911.269
829.088
902.433
956.928
932.508
786.736
962.69
961.455
800.141
799.012
782.933
974.567
797.34
911.413
749.237
880.558
925.118
755.172
947.055
1045.63
998.946
1033.78
819.189
797.07
1018.03
990.455
1037.53
779.914
1052.53
972.025
1043.7
991.204
771.249
793.968
1019.17
1023.71
777.224
788.187
746.885
1042.63
995.994
794.262
820.563
1042.21
1023.53
801.197
807.973
837.165
695.868
831.845
827.724
722.068
706.221
954.674
865.398
1007.97
977.965
950.522
835.716
835.428
934.595
792.959
918.755
1037.93
820.487
932.513
897.313
969.024
872.725
1009.32
846.013
831.504
833.512
967.122
1024.87
915.488
824.807
980.873
860.074
716.187
692.476
1036.05
951.452
917.459
821.329
969.111
964.847
813.77
773.18
1003.73
816.494
987.883
822.477
1046.78
1029.16
1034.69
798.645
890.976
852.562
895.33
744.319
784.396
658.142
915.366
717.428
704.532
941.956
831.832
747.663
855.551
728.837
985.076
761.892
874.088
946.462
836.487
914.453
822.258
835.234
954.53
888.352
832.466
956.519
976.056
827.563
970.489
832.139
835.007
922.291
925.985
829.16
833.674
940.403
938.454
837.521
836.146
899.268
903.776
960.566
879.665
858.423
951.826
940.686
829.13
930.585
834.729
1015
821.192
805.803
807.659
1036.51
1020.73
809.271
1045.82
1039.66
802.709
812.314
984.14
826.074
777.935
847.022
815.755
785.115
1040.57
790.383
1047.11
800.158
1026.36
998.324
835.595
683.93
829.929
736.567
655.571
838.145
750.583
846.162
785.825
801.602
842.208
1036.38
1008
985.585
830.53
928.451
850.219
861.491
878.311
838.515
813.147
1002.42
903.97
892.383
871.412
869.419
874.158
864.646
951.644
944.216
828.137
1021.98
852.76
970.135
858.122
956.259
881.421
912.864
879.098
916.469
956.709
899.966
775.652
913.785
934.762
871.462
1030.73
980.493
818.298
857.954
862.36
756.911
690.154
864.319
875.036
936.165
725.159
709.432
808.634
960.604
770.42
844.421
970.971
949.19
935.149
997.361
855.845
974.086
973.319
881.72
791.956
883.964
893.394
944.029
956.924
900.956
902.4
932.642
947.692
952.57
980.316
826.981
930.434
967.005
929.465
836.346
830.504
948.537
835.635
844.931
936.528
832.023
836.024
834.998
923.922
873.621
832.238
859.016
808.294
1039.07
1031.31
848.065
1012.17
822.518
975.638
1031.98
836.597
1017.12
806.708
1006.51
809.717
985.113
823.362
1035.75
1032.48
1039.23
1013.51
824.678
765.242
727.227
703.885
855.604
674.308
865.663
833.767
940.168
967.858
1005.44
1021.68
993.562
924.887
726.591
969.471
834.946
806.31
866.158
991.83
834.96
861.978
1029.3
843.352
905.248
1021.92
938.944
959.712
764.942
884.793
918.021
963.745
835.273
871.883
873.917
860.355
953.637
964.308
856.595
942.668
835.208
988.139
973.417
850.712
1019.59
870.171
884.246
888.928
1017.31
886.871
735.424
708.914
878.907
934.57
781.89
738.624
822.773
761.052
903.505
778.489
864.423
995.222
977.86
797.114
975.533
888.978
988.14
888.523
981.671
936.977
870.2
873.918
863.206
953.736
863.537
919.23
859.624
945.92
955.521
915.67
952.981
926.646
906.214
885.086
970.967
854.557
949.731
862.418
877.531
868.53
866.115
923.186
911.166
910.691
874.707
880.033
879.911
1038.42
999.537
831.742
872.181
826.614
1010.76
849.18
1005.39
1021.96
829.229
840.329
805.748
843.596
1032.39
1029.69
845.532
983.112
971.603
1016.58
851.302
815.802
746.942
853.86
1003.16
988.926
967.111
901.066
993.638
957.661
912.03
878.079
875.012
757.05
780.852
973.386
818.211
1006.68
983.976
923.031
863.888
931.252
892.215
908.093
903.245
919.157
887.485
929.669
911.077
941.094
890.11
894.901
937.374
934.162
884.218
1027.95
962.15
753.372
992.452
870.405
1017.81
901.378
994.701
892.113
898.989
893.268
851.974
848.397
1002.52
947.148
939.084
911.322
742.563
922.867
953.191
824.307
797.659
955.133
798.805
983.328
859.986
844.364
989.912
985.104
992.105
812.704
876.357
871.589
880.908
827.067
1014.28
831.19
1027.76
1026.65
1006.66
973.11
1028.89
920.678
902.958
906.827
891.298
887.511
913.718
944.357
899.391
910.772
940.949
867.392
875.784
921.373
930.915
911.68
908.797
880.026
888.003
859.489
840.87
996.604
1014.13
957.871
832.841
873.029
834.31
990.805
866.687
864.364
1025.59
1000.01
956.241
875.421
837.952
868.427
723.025
881.902
886.565
974.388
856.612
896.745
912.755
969.322
906.108
926.095
959.921
932.051
770.167
950.8
811.868
967.042
822.286
816.221
984.21
830.698
857.261
862.019
1010.58
992.713
999.256
1022.94
888.176
898.769
857.307
1011.7
934.173
980.946
936.634
1002.75
865.522
925.177
930.922
999.095
910.899
928.04
938.294
980.835
895.44
857.806
893.965
912.327
939.132
896.98
937.905
909.146
927.332
897.465
926.654
892.758
811.92
769.583
980.804
790.324
852.731
1002.32
1003.95
822.649
866.51
1019.05
928.572
892.602
900.702
939.364
941.452
894.625
935.824
898.009
888.875
915.451
923.473
950.885
905.783
909.477
880.787
909.658
932.561
890.673
937.095
996.735
876.252
851.073
955.358
852.489
873.908
991.273
986.712
855.16
1004.48
860.883
964.824
890.178
934.279
904.299
908.745
740.938
757.413
913.39
846.297
849.991
1016.22
1004.42
1000.26
1015.36
885.532
882.711
874.126
988.195
913.06
772.321
873.592
939.545
894.773
872.658
946.322
925.916
970.052
912.647
894.77
900.689
976.416
943.942
936.734
897.578
904.091
799.665
944.133
839.23
836.273
1011.85
868.609
896.872
907.892
999.384
977.721
941.342
1007.4
856.002
856.899
971.728
895.821
989.028
929.196
785.762
929.25
947.687
785.777
963.805
797.457
807.434
977.463
831.261
988.836
823.865
998.194
852.236
1017.52
841.068
845.641
853.825
1018.56
906.775
880.154
908.912
959.197
884.934
878.111
962.088
981.432
955.743
927.017
975.804
882.524
958.428
881.2
912.115
888.988
966.268
953.397
889.762
924.409
935.156
940.921
961.153
942.484
916.452
924.07
914.009
922.794
921.147
915.353
948.304
913.588
933.823
919.11
915.578
917.85
920.546
876.199
944.78
875.008
972.888
1005.83
878.333
975.751
952.577
964.322
876.664
950.072
872.469
948.13
890.745
893.806
916.705
968.048
914.58
935.982
918.22
898.87
877.302
892.449
