760.247
812.038
878.954
598.389
1074.53
1066.72
954.47
759.246
756.188
751.082
743.957
734.854
723.823
710.908
696.198
679.786
661.506
642.305
620.715
620.607
644.598
654.89
690.822
690.337
715.246
703.105
723.278
723.685
738.637
733.616
744.326
734.324
743.227
738.019
752.629
745.319
747.392
747.645
737.025
744.074
741.737
756.377
742.51
754.148
731.635
740.589
731.465
758.414
744.8
747.27
745.101
717.106
723.565
724.066
756.213
735.424
747.853
683.801
670.345
659.381
739.897
737.778
720.208
628.439
465.734
458.08
514.595
426.921
455.214
456.638
623.793
946.13
996.784
1015.09
1021.04
1023.16
1023.93
1024.21
1024.32
1024.36
1024.37
1024.38
1024.38
1024.38
1024.38
1024.38
1024.38
1024.37
1024.37
1024.36
1024.34
1024.32
1024.28
1024.23
1024.15
1024.03
1023.85
1023.59
1023.22
1022.7
1021.98
1020.99
1019.67
1017.91
1015.61
1012.65
1008.88
1004.17
998.349
991.284
982.838
972.906
961.43
948.444
934.12
918.815
903.66
889.591
882.868
874.445
837.342
831.547
829.858
822.312
819.406
816.803
814.947
813.637
812.742
812.218
850.8
887.992
919.811
948.713
973.707
995.261
1013.63
1029.07
1041.88
1052.39
1060.91
1067.72
1073.09
1077.28
1080.51
1082.95
1084.79
1086.14
1087.13
1087.84
1088.34
1088.69
1088.93
1089.09
1089.21
1089.28
1089.33
1089.36
1089.38
1089.39
1089.4
1089.41
1089.41
1089.41
1089.41
1089.41
1089.41
1089.41
1089.41
1089.41
1089.41
1089.41
1089.4
1089.39
1089.38
1089.35
1089.32
1089.26
1089.18
1089.07
1088.91
1088.68
1088.36
1087.92
1087.36
1086.66
1085.77
1084.7
1083.43
1081.95
1080.25
1078.35
1076.25
1073.96
1071.52
1068.93
1066.23
1063.43
1060.57
1057.67
1054.74
1051.81
1048.87
1045.94
1043.03
1040.14
1037.3
1034.5
1031.73
1028.94
1026.11
1023.18
1020.08
1016.71
1012.95
1008.64
1003.61
997.628
990.459
981.834
971.47
959.075
944.36
927.054
906.951
883.854
857.351
828.496
794.852
757.571
775.152
771.82
1089.05
1067.43
1082.62
1028.91
771.931
733.306
1089.05
1089.04
749.258
1069.49
1019.05
1034.88
1030.07
1014.61
992.397
995.697
1078.73
957.358
1034.87
1061.18
1034.86
1033.7
1084.83
754.449
860.141
948.523
781.51
787.659
716.855
612.8
780.326
1088.33
1088.97
1088.94
1088.74
1089.04
714.5
1088.78
1034.82
1034.64
1033.69
1046.52
1026.72
1037.81
822.596
1088.46
941.994
882.211
882.458
776.047
851.384
688.872
707.4
1087.8
959.842
760.574
783.674
1085.79
1034.86
1089.05
782.235
1055.34
909.397
850.594
889.899
826.604
783.747
789.439
643.393
887.635
695.352
715.184
970.391
925.43
973.601
1074.45
1034.88
1034.33
1032.22
1032.42
1021.02
1025.93
1006.62
1008.28
980.004
1082.21
1034.71
1026.15
1086.65
1066.81
1034.88
1034.85
765.444
1052.4
1043.6
1034.78
763.024
766.035
778.448
1076.97
780.383
1089.05
780.183
995.169
1052.17
770.163
1086.78
775.348
1089.05
1089.05
1089.05
786.06
1089.03
721.947
1089.01
1088.85
1087.48
1089.01
679.915
777.553
854.524
864.831
724.86
893.874
793.169
667.434
814.958
1085.72
1087.97
808.089
792.792
1087.95
765.599
1087.97
1063.25
800.395
1044.91
817.549
817.708
1087.89
1087.66
1044.84
1039.43
895.133
948.326
737.97
753.293
807.78
816.188
692.281
925.8
919.45
855.603
956.946
905.323
973.459
725.921
667.252
982.199
942.693
1013.51
1014.23
988.577
1010.89
1028.27
1023.92
1033.16
1034.99
1034.51
1017.95
1072.04
1022.9
1034.07
1031.42
1029.48
1001.63
1034.88
1001.05
1034.88
969.695
1064.03
1034.72
1040.69
1034.84
1049.45
1076.68
1088.65
766.343
1034.87
1083.63
1034.44
1011.05
1087.3
1088.18
893.252
1031.71
1085.84
777.319
755.516
1080.58
1034.82
769.788
1034.87
760.389
1058.27
754.57
1088.87
644.642
778.367
748.312
1060.65
1072.79
1080.18
1041.69
1089.05
1084.44
771.264
1089.05
784.326
1089.04
1087.98
778.507
1089.05
1089.05
785.447
781.237
1088.92
1088.99
777.976
728.031
1088.57
1089.02
628.285
818.146
1087.94
856.935
766.331
740.586
873.625
852.742
687.922
850.734
907.196
910.579
816.222
822.625
1066.58
1081.6
1028.52
812.782
1087.95
990.352
937.708
800.121
1017.36
1004.74
1023.65
1038.12
1086.12
1043.14
982.953
1071.5
1044.9
1044.89
1080.21
1051.33
1042.31
814.389
787.761
1087.81
868.96
1087.58
1044.52
1028.13
951.177
1087.01
1085.31
948.481
850.346
890.919
900.526
834.851
963.603
767.483
994.995
1066.12
1044.9
1044.51
1027.82
804.347
811.407
814.737
1087.92
764.092
780.426
1087.77
1087.26
1087.96
898.539
734.876
851.157
713.641
919.269
888.122
754.042
929.479
784.681
774.229
952.219
964.39
1001.01
1010.01
1039.96
1020.08
1043.68
1030.85
1044.64
995.729
1008.35
1044.86
1028.62
1042.36
1044.9
1044.9
1081.84
1057.35
1060.32
1022.77
1044.07
1044.8
1036.51
1086.58
1076.27
1011.58
982.894
1041.35
1044.84
1032.59
807.42
1083.22
800.862
793.338
815.006
1051.51
1076.01
814.304
1086.42
1087.97
1087.97
817.975
816.825
1087.91
816.429
1087.97
1087.97
802.161
810.962
1084.74
816.109
816.024
1087.97
1087.84
769.875
1087.5
816.465
1087.97
797.346
892.761
902.509
769.912
714.136
887.641
789.365
996.441
829.163
851.759
849.713
1082.97
851.365
1086.17
843.828
1031.44
850.025
1086.15
849.99
929.395
1052.48
998.048
1006.6
1046.44
1051.61
1053.44
1073.85
923.987
852.239
1085.44
1086.02
1085.91
1052.96
1017.32
1053.37
1027.23
1008.01
1083.64
777.269
1044.87
1045.33
847.995
849.686
1086.14
735.914
919.748
977.884
920.511
773.396
947.397
1013.25
877.48
973.447
784.406
943.684
1007.74
974.536
1017.5
838.882
1068.88
1044.9
1044.88
1048.32
1049.17
1053.44
1000.6
989.929
1043.89
1038.28
1087.3
913.729
1086.03
1078.36
1044.75
1009.22
1052.17
1048.34
1036.6
1033.64
1044.73
1078.32
1073.98
1044.88
1009.54
804.718
1084.37
1044.9
1014.56
1042.38
1035.7
1025.47
1044.33
1054.34
1083.93
1059.89
1079.18
847.254
851.49
1087.97
1086.1
1087.96
812.291
1086.91
1041.18
1083.41
1087.73
815.83
823.933
1071.87
1087.97
814.728
802.723
813.304
1087.94
1087.85
769.686
844.24
1085.96
1086.16
852.1
889.456
921.813
810.1
925.902
929.62
844.123
823.561
1028.02
980.429
1065.15
1083.55
1062.42
1053.42
1053.41
1036.56
917.786
1001.25
1080.5
883.118
1036.85
992.1
1038.32
1061.09
1086.16
901.93
1044.24
1053.03
1053.86
1074.39
1059.13
903.545
1085.54
949.798
833.451
798.882
1084.18
1025.04
1014.62
1052.78
1082.8
1080.13
851.93
845.203
1086.15
851.391
1086.05
861.752
1084.62
1086.14
1086.09
852.424
973.39
949.801
983.077
869.922
912.361
755.243
994.778
814.218
803.647
1017.2
955.622
834.708
973.693
822.448
1050.52
842.077
986.026
1055.87
1053.43
1011.81
1052.54
1053.38
1068.51
994.635
1052.56
1071.3
1085.05
986.756
1083.5
1049.07
1053.25
1019.64
1024.05
1053.09
1053.32
1045.91
1042.73
1053.44
1053.4
1001.11
1003.95
1076.22
1049.77
1050.82
1040.71
1043.93
1024.23
1030.48
1053.38
1086.17
844.368
853.253
853.529
1079.89
1086.18
851.331
1085.73
1085.95
851.596
851.663
1086.39
931.575
846.311
904.147
851.539
849.086
1081.67
849.632
1085.1
852.472
1086.15
1086.14
922.814
794.583
928.197
859.91
758.007
920.743
850.345
961.144
870.906
876.511
897.498
1082.8
1083.7
1083.61
887.99
1029.45
925.157
1056.11
980.947
892.656
880.656
1083.73
997.105
1060.02
949.95
1060.96
1060.96
1060.52
1073.18
1060.29
886.849
1083.36
973.784
1083.35
1026.96
1080.21
1060.41
1007.04
1060.98
1010.26
1078.94
986.881
901.124
994.216
1041.02
1061.03
1083.57
1083.58
882.384
950.365
949.613
881.918
799.639
949.443
967.55
1012.88
829.942
815.752
931.893
1031.64
862.905
965.543
1040.47
1023.37
1013.3
1058.65
967.586
1043.64
1051.24
990.709
873.598
984.077
989.569
1057.25
1055.8
994.784
1059.65
1033.55
1067.14
1065.58
1085.8
960.656
1033.02
1081.62
1058.31
1053.41
1036.07
1059.23
1053.4
900.322
1039.63
1051.51
1053.35
1053.37
1021.44
1061.1
1053.21
1038.21
852.281
1081.43
1077.52
908.141
1086.17
883.88
1083.52
1086.12
890.091
1070.33
854.041
1086.15
879.279
1085.93
879.273
1079.25
1082.83
1082.09
1083.6
885.05
892.64
847.789
817.46
950.63
779.774
949.016
889.479
1017.52
1037.09
1063.18
1072.17
1083.64
1023.21
837.307
1039.42
946.144
896.769
964.45
1060.07
908.72
929.744
1078.29
912.846
1067.53
1079.55
1049.16
1080.29
887.391
974.83
1016.41
1065.32
953.388
977.346
1061.01
1052.22
1075.64
1082.35
1012.11
1056.83
888.825
1083.61
1083.47
937.951
1083.53
945.762
971.758
972.841
1080.75
1050.64
854.108
819.597
970.074
1012.1
903.65
841.27
943.725
857.315
989.239
867.217
972.948
1056.96
1044.02
875.233
1047.87
986.929
1062.03
977.576
1063.44
1045.22
1060.96
1061.06
1059.65
1065.84
1060.17
1014.24
1046.41
1063.8
1077.62
1011.94
1078.35
1026.24
998.559
1060.21
1083.75
993.747
1070.38
1058.42
1060.92
1060.95
1060.77
1020.37
1003.87
1002.22
1060.89
1060.6
1060.96
1082.56
1083.72
888.868
954.585
886.208
1083.66
914.783
1083.75
1082.64
887.24
895.132
877.654
898.941
1077.55
1077.44
914.038
1083.61
1083.44
1083.58
954.159
881.481
869.036
920.354
1080.27
1080.66
1080.45
1067.24
1080.43
1080.89
1005.13
1015.89
979.099
864.61
882.294
1041.37
901.712
1065.09
1080.78
1026.53
940.254
1066.74
983.909
1067.51
991.265
1067.35
1059.88
1044.77
1067.14
1072.61
1065.79
1067.04
1066.45
1058.44
1041.79
1078.94
1080.36
872.395
1054.77
955.365
1073.83
991.546
1070.39
980.64
987.439
988.789
919.373
916.516
1078.97
1078
1074.7
993.017
852.21
1004.52
1027.13
938.837
917.716
1028.25
892.83
1049.17
961.249
952.166
1053.8
1049.43
1057.27
899.594
969.674
967.219
972.429
904.76
1068.21
906.721
1075.26
1074.67
1067.07
1064.49
1076.28
1021.56
1067.35
1067.56
1066.54
1056.08
1008.26
1066.17
1067.17
1002.8
1053.16
1060.88
1060.85
1017.48
1049.2
1004.16
1067.36
1060.82
1062.7
925.699
911.581
1083.69
1078.97
1080.28
889.356
960.842
888.791
1083.62
938.129
933.899
1079.38
1080.36
1080.25
989.585
910.042
941.644
837.917
971.294
972.207
1080.49
922.435
1067.18
1067.07
1080.44
990.564
1006.81
1032.11
1010.6
888.387
1025.52
922.392
1037.62
929.318
915.084
1048.5
922.605
947.986
950.386
1065.57
1054.06
1058.55
1072.48
973.28
986.689
935.472
1075.25
1072.82
1080.73
1072.89
1075.93
940.973
1031.41
1072.58
1077.24
1013.47
1072.38
1072.79
1076.79
980.51
923.27
993.96
1068.77
1076.43
1015.94
1076.44
1059.27
1067.02
984.454
1067.53
977.118
929.492
874.317
1047.2
888.091
957.192
1060.78
1062.2
902.941
953.022
1072.74
1040.61
1066.74
987.811
1069.93
1073.8
982.961
1062.69
1067.17
1064.59
1067.15
1067.58
1079.24
994.849
1000.55
1029.65
1067.21
1053.95
1066.31
1066.49
1080.4
1001.93
919.039
1080.27
919.216
968.903
1080.55
1080.77
921.484
1080.05
938.054
1080.44
978.224
1074.32
997.203
991.808
856.033
871.537
1067.29
942.993
931.172
1069.11
1068.52
1069.59
1074.67
967.854
962.57
957.972
1070.94
1023.41
884.484
948.383
1072.61
979.178
948.144
1076.75
1072.31
1076.7
1070.11
1000.19
1041.9
1076.68
1076.68
1076.36
1023.92
1051.01
913.396
1020.66
939.239
924.902
1066.16
944.102
983.153
998
1076.14
1080.63
1076.54
1075.66
922.106
922.335
1080.45
1007.68
1077.48
1008.84
902.121
1069.15
1023.31
895.225
1035.16
903.625
909.994
1044.58
934.767
1051.96
919.196
1057.77
945.838
1069.47
926.718
928.816
933.336
1071.21
1002.59
958.027
1007.91
1077.13
968.779
961.349
1077.2
1071.31
1076.94
1036.08
1072.95
964.08
1071.31
961.574
1018.37
970.803
1077.01
1072.6
972.266
1072.34
1075.82
1072.44
1073.19
1072.29
1071.91
1063.98
1028.84
1072.35
1058.73
1035.01
1072.32
1071.05
1074.96
1052.96
1071.85
1047.2
1072.23
951.563
1072.23
950.054
1076.66
1062.43
954.888
1071.73
1076.77
1077.14
952.164
1076.7
947.279
1076.72
973.091
977.543
1041.25
1076.84
1071.59
1076.22
1072.05
1032.9
953.153
975.486
