593.865
683.319
514.63
490.476
889.421
857.808
817.213
593.216
591.26
588.01
583.48
577.692
570.671
562.455
553.072
542.581
531.015
518.408
504.892
505.484
520.299
533.17
547.608
558.392
571.133
580.092
591.074
599.332
608.427
615.202
622.868
628.179
634.586
638.945
644.364
647.805
651.684
654.969
657.396
660.546
662.383
665.388
666.246
669.09
669.279
671.921
672.245
674.934
675.19
676.706
677.893
678.159
680.113
680.393
682.887
682.22
684.942
683.661
686.458
685.826
689.103
688.537
690.01
691.082
690.605
693.04
692.848
696.271
694.508
698.184
695.389
699.182
697.631
702.489
700.917
702.575
703.647
701.926
705.224
704.509
709.02
706.86
708.662
709.097
708.16
708.155
713.968
710.934
712.183
712.761
707.961
712.09
709.947
716.09
710.788
712.466
702.837
710.097
700.636
710.671
704.197
696.256
703.178
681.539
685.021
676.484
681.431
666.663
659.548
635.458
637.314
615.47
622.374
601.545
591.833
554.17
544.846
532.181
535.463
553.105
569.253
589.078
607.807
624.743
639.944
653.074
664.023
672.53
678.56
682.137
713.424
741.753
768.095
792.519
814.92
835.371
853.882
870.528
885.381
898.533
910.081
920.129
928.783
936.15
942.337
947.451
951.594
954.867
957.365
959.178
960.388
961.074
961.307
961.159
960.688
959.943
958.961
957.78
956.434
954.954
953.366
951.691
949.946
948.145
946.301
944.425
942.524
940.606
938.676
936.74
934.803
932.867
930.934
929.009
927.092
925.179
923.27
921.379
919.533
917.727
915.931
914.124
912.312
910.508
908.721
906.948
905.186
903.434
901.69
899.951
898.217
896.484
894.749
893.008
891.254
889.48
887.679
885.841
883.956
882.008
879.983
877.857
875.604
873.192
870.592
867.772
864.699
861.33
857.612
853.486
848.891
843.767
838.047
831.665
824.553
816.641
807.861
798.146
787.435
775.668
762.797
748.777
733.575
717.173
699.547
680.732
660.687
639.531
617.195
713.551
670.589
706.196
946.369
918.144
945.433
868.657
647.526
718.22
940.794
929.283
603.599
889.791
697.655
740.634
723.176
830.377
666.746
796.943
896.726
747.696
740.59
884.398
738.016
733.549
903.667
591.509
649.785
790.675
682.831
699.933
720.367
723.968
691.521
959.106
957.073
921.651
959.214
953.113
724.854
917.939
746.06
742.294
740.614
874.199
852.142
866.382
727.065
914.377
604.657
679.656
591.592
605.249
701.03
552.083
561.477
910.756
730.127
623.537
709.262
952.857
743.142
936.973
702.897
880.578
574.696
711.85
573.113
638.279
610.141
613.754
521.076
739.927
564.796
579.322
630.368
716.134
813.115
893.273
739.333
745.32
859.961
731.432
842.448
719.32
815.391
686.371
774.521
900.185
737.434
730.391
907.184
888.024
743.657
744.505
711.21
878.559
871.796
744.59
631.921
716.318
675.597
934.139
655.041
949.883
660.488
833.565
896.594
703.09
955.362
693.209
944.541
935.051
933.126
686.334
927.367
717.493
925.458
958.761
957.184
955.907
721.615
695.987
680.269
631.432
572.638
553.301
616.125
535.656
709.156
949.386
941.072
678.641
746.059
924.345
749.894
930.002
885.422
655.162
772.359
729.842
718.225
951.422
953.44
775.643
869.967
673.742
785.541
583.887
591.469
626.243
701.132
552.323
595.121
766.179
659.53
617.486
698.49
807.914
590.557
536.488
652.535
732.518
852.047
691.472
786.258
823.283
725.632
847.559
732.276
863.317
743.346
836.743
891.539
709.373
741.749
729.735
856.257
806.633
740.254
680.524
743.664
761.682
886.23
741.442
869.198
747.178
876.441
895.001
916.166
727.206
737.111
901.922
734.983
732.05
908.96
912.571
730.422
733.052
905.42
709.934
711.484
898.454
737.495
640.685
743.222
713.67
882.519
613.245
919.773
725.005
707.51
716.322
908.116
926.782
940.321
883.474
948.154
949.579
705.271
942.68
688.805
951.542
958.408
679.264
938.889
931.203
700.709
666.513
958.036
923.554
697.118
719.744
959.352
954.576
723.576
720.902
922.462
666.107
599.07
582.687
611.785
691.984
549.089
707.687
612.439
593.426
631.625
635.724
912.213
939.412
863.158
734.417
947.619
678.725
729.347
741.701
843.576
819.481
724.056
751.888
916.195
769.807
782.735
890.582
770.285
775.593
897.396
878.217
763.428
726.417
752.833
916.823
755.884
913.331
774.093
859.216
757.9
909.593
904.332
777.556
743.035
706.369
695.379
646.181
646.155
611.596
828.277
887.158
771.411
765.13
760.68
663.659
739.332
712.328
950.304
750.747
748.033
953.023
953.248
926.23
654.623
579.656
656.653
567.841
761.252
728.217
597.633
610.491
611.537
623.156
744.449
758.343
691.638
702.454
757.991
848.132
770.339
862.224
776.02
802.957
826.52
774.959
733.923
872.192
773.471
772.196
899.114
881.892
883.67
852.229
771.597
776.667
867.566
907.77
893.985
832.838
757.983
761.825
767.021
741.318
671.842
900.844
743.114
645.358
737.953
890.859
928.129
736.517
951.236
939.289
935.629
731.942
722.837
920.553
696.745
944.493
931.886
745.043
685.412
946.859
715.475
705.464
942.813
952.336
748.665
953.543
728.439
928.115
619.604
691.239
633.831
602.125
566.556
735.375
628.919
703.793
675.915
768.009
733.436
936.997
763.87
932.437
708.212
753.474
771.93
921.682
776.489
724.013
878.223
820.149
837.03
781.972
797.694
801.096
889.911
696.53
755.716
943.5
941.875
944.248
804.725
852.754
805.972
862.706
785.214
899.16
609.327
775.445
874.293
724.831
740.215
918.029
583.313
753.816
664.186
712.96
614.514
628.429
846.67
676.574
799.573
635.008
739.009
717.612
771.088
713.213
693.617
888.88
770.744
775.911
876.295
876.465
802.19
811.65
793.34
764.519
762.941
911.377
756.598
906.058
895.69
765.605
841.574
800.069
787.346
762.109
864.989
777.206
893.263
892.287
768.662
759.532
740.853
902.584
775.671
838.507
766.131
746.748
855.922
772.254
880.079
939.557
902.277
934.299
773.073
745.561
933.765
914.367
946.101
735.548
952.496
877.879
943.566
915.114
725.111
754.297
920.797
937.473
732.95
743.524
691.052
949.028
918.593
751.428
773.95
943.625
935.695
752.383
718.751
730.809
630.4
676.503
633.454
652.121
638.982
854.365
787.386
902.464
905.068
883.412
797.756
804.153
869.217
716.427
729.727
923.666
765.587
868.391
828.199
780.386
827.991
927.148
796.156
788.837
793.42
810.7
918.25
826.094
780.103
907.344
717.948
648.29
630.002
935.37
742.939
849.439
803.582
898.321
894.971
766.521
714.383
923.507
770.825
912.518
777.693
941.451
938.59
941.035
748.063
788.14
653.291
688.54
671.672
707.677
598.968
819.661
654.726
642.659
730.761
752.787
685.257
776.917
665.82
881.707
701.413
796.901
880.002
800.151
845.667
801.909
804.878
886.706
813.213
791.976
888.32
903.698
783.938
899.399
789.601
794.8
855.485
860.11
805.237
805.708
874.7
872.915
802.822
796.772
826.395
832.021
891.571
791.967
795.243
769.283
775.82
786.758
865.115
806.007
930.721
775.291
757.039
759.927
929.549
934.134
762.543
944.099
942.604
754.05
765.152
909.804
781.263
719.679
797.351
769.287
729.322
933.712
737.065
942.739
750.216
937.197
919.866
714.884
620.505
655.39
665.222
596.981
743.74
684.407
769.021
721.537
740.855
792.035
929.9
924.02
910.416
778.945
864.728
800.768
814.197
804.713
788.469
755.28
921.087
836.739
830.066
817.844
824.147
831.186
818.31
884.548
878.403
775.479
928.747
804.144
899.251
809.544
888.516
831.767
846.578
833.773
852.654
888.7
713.075
700.344
807.69
870.356
826.581
931.721
906.875
762.438
697.43
736.777
683.288
626.486
753.218
671.869
837.945
659.601
645.396
731.353
770.078
704.822
765.421
869.017
758.204
744.685
892.826
779.342
789.318
804.542
805.507
728.751
811.505
823.208
819.635
815.603
832.817
828.328
867.251
881.296
885.102
906.929
782.502
866.537
896.671
822.999
803.18
787.746
881.755
798.938
794.795
871.098
790.827
795.852
805.592
857.647
829.117
805.449
810.732
761.168
926.246
924.454
798.582
928.964
768.414
903.376
939.902
786.456
910.942
758.604
925.336
750.93
910.494
778.869
920.464
929.155
928.183
926.388
771.119
690.248
657.463
638.103
675.789
613.915
766.867
782.993
769.193
795.562
889.384
905.07
915.683
861.323
659.277
857.239
759.608
739.363
794.431
836.589
774.368
808.651
910.279
785.463
851.942
913.877
873.95
891.493
691.351
817.525
856.302
851.203
757.74
797.201
830.667
812.867
886.178
894.75
807.997
877.099
784.846
912.139
901.734
801.501
928.493
816.609
737.847
773.642
918.306
833.418
665.369
643.164
695.051
825.884
707.087
672.552
745.171
695.103
735.925
713.546
788.756
880.274
805.632
735.079
797.317
817.669
841.373
822.184
845.141
872.266
825.211
829.988
816.242
853.162
816.954
855.511
811.675
879.826
887.715
854.175
885.859
863.029
840.037
830.964
899.851
806.02
882.976
815.347
833.053
822.962
820.015
859.614
845.98
847
831.648
832.529
833.908
929.487
919.406
780.626
818.722
773.574
925.284
799.633
922.74
926.289
777.179
790.273
745.984
793.459
916.453
907.853
788.427
908.715
900.374
927.561
802.451
758.924
674.967
799.283
914.044
910.156
896.884
848.37
911.711
889.766
850.71
825.234
821.858
688.103
711.831
818.163
753.311
859.149
907.793
860.731
803.427
856.848
835.254
854.227
841.406
858.439
834.555
866.576
855.625
876.448
837.567
842.607
873.277
870.494
830.919
912.288
893.305
681.681
865.125
805.126
890.186
842.299
873.105
826.565
834.757
836.315
796.527
791.875
909.34
881.517
875.108
792.663
674.269
753.194
842.559
748.537
722.103
783.152
731.006
869.76
787.156
769.689
822.586
814.331
829.932
746.716
806.946
801.014
812.58
764.458
897.745
769.616
911.449
900.976
863.793
848.287
904.873
858.656
850.045
853.25
839.121
834.239
852.349
854.488
846.845
849.399
875.648
821.551
832.16
857.744
867.681
846.984
854.686
833.405
835.287
806.256
782.143
917.615
910.623
890.092
781.873
819.668
783.725
913.903
813.209
810.963
913.612
913.57
888.82
822.46
778.346
814.908
655.093
717.204
756.74
901.826
802.951
844.319
856.117
898.422
756.529
774.245
805.583
810.824
697.28
827.808
738.095
842.698
748.972
745.878
827.955
762.205
788.802
794.686
881.981
836.527
844.708
896.096
831.489
839.905
795.167
894.559
872.746
906.02
874.364
896.8
805.912
862.612
870.413
902.158
850.883
868.246
875.256
898.212
836.621
804.559
837.072
854.41
876.026
840.149
874.994
851.181
857.983
834.307
859.844
831.036
736.049
700.427
855.029
721.824
778.903
874.001
852.359
758.914
800.214
887.272
865.59
840.492
838.776
874.97
876.805
829.62
871.931
845.54
836.304
857.066
859.792
884.477
844.087
848.012
827.778
855.089
869.108
838.319
855.84
912.715
823.423
795.017
888.084
797.557
820.685
911.016
909.233
800.873
913.586
799.605
895.256
833.366
871.489
844.929
775.57
671.386
686.684
855.027
775.537
785.923
878.598
867.491
870.523
892.72
829.056
826.452
809.759
874.97
852.938
700.919
816.444
875.706
835.785
814.456
881.569
866.587
895.118
854.902
837.93
843.848
896.934
879.773
873.98
840.847
846.858
725.766
790.758
767.473
768.91
871.985
809.461
838.081
846.313
897.595
904.006
877.772
895.952
802.057
803.514
900.06
838.992
901.943
793.575
712.144
867.208
810.445
714.116
825.32
725.937
736.384
837.601
758.633
847.633
754.368
856.37
782.583
889.654
774.883
780.549
790.747
883.491
847.164
824.05
849.092
890.532
821.835
814.527
892.273
876.351
888.256
864.223
883.105
820.914
875.969
820.383
852.023
829.192
894.16
880.047
829.278
865.369
872.475
876.09
883.14
876.434
858.721
862.93
853.853
864.05
860.42
855.094
878.215
855.868
871.277
858.607
857.842
857.426
862.216
819.527
877.053
818.123
895.939
864.52
822.251
878.048
886.08
893.399
820.258
884.311
814.937
882.907
831.224
834.653
856.341
894.653
856.861
873.264
860.273
842.128
821.101
833.123
