704.99
777.285
819.222
561.659
1062.89
966.072
918.026
704.058
701.305
696.747
690.409
682.328
672.539
661.105
648.095
633.518
617.658
600.139
581.532
582.729
599.882
621.891
628
650.078
655.487
677.474
680.602
692.801
694.977
705.787
706.595
716.853
716.071
722.661
718.689
724.579
725.128
726.312
731.82
729.06
732.187
726.237
733.931
728.117
738.865
733.044
739.172
728.163
735.238
734.123
734.331
743.392
737.518
740.235
728.064
739.993
729.68
748.108
739.131
746.755
723.824
734.556
731.299
730.726
749.588
739.53
737.818
709.908
725.189
705.654
743.267
736.803
741.595
678.897
677.703
662.416
678.605
750.128
723.484
626.283
462.437
455.078
510.651
424.639
452.49
453.934
618.266
935.134
984.927
1002.89
1008.66
1010.63
1011.22
1011.26
1011.05
1010.66
1010.09
1009.34
1008.34
1007.06
1005.41
1003.32
1000.69
997.439
993.44
988.576
982.72
975.739
967.505
957.893
946.791
934.111
919.797
903.841
886.329
867.666
848.403
831.062
818.268
787.32
792.52
786.304
782.017
781.272
779.539
778.844
778.206
777.759
777.476
777.324
815.223
849.396
881.28
909.665
935.272
957.917
977.812
995.134
1010.07
1022.85
1033.67
1042.75
1050.31
1056.55
1061.64
1065.76
1069.06
1071.68
1073.74
1075.35
1076.58
1077.52
1078.23
1078.77
1079.16
1079.45
1079.66
1079.8
1079.89
1079.94
1079.96
1079.94
1079.87
1079.77
1079.6
1079.35
1079.02
1078.57
1077.99
1077.25
1076.34
1075.24
1073.94
1072.43
1070.71
1068.78
1066.64
1064.33
1061.91
1059.4
1056.78
1054.05
1051.22
1048.33
1045.43
1042.51
1039.58
1036.67
1033.76
1030.88
1028.03
1025.2
1022.41
1019.65
1016.92
1014.23
1011.57
1008.95
1006.36
1003.82
1001.31
998.829
996.374
993.931
991.488
989.038
986.567
984.048
981.435
978.669
975.684
972.4
968.726
964.55
959.745
954.169
947.664
940.059
931.174
920.825
908.831
895.013
879.208
861.279
841.112
818.558
793.851
766.32
737.195
775.532
758.527
772.876
1079.29
1042.43
1065.38
994.926
743.009
770.644
1078.4
1072.65
699.408
1014.7
993.032
707.578
1011.34
962.783
956.386
938.406
1025.71
893.518
883.656
1006.8
676.431
734.566
1037.22
701.408
817.538
909.369
761.421
764.464
776.474
764.381
764.871
1077.12
1079.24
1064.76
1078.36
1079.52
776.44
1059.81
1021.53
1021.89
1019.13
994.359
976.81
987.08
763.122
1054.58
894.246
817.088
823.658
720.568
814.848
642.022
659.697
1048.89
748.864
721.63
767.803
1071.29
999.487
1077.2
767.396
1001.72
854.329
814.951
831.148
764.6
727.401
732.443
604.502
848.919
665.775
677.682
928.779
859.847
935.071
1020.14
607.558
1020.91
982.14
1016.14
970.585
1003.95
952.456
977.523
919.246
1031.42
723.206
761.368
1043.07
1012.03
758.697
1014.29
773.214
999.236
991.94
1022.08
731.321
767.31
758.484
1056.19
744.221
1079.5
749.704
957.746
1022.58
774.011
1073.35
768.26
1079.08
1076.36
1075.33
760.438
1070.99
780.182
1069.12
1078.75
1074.95
1079.38
769.927
766.954
815.819
819.544
675.228
833.72
735.738
623.779
793.971
1072.15
1077.82
778.351
808.118
1068.58
809.481
1073.54
1008.08
758.354
859.12
802.767
796.957
1078
1077.13
1031.34
988.312
849.778
908.863
681.459
699.549
747.822
789.427
645.331
874.688
880.816
792.282
912.369
839.664
934.655
694.275
624.685
943.428
877.748
977.63
985.918
929.556
958.004
1008.03
973.846
1017.82
984.632
1021.49
966.934
1017.4
998.999
1020.14
1014.01
979.553
945.98
638.806
967.717
814.119
907.292
1009.4
1022.11
989.514
1019.69
996.784
1022.91
1057.26
771.016
623.598
1034.31
723.059
753.28
1045.98
1051.78
746.646
748.705
1040.14
769.775
777.65
1028.55
715.96
736.085
949.151
775.751
1004.24
712.818
1062.33
770.739
771.201
769.052
1033.37
1049.97
1061.27
1009.84
1079.42
1068.67
771.958
1078.79
762.704
1079.53
1076.18
760.829
1077.88
1074.1
766.939
752.028
1079.04
1067.05
768.923
777.628
1077.83
1079.47
762.553
797.196
1066.47
816.523
711.939
689.146
820.52
815.302
642.791
814.781
854.662
855.429
755.329
761.042
1041.47
1064.24
994.385
804.191
1078.25
950.987
873.376
807.36
968.36
952.801
994.73
1017.36
1061.11
1027.36
924.72
1016.08
762.179
997.783
1027.24
997.916
798.348
802.703
805.277
1058.98
806.345
1053.62
1031.09
978.9
804.412
1047.71
1038.91
908.514
828.467
849.195
835.399
773.823
918.571
714.217
957.342
1010.72
814.756
781.789
792.995
766.005
806.028
796.133
1078.14
809.889
806.585
1077.52
1075.9
1070.47
850.751
683.128
788.319
666.159
880.31
848.447
699.237
878.299
727.341
730.675
889.038
902.69
964.377
976.048
1020.74
971.266
1028.7
981.249
1031.51
940.947
957.503
1029.9
1002.02
990.669
940.273
903.312
1030.12
1002.92
1005.48
973.961
1029.73
1031.77
985.941
1044.69
1021.59
961.582
799.211
1023.47
762.247
1008.12
771.935
1033.03
808.646
750.63
806.915
1021.81
1055.12
807.319
1073.74
1077.5
1076.47
801.508
798.768
1064.12
786.349
1078.17
1074.73
809.322
781.936
1070.11
796.836
791.513
1078.03
1077.8
808.402
1076.61
802.755
1072.12
738.564
849.449
852.806
714.283
665.255
848.567
741.899
957.339
787.111
840.79
823.696
1068.14
839.194
1075.3
810.334
1002.68
843.899
1068.33
843.728
866.064
997.235
948.801
959.355
1025.9
1036.13
949.747
1015.54
879.684
834.6
1073.87
1075.87
1075.16
1039.87
969.894
1040.46
978.015
843.586
1032.29
722.795
1026
993.053
819.963
826.914
1063.77
687.064
880.234
935.726
855.496
725.848
899.315
977.186
812.864
934.206
741.367
881.574
971.305
914.523
986.122
800.684
1013.39
779.257
1015.75
995.468
994.71
975.538
947.336
933.467
792.432
796.121
1050.59
807.433
1041.81
1024.4
770.11
962.199
1037.5
1029.36
1010.17
983.587
1031.75
1021.18
1018.82
758.272
792.978
805.862
1035.96
971.545
965.169
1025.64
1013.19
976.507
1030.51
1000.4
1070.15
1032.5
1060.16
844.176
829.654
1075.7
1058.24
1078.24
806.078
1074.97
1009.2
1067.51
1056.36
800.013
804.663
1048.95
1077.06
803.034
810.727
785.072
1078.22
1061.52
807.869
843.931
1075.47
1075.93
832.099
848.91
880.464
751.907
879.68
879.695
782.058
763.816
993.665
925.321
1039.87
1049.31
1005.06
870.976
1024.37
985.202
855.781
962.274
1065.41
856.492
982.56
947.224
1009.57
1000.24
1073
876.153
842.547
839.117
1033.34
1053.32
1043.73
845.446
1046.62
905.961
773.816
744.914
1073.24
993.825
967.466
1039.29
1029.94
1024.1
840.468
814.186
1070.18
842.622
1055.19
844.452
1071.72
1076.12
1076.04
830.495
933.559
902.529
941.285
806.13
848.276
707.79
956.763
767.278
754.911
983.414
895.066
794.448
916.746
777.998
1020.67
805.606
932.663
999.86
921.185
964.827
1038.52
1032.34
1010.28
944.238
841.291
1012.91
1039.68
843.598
1031.99
842.947
838.844
971.906
975.491
1040.3
1040.72
992.253
989.855
996.63
853.889
952.768
956.27
1018.31
1032.15
1034.36
1016.43
1021.63
843.19
980.55
1039.5
1074.76
843.36
835.688
836.411
1062.35
1075.69
837.917
1074.63
1075.65
833.444
840.025
1049.22
844.783
817.595
876.923
841.609
822.043
1065.58
825.228
1072.93
831.405
1076.07
1066.19
880.143
738.215
879.806
797.235
705.579
880.434
802.378
905.931
832.385
843.731
873.258
1070.94
1072.81
1060.03
863.821
977.609
878.705
888.619
932.627
869.971
851.771
1071.72
952.567
1046.11
906.706
945.364
1040.47
896.8
1007.69
997.48
862.076
1072.87
880.617
1035.75
884.523
1016.5
1047.43
961.351
1048.44
963.872
1015.32
945.357
838.295
955.705
985.345
982.512
1072.75
1053.16
854.965
905.21
907.006
818.849
743.855
907.901
923.047
976.53
778.126
762.38
871.192
1000.42
819.927
906.745
1008.33
989.59
976.917
1031.11
914.304
1017.23
1028.94
938.931
836.949
936.992
944.199
1039.68
1036.86
950.148
1045.08
982.91
1002.19
1007.72
1044.86
843.954
980.012
1027.04
1041.92
1012.65
842.737
1002.51
893.749
875.261
987.514
842.678
843.117
1037.07
973.398
1015.04
1040.6
885.593
836.843
1067.38
1058.32
877.561
1074.01
858.006
1045.5
1076.12
868.081
1047.23
835.953
1071.74
849.459
1051.77
845.218
1062.92
1071.49
1068.92
1073.15
859.684
828.381
786.494
759.729
904.257
725.731
908.357
866.299
981.396
1006.11
1037.72
1050.9
1067.61
973.377
782.011
1007.08
893.008
855.349
918.602
1039.78
876.193
897.309
1063.96
882.144
1029.2
1067.33
990.612
1032.29
826.08
932.722
964.749
1050.21
896.22
927.562
1034.73
887.488
1010.54
1026.82
883.27
995.421
866.842
1062.93
1041.72
878.927
1073.13
905.598
929.44
932.269
1069.51
924.851
794.221
763.7
926.073
975.356
843.202
791.17
884.681
811.808
948.229
826.557
921.498
1029.25
1015.53
840.598
1023.61
940.827
1043.33
935.737
1046.12
988.119
963.396
1026.45
890.728
1051.55
892.352
966.936
886.531
999.772
1013.33
961.963
1011.32
975.45
954.147
1046.82
1035.21
881.81
1004.99
889.494
1047.81
928.9
904.43
971.406
958.8
957.39
1044.19
1047.93
1048.57
1070.1
1070.75
864.913
907.37
861.106
1073.05
878.101
1072.42
1071.93
862.735
871.655
846.629
874.254
1059.79
1062.08
883.74
1056.81
1038.43
1073.19
879.386
853.337
807.421
890.371
1069.43
1068.86
1047.86
1005.22
1069.42
1021.02
957.752
913.072
910.075
812.18
834.044
1010.65
864.213
1045.06
1067.03
970.812
905.409
1054.05
932.558
1044.07
948.196
1055.3
926.479
979.187
1052.94
995.746
932.67
956.92
990.006
985.295
921.037
1065.47
1037.65
812.835
1026.88
916.244
1058.22
944.471
1055.54
938.811
945.078
933.672
889.194
886.274
1067.77
1005.86
994.599
953.886
798.087
965.883
992.498
883.611
858.679
994.7
849.264
1019.15
913.836
901.069
1029.76
1023.26
1035.2
860.235
926.246
922.703
929.76
870.324
1044.92
873.368
1055.85
1056.68
1048.62
1048.35
1059.7
967.948
1017.87
1037.8
939.524
926.039
959.687
1052.53
992.237
956.358
993.181
915.03
1046.47
969.341
980.853
959.058
1048.27
1048.36
927.787
894.676
880.374
1069.4
1067.1
1027.63
865.768
908.194
866.328
1065.47
902.297
899.861
1066.61
1069.56
1023.42
910.222
878.264
903.951
780.017
928.099
930.787
1059.7
892.515
968.277
1054.05
1052.18
950.126
968.57
998.843
973.365
829.77
990.522
869.33
1005
878.462
868.896
1020.23
880.458
906.281
909.817
1042.1
1028.1
1034.73
1052.87
928.072
941.492
900.103
1061.5
1046.58
1065.29
1051.68
1063.38
906.413
973.462
1039.46
1065.53
955.682
1031.09
1055.09
1065.57
937.85
893.086
934.391
961.26
1009.16
937.907
1004.07
954.703
1054.66
942.718
1055.41
936.716
872.246
823.881
1016.96
842.189
908.018
1035.16
1040.36
867.159
913.274
1055.92
977.747
946.484
945.463
992.998
996.634
941.026
987.676
979.826
929.755
1054.8
1055.58
1011.31
950.928
954.944
916.456
1051.09
983.072
935.417
1053.39
1069.55
910.964
888.703
1020.24
889.258
909.033
1069.25
1068.2
891.484
1069.11
903.005
1043.08
930.278
989.417
947.863
952.02
798.55
815.099
961.779
898.154
894.524
1049.29
1051.44
1053.71
1060.08
925.115
921.974
919.219
1056.92
958.306
829.621
913.166
1057.3
937.234
912.91
1030.46
1022.36
1064.97
962.903
935.296
942.732
1065.43
1023.38
999.65
938.586
947.509
858.194
984.853
892.549
884.546
1044.52
909.284
939.386
953.22
1063.92
1062.87
1015.93
1062.59
892.14
892.457
1056.15
936.53
1066.27
971.082
845.026
981.111
987.893
842.308
1002.21
852.892
861.547
1014.09
886.044
1023.88
875.098
1031.98
902.657
1048.02
887.916
891.239
897.425
1053
950.761
919.181
953.292
1057.67
929.377
922.66
1060.66
1057.96
1053.43
975.766
1060.68
925.743
1059.21
923.78
957.149
931.455
1063.86
1060.99
932.718
1013.77
993.283
1058.72
1061.6
1059.58
978.711
973.799
959.501
1004.91
969.522
961.238
1060.57
965.782
989.966
966.519
973.601
964.657
995.367
915.551
1060.14
914.463
1065.25
1038.79
917.287
1058.92
1048.26
1062.61
915.834
1042.57
912.259
1036.64
933.187
936.285
963.042
1064.57
969.295
996.271
986.211
940.237
916.33
934.917
