922.166
924.264
1010.37
754.001
1096.56
1096.53
1096.41
922.006
921.283
919.732
916.938
912.268
904.939
894.146
879.422
860.923
839.241
813.777
780.349
780.213
801.725
791.429
906.305
863.087
872.768
712.533
722.468
728.377
798.147
760.641
715.274
529.689
462.237
492.426
495.84
432.506
472.983
490.87
891.067
1013.38
1043.79
1054.02
1057.55
1058.83
1059.29
1059.47
1059.53
1059.56
1059.57
1059.57
1059.57
1059.57
1059.57
1059.57
1059.57
1059.57
1059.57
1059.57
1059.57
1059.57
1059.57
1059.57
1059.57
1059.57
1059.57
1059.57
1059.57
1059.57
1059.57
1059.57
1059.57
1059.57
1059.57
1059.57
1059.57
1059.57
1059.57
1059.57
1059.57
1059.57
1059.57
1059.57
1059.57
1059.57
1059.57
1059.57
1059.57
1059.57
1059.57
1059.57
1059.57
1059.57
1059.57
1059.57
1059.57
1059.57
1059.57
1059.57
1059.57
1059.57
1059.57
1059.57
1059.56
1059.55
1059.53
1059.49
1059.4
1059.24
1058.94
1058.38
1057.41
1055.8
1053.25
1049.47
1044.29
1037.67
1029.41
1018.77
1016.1
1019.5
1014.68
998.264
968.684
947.251
937.798
932.623
929.114
926.79
925.335
924.539
960.471
1003.35
1033.04
1054.82
1070.97
1082.3
1089.7
1094.23
1096.85
1098.31
1099.08
1099.48
1099.68
1099.78
1099.83
1099.85
1099.86
1099.87
1099.87
1099.87
1099.87
1099.87
1099.87
1099.87
1099.87
1099.87
1099.87
1099.87
1099.87
1099.87
1099.87
1099.87
1099.87
1099.87
1099.87
1099.87
1099.87
1099.87
1099.87
1099.87
1099.87
1099.87
1099.87
1099.87
1099.87
1099.87
1099.87
1099.87
1099.87
1099.87
1099.87
1099.87
1099.87
1099.87
1099.87
1099.87
1099.87
1099.87
1099.87
1099.87
1099.87
1099.87
1099.87
1099.87
1099.87
1099.87
1099.87
1099.87
1099.87
1099.87
1099.87
1099.87
1099.87
1099.87
1099.86
1099.86
1099.85
1099.84
1099.81
1099.78
1099.74
1099.67
1099.58
1099.46
1099.3
1099.09
1098.8
1098.4
1097.8
1096.82
1095.18
1092.39
1087.7
1080.16
1068.71
1052.46
1030.6
1000.94
958.127
1068.02
688.358
1068.01
1099.84
1099.45
1099.82
1094.23
723.017
1068.02
1099.84
1099.84
820.901
1099.84
1067.84
1068.02
1068.01
1099.32
1065.74
1098.08
1099.84
1091.92
1068.02
1099.84
1068.02
1068.02
1099.84
937.37
981.231
1054.77
887.507
1067.75
1068.02
1068.02
1053.64
1099.84
1099.84
1099.84
1099.84
1099.84
1068.02
1099.84
1068.02
1068.02
1068.02
1099.84
1099.73
1099.82
1068.02
1099.84
1051.71
1051.9
1024.31
950.692
961.789
831.682
889.699
1099.84
1068.02
776.981
1068.01
1099.83
1068.02
1099.84
1067.98
1099.84
1035.62
960.288
1028.21
999.812
953.82
955.777
803.668
1003.03
799.239
800.039
1061.3
1079.68
1070.99
1099.84
1068.02
1068.02
1099.79
1068.02
1099.59
1067.97
1098.87
1067.35
1096.41
1099.84
1068.02
1068.02
1099.84
1099.84
1068.02
1068.02
1068.02
1099.84
1099.84
1068.02
765.475
1068.02
758.888
1099.75
673.435
1099.84
627.428
1082.32
1098.28
1068
1099.84
1062.78
1099.84
1099.84
1099.84
957.503
1099.84
1068.02
1099.84
1099.84
1099.84
1099.84
1068.02
1066.08
967.593
995.456
909.435
1024.46
957.16
839.229
996.84
1099.72
1099.73
788.717
1077.93
1099.73
1077.93
1099.73
1099.73
814.339
1077.93
1077.9
1067.3
1099.73
1099.72
1077.93
1099.72
1019
1054.91
888.67
945.686
992.007
914.682
870.172
1044.53
1032.82
1029.87
1057.27
1068.2
1071.15
802.179
829.209
1064.02
1087.23
1089.71
1067.67
1097.43
1099.12
1068
1099.67
1068.02
1099.81
1068.02
1099.47
1099.84
1067.93
1068.02
1068.01
1099.77
1098.54
1068.02
1066.76
1068.02
1094.74
1099.84
1068.02
1099.83
1068.02
1099.84
1099.84
1099.84
1068.02
1068.02
1099.84
1068.02
1068.02
1099.84
1099.84
1068.02
1068.02
1099.84
1068.01
1068.02
1099.84
1068.02
757.377
1068.02
1068.02
1099.84
798.687
1099.84
1068.02
1068.01
1068.02
1099.05
1099.65
1099.8
1096.84
1099.84
1099.83
1068.01
1099.84
1026.79
1099.84
1099.84
810.011
1099.84
1099.84
1067.91
635.845
1099.84
1099.84
1067.3
1068.02
1099.84
1099.84
1068.02
1073.77
1099.73
972.709
945.571
925.447
1012.35
964.169
866.693
960.622
1039.4
1040.55
995.833
998.371
1099.34
1099.71
1094.22
1077.92
1099.73
1073.46
1085.59
1077.93
1099.44
1098.52
1077.55
1077.91
1099.49
1077.93
1096.16
1099.73
1077.93
1077.93
1099.73
1099.72
1077.92
1077.7
1077.92
1099.72
1077.93
1099.72
1077.92
1099.68
1077.93
1099.72
1099.73
1055.52
1078.27
1009.37
1066.53
1020.74
1065.73
886.3
1082.44
1099.73
1077.93
1077.92
1077.93
798.854
1077.92
1029.19
1099.73
1077.92
1077.93
1099.72
1099.73
1099.73
1026.34
924.489
1028.22
883.441
1032.95
1004.21
886.819
1050.89
976.769
877.689
1090.31
1093.2
1075.4
1076.55
1077.92
1099.55
1077.93
1099.7
1077.92
1097.61
1098.85
1077.93
1077.74
1099.72
1077.93
1077.93
1099.73
1099.73
1099.73
1099.61
1077.93
1077.93
1099.72
1099.72
1099.73
1099.11
1077.93
1077.93
1077.93
1077.84
790.973
1099.73
1077.93
837.587
1077.91
1098.2
1099.64
1077.9
1099.72
1099.73
1099.73
1077.92
1076.32
1099.72
867.045
1099.73
1099.73
1077.93
798.285
1099.72
1052.42
959.948
1099.73
1099.73
1077.93
1099.72
1077.84
1099.73
986.08
1013.41
1033.9
963.34
900.028
1003.24
927.676
1079.63
883.894
1084.78
1045.98
1099.49
1084.67
1099.49
917.262
1084.36
1084.79
1099.49
1084.76
1082.15
1099.49
1097.84
1098.97
1084.77
1084.78
1084.79
1099.49
1043.72
1084.76
1099.49
1099.48
1099.49
1084.72
1099.43
1084.79
1099.48
1084.8
1099.38
968.186
1077.93
1099.72
1000.32
1071.63
1099.49
919.288
1033.9
1070.34
1078.01
931.398
1059.27
1089.77
1050.16
1071.57
861.757
1086.91
1081.89
1094.99
1077.2
884.821
1099.73
1077.93
1077.93
1099.72
1099.49
1084.79
1098.12
1096.98
1077.91
1077.93
1099.72
1077.93
1099.72
1099.73
1077.92
1099.16
1084.77
1084.78
1084.56
1099.71
1077.92
1099.49
1099.73
1077.93
1077.93
1077.92
1099.73
1077.93
1099.3
1077.93
1077.88
1099.66
1077.92
1099.73
1099.49
1098.95
1099.68
1084.78
1081.93
1099.73
1099.49
1099.73
1077.9
1099.72
1096.79
1099.72
1099.72
1077.31
1077.92
1099.54
1099.73
1077.92
1077.93
824.116
1099.73
1099.72
1077.91
1084.78
1099.49
1099.49
1084.62
1006.46
1037.87
1003.03
1047.46
1052.4
1025.31
1013.74
1094.21
1094.62
1099.12
1099.05
1099.49
1084.77
1084.77
1099.49
1075.75
1083.76
1099.05
1086.08
1099.06
1098.09
1089.24
1089.75
1099.49
1089.76
1084.78
1084.71
1089.72
1099.4
1089.69
1084.71
1099.45
1061.06
1021.23
962.16
1099.21
1083.96
1099.38
1084.73
1099.49
1099.49
1084.75
942.625
1099.49
1084.79
1099.49
1084.72
1099.49
1099.49
1099.49
1083.61
1072.15
1062.68
1075.96
1046.95
1074.57
928.716
1082.67
907.139
919.249
1083.22
1089.94
880.143
1093.44
894.039
1098.04
897.547
1095.63
1099.49
1084.78
1099.29
1084.75
1084.76
1099.49
1097.23
1084.7
1099.49
1099.47
1084.8
1099.46
1084.77
1084.74
1099.46
1099.47
1084.72
1084.78
1099.49
1099.49
1084.79
1084.77
1098.33
1098.7
1099.49
1084.78
1084.77
1084.67
1084.73
1084.79
1099.49
1084.77
1099.49
1084.77
1084.77
1084.73
1099.47
1099.49
1084.65
1099.49
1099.48
1084.72
1084.7
1099.57
1084.75
971.312
1089.73
1084.79
1025.61
1099.48
1060.95
1099.49
1084.33
1099.49
1099.49
1040.54
987.828
1050.81
1041.73
945.193
1035.63
951.302
1088.28
976.487
1028.52
1089.72
1099.03
1099.08
1099.06
1089.71
1099.05
1089.64
1089.7
1094.76
1089.55
1069.85
1099.08
1098.7
1089.63
1093.35
1089.68
1089.68
1089.55
1099.06
1099.07
1089.66
1099.02
1089.55
1099.09
1089.82
1098.81
1089.58
1099.12
1089.73
1099.01
1099.02
1079.43
1068.36
1082.85
1099.07
1089.71
1099.09
1099.06
1082.76
1062.66
1059.5
1057.34
982.164
1058.05
1070.44
1089.86
959.477
962.453
1080.59
1088.82
954.277
1091.96
1096.69
1087.97
1086.41
1098.75
1090.13
1089.44
1089.66
1096.5
992.902
1095.91
1097.56
1089.71
1089.72
1098.47
1089.65
1099.49
1099.05
1099.5
1099.52
1084.78
1099.05
1099.49
1089.68
1084.77
1084.78
1099.49
1084.76
1089.76
1099.49
1084.73
1084.76
1084.75
1099.46
1089.76
1084.74
1089.8
1084.67
1099.05
1099.45
1089.7
1099.49
1087.97
1099.06
1099.49
1089.44
1099.31
1084.75
1099.49
1059.1
1099.48
1084.68
1099.05
1098.99
1099.05
1099.06
1089
1063.17
1033.61
1004.14
1063.47
956.873
1056.68
1089.58
1089.54
1092.3
1098.71
1098.98
1099.06
1099.05
995.524
1096.46
1079.44
1026.41
1090.4
1093.29
1082.67
1093.03
1098.33
1091.28
1093.34
1098.28
1099.09
1098.32
1058.29
1096.6
1098.34
1093.18
1086.31
1093.42
1089.71
1089.71
1099.05
1099.06
1089.76
1099.09
1089.4
1099.06
1099.06
1089.55
1099.05
1093.37
1073.57
1072.6
1098.48
1093.61
1034.42
990.778
1072.84
1089.85
1065.31
954.782
1083.89
950.421
1081.4
962.741
1091.86
1098.38
1092.73
1010.6
1089.56
1096.84
1093.27
1097.32
1093.22
1099.09
1089.68
1089.74
1089.61
1093.14
1089.52
1099.05
1089.75
1099.06
1099.05
1098.31
1098.79
1099.05
1098.83
1089.58
1099.22
1089.64
1099.06
1089.66
1089.68
1089.67
1089.62
1099.06
1099
1098.85
1089.64
1089.62
1089.74
1099.05
1099.08
1089.71
1093.28
1089.49
1099.07
1089.67
1099.08
1098.9
1089.69
1089.63
1044.98
1089.74
1099.05
1098.34
1092.29
1099.06
1099.08
1099.06
1089.49
1077.48
1048.19
1093.25
1098.32
1098.4
1098.34
1093.19
1098.34
1098.65
1098.3
1093.01
1093.13
997.904
1002.34
1094.66
1049.02
1095.7
1098.43
1098.42
1094.78
1093.14
1095.83
1093.33
1098.29
1093.28
1093.35
1098.39
1093.14
1098.32
1093.19
1093.12
1098.32
1098.34
1093.44
1098.33
1098.33
1043.73
1097.74
1094.12
1097.24
1097.2
1095.58
1097.81
1098.35
1095.78
1093.35
1092.96
1098
1098.32
1098.03
1082.78
997.161
1086.42
1094.08
1076.71
1070.13
1091.32
1015.81
1097.72
1087.99
1082.32
1093.06
1092.91
1093.17
1037.64
1094.21
1092.49
1095.61
1068.97
1098.89
1076.78
1099.03
1098.36
1095.68
1093.18
1098.35
1098.39
1093.24
1093.35
1093.01
1093.51
1098.29
1093.09
1093.16
1098.32
1099.09
1089.65
1089.62
1099.06
1098.36
1098.98
1093.25
1089.7
1093.26
1092.88
1089.55
1099.07
1098.06
1098.34
1089.66
1093.22
1089.45
1099.06
1093.29
1093.17
1098.32
1098.33
1098.36
1093.01
1086.73
1093.33
1015.57
1073.71
1073.07
1098.35
1093.06
1093.17
1093.12
1098.34
1082.26
1088
1093.59
1089.54
1049.93
1093.65
1061.48
1095.95
1065.34
1048.97
1095.11
1063.67
1086.65
1089.8
1098.18
1095.31
1095.46
1098.35
1095.74
1097.13
1092.17
1097.21
1095.78
1098.41
1095.81
1097.2
1095.19
1098.44
1095.68
1097.5
1097.42
1095.59
1095.77
1097.28
1097.12
1092.84
1095.7
1095.84
1097.18
1095.56
1097.23
1095.98
1093.2
1098.21
1093.44
1097.81
1073.75
998.912
1097.15
1007.49
1085.26
1098.03
1095.59
1059.33
1092.32
1097.27
1098.43
1093.01
1098.2
1098.32
1098.27
1098.04
1098.33
1093.16
1093.21
1093.16
1093.42
1098.44
1098.33
1098.35
1093.19
1093.18
1098.35
1093.09
1093.12
1098.34
1092.95
1093.35
1098.42
1093.25
1093.16
1098.37
1098.42
1093.24
1098.26
1093.8
1098.34
1095.78
1097.6
1097.3
1082.64
1023.13
1027.65
1096.07
1078.89
1086.64
1097.28
1095.64
1095.6
1097.23
1095.63
1095.5
1095.41
1095.55
1097.33
1030.68
1095.64
1095.69
1097.2
1095.85
1097.25
1095.56
1097.23
1095.73
1095.63
1095.48
1097.24
1097.23
1097.28
1095.47
1095.66
1057.89
1091.55
1074.22
1070.5
1097.21
1095.58
1097.11
1098.35
1097.2
1098.39
1097.2
1097.21
1093.17
1092.91
1098.34
1095.59
1097.52
1088.97
1054.25
1097.52
1092.85
1033.95
1095.04
1037.83
1042.7
1096.17
1069.61
1096.7
1056.12
1096.95
1083.05
1098.29
1076.7
1082.19
1089.89
1097.29
1097.36
1095.38
1097.39
1097.37
1097.28
1096.33
1097.39
1095.53
1097.31
1098.44
1096.02
1097.04
1095.22
1096.87
1097.38
1097.25
1097.33
1095.71
1097.43
1095.58
1097.43
1095.62
1095.97
1095.56
1095.49
1097.28
1097.28
1095.59
1097.19
1097.26
1095.59
1095.67
1097.46
1097.17
1095.56
1097.2
1095.55
1095.6
1095.54
1095.63
1097.22
1097.1
1095.35
1095.58
1097.25
1097.38
1095.49
1097.23
1095.68
1097.24
1097.26
1097.24
1097.23
1097.28
1095.61
1097.35
1095.5
1095.45
1095.4
1097.26
