815.125
845.733
926.25
637.7
1083.53
1083.52
998.196
814.112
810.976
805.691
798.246
788.627
776.843
762.928
746.946
728.854
708.627
687.435
662.312
662.331
689.201
694.867
746.437
735.067
764.802
730.55
754.687
749.983
769.219
754.662
766.817
743.003
751.617
741.527
768.238
753.525
755.451
752.653
723.874
730.146
730.526
762.95
741.783
754.354
689.287
675.712
664.615
746.352
744.174
726.426
633.238
468.277
460.501
517.915
428.884
457.625
459.076
628.837
956.199
1007.64
1026.24
1032.28
1034.43
1035.21
1035.5
1035.61
1035.65
1035.67
1035.67
1035.67
1035.68
1035.68
1035.67
1035.67
1035.67
1035.67
1035.67
1035.67
1035.67
1035.67
1035.67
1035.67
1035.67
1035.68
1035.68
1035.67
1035.67
1035.67
1035.67
1035.67
1035.67
1035.67
1035.67
1035.66
1035.65
1035.63
1035.6
1035.55
1035.46
1035.33
1035.12
1034.81
1034.33
1033.63
1032.63
1031.21
1029.25
1026.6
1023.09
1018.54
1012.75
1005.57
996.867
986.617
974.918
962.142
949.286
936.462
931.608
930.973
919.382
877.816
873.377
861.869
856.582
852.781
850.034
848.104
846.783
846.003
885.307
924.71
956.466
984.742
1008.52
1028.15
1044.16
1056.98
1067.06
1074.84
1080.74
1085.13
1088.34
1090.64
1092.25
1093.36
1094.11
1094.61
1094.94
1095.14
1095.27
1095.35
1095.4
1095.43
1095.44
1095.46
1095.46
1095.47
1095.47
1095.47
1095.47
1095.47
1095.47
1095.47
1095.47
1095.47
1095.47
1095.47
1095.47
1095.47
1095.47
1095.47
1095.47
1095.47
1095.47
1095.46
1095.46
1095.46
1095.46
1095.47
1095.47
1095.47
1095.47
1095.47
1095.46
1095.46
1095.45
1095.44
1095.41
1095.38
1095.32
1095.24
1095.12
1094.95
1094.71
1094.39
1093.96
1093.39
1092.68
1091.8
1090.73
1089.46
1087.97
1086.26
1084.33
1082.2
1079.93
1077.53
1075.03
1072.46
1069.82
1067.12
1064.35
1061.48
1058.44
1055.13
1051.38
1046.99
1041.68
1035.13
1026.96
1016.73
1004.02
988.368
969.371
946.537
919.543
889.469
852.153
773.132
779.859
722.764
1095.2
1084.91
1093.1
1056.88
790.753
1021.68
1095.2
1095.2
789.184
1094.3
1039.29
1045.88
1044.5
1059.23
1022.32
1044.84
1095.03
1014.86
1045.88
1092.76
1045.88
1045.88
1095.18
809.503
900.258
984.635
786.309
772.519
1044.68
1045.81
772.145
1095.08
1095.19
1095.19
1095.16
1095.2
1045.87
1095.19
1045.88
1045.85
1045.66
1086.68
1070.33
1080.46
1045.88
1095.2
982.931
944.819
933.635
832.497
886.595
733.828
758.14
1095.2
1045.88
790.376
632.849
1094.35
1045.88
1095.2
739.267
1090.93
955.561
885.161
941.954
887.48
840.563
846.488
686.302
924.423
732.382
750.242
1005.9
986.63
1008.49
1094.79
1045.88
1045.8
1075.55
1045.31
1064.9
1042.76
1052.91
1032.97
1033.1
1095.13
1045.88
1045.88
1095.19
1093.92
1045.88
1045.88
649.488
1089.73
1084.82
1045.87
786.836
902.04
780.255
1090.39
800.312
1095.2
797.222
1028.12
1074.67
727.799
1094.67
761.964
1095.2
1095.2
1095.2
791.229
1095.2
1037.01
1095.19
1095.17
1094.87
1095.2
1045.43
763.982
891.271
908.364
777.44
941.921
850.373
713.864
820.726
1093.85
1094.38
827.087
1038.66
1094.37
1054.99
1094.37
1093
830.256
1056.01
799.636
818.835
1094.37
1094.33
1056
1082.57
936.757
984.671
789.136
808.968
867.747
824.332
741.681
969.332
956.193
917.729
995.222
967.654
1008.55
761.048
713.304
1014.9
1002.21
1044.1
1036.57
1039.59
1056.2
1043.79
1067.63
1045.53
1078.05
1045.83
1062.11
1094.58
1041.3
1045.75
1044.99
1072.97
1049.19
1045.88
1028.28
1045.88
1025
1093.41
1045.86
1082.73
1045.88
1088.31
1094.93
1095.2
1045.88
1045.88
1095.16
1045.88
1045.88
1095.2
1095.21
1045.88
1045.88
1095.19
617.134
720.455
1095.09
1045.88
790.25
1045.88
830.276
1091.94
791.02
1095.19
1045.86
685.293
969.67
1080.54
1088.1
1092
1066.93
1095.2
1093.85
734.063
1095.2
784.442
1095.2
1095
780.168
1095.2
1095.2
754.483
793.039
1095.19
1095.19
766.813
1042.66
1095.13
1095.2
1045.71
811.87
1094.37
894.961
822.213
794.555
923.262
888.595
736.574
885.529
954.354
957.603
876.64
883.338
1084.24
1092.31
1056.64
772.093
1094.38
1023.5
996.805
922.746
1061
1049.47
1046.32
1053.83
1092.97
1055.64
1033.32
1093.96
1056.01
1056
1094.32
1089.56
1056
809.674
1055.93
1094.37
1056
1094.38
1055.95
1072.28
1056.01
1094.35
1094.37
985.19
859.766
929.813
962.576
895.889
1002.34
813.596
1028.13
1093.43
1056.01
1055.99
1056.01
829.851
831.444
822.354
1094.37
1055.6
1049.28
1094.35
1094.26
1094.38
942.357
788.444
913.088
764.194
956.259
925.571
803.745
973.54
843.06
815.837
1009.22
1019.14
1031.36
1037.63
1054.58
1063.84
1055.78
1075.01
1055.96
1042.63
1052.46
1056
1049.16
1084.65
1056.01
1056.01
1094.34
1091.67
1092.42
1066.69
1055.87
1056
1080.23
1094.35
1094.21
1055.34
1056.01
1055.08
1056
1051.25
828.953
1094.36
960.801
827.389
794.624
1074.17
1089.63
776.275
1094.06
1094.37
1094.38
787.11
807.081
1094.37
828.407
1094.38
1094.37
1020.09
828.551
1093.54
822.739
821.716
1094.38
1094.36
1053.37
1094.31
809.123
1094.37
856.648
932.799
948.369
827.116
765.439
924.672
836.454
1029.56
862.784
996.188
861.599
1092.15
911.251
1092.98
863.467
1053.98
1046.59
1092.97
1063.35
987.766
1090.6
1041.12
1049.77
1061.89
1063.77
1064.16
1092.87
964.739
854.489
1092.84
1092.92
1092.97
1064.02
1062.57
1064.15
1074.62
1064.17
1092.36
833.467
1056
1086.52
863.723
859.838
1092.97
787.631
957.135
1013.86
981.37
823.571
988.787
1044
939.854
1008.87
822.081
999.841
1038.04
1027.03
1042.55
865.154
1093.74
1056.01
1056
1088.16
1089.62
1064.16
1046.24
1038.41
1055.99
1056
1094.33
1056.01
1094.37
1094.28
1056
1052.81
1063.91
1062.67
1056.96
1077.69
1055.98
1092.94
1094.11
1056.01
1056.01
877.169
1094.37
1056.01
1058.18
1055.42
1052.76
1069.52
1055.91
1090.73
1092.46
1079.95
1091.22
1054.83
859.585
1094.37
1092.97
1094.38
770.505
1094.18
1066.56
1093.05
1094.39
807.795
1055.98
1087.38
1094.38
776.414
993.03
828.816
1094.37
1094.36
1055.83
1059.73
1092.95
1092.98
858.765
927.521
960.476
869.298
967.885
973.407
905.707
883.806
1056.33
1027.73
1083.08
1090.94
1092.29
1064.14
1064.14
1082.92
975.126
1034.24
1090.16
901.991
1086.75
1034.03
1060.59
1071.33
1092.97
1062.51
1064.15
1064.06
1068.94
1088.34
1070.84
1064.01
1092.74
989.15
892.606
850.448
1091.6
1049.99
1059.32
1064
1092.95
1092.95
969.421
863.271
1092.97
1034.53
1092.96
1063.76
1092.65
1092.97
1092.95
859.229
1009.24
991.032
1019.02
931.875
972.622
806.866
1028.19
853.826
846.792
1044.76
1009.41
864.861
1022.92
859.022
1073.38
864.515
1031.72
1091.36
1064.15
1055.95
1063.97
1064.12
1092.71
1038.22
1064.05
1092.82
1092.84
1064.17
1092.81
1064.13
1064.09
1065.53
1071.27
1064.04
1064.13
1088.38
1086.86
1064.16
1064.14
1043.97
1046.86
1092.91
1063.19
1063.53
1059.16
1060.75
1064.16
1077.76
1064.13
1092.98
1062.27
851.447
856.986
1090.96
1092.99
886.796
1092.93
1092.9
857.287
939.625
1093.46
1064.08
863.421
1066.35
1017.95
862.877
1091.68
860.281
1092.77
858.998
1092.98
1092.97
962.41
852.499
971.242
921.205
811.725
958.683
890.236
1008.69
898.054
898.146
1035.79
1090.74
1091.03
1090.96
911.808
1082.84
1070.62
1071.25
1022.7
1001.4
899.578
1091.06
1040.65
1071
1072.63
1071.22
1071.21
1071.01
1090.92
1090.72
908.261
1090.81
1070.97
1091.08
1071.42
1089.95
1071.01
1052.7
1071.29
1061.75
1090.78
1022.67
960.494
1028.02
1088.16
1071.27
1091.07
1090.95
900.527
990.513
988.148
942.701
855.466
987.247
1006.23
1043.86
876.7
865.199
986.858
1056.37
895.989
1016.98
1066.02
1050.76
1043.47
1078.95
1013.1
1063.71
1067.72
1035.17
898.269
1025.37
1031
1070.26
1069.73
1037.47
1070.94
1080.5
1090.85
1092.55
1093.15
1064.14
1084.99
1092.96
1070.58
1064.14
1064.14
1091.91
1064.13
1056.53
1085.04
1064.09
1064.12
1064.11
1068.04
1071.34
1064.08
1071.4
868.669
1090.45
1089.89
1068.69
1092.98
903.684
1090.95
1092.97
980.891
1086.14
851.465
1092.97
899.19
1092.92
1063.89
1089.72
1090.6
1090.64
1090.96
905.638
954.194
908.144
875.206
991.423
832.709
986.21
932.42
1047.49
1061.5
1081.44
1086.51
1090.98
1077.51
889.958
1065.18
991.489
928.093
1003.6
1074.7
934.342
1036.64
1087.87
940.724
1077.22
1088.09
1089.85
1088.32
945.569
1014.5
1080.85
1076.54
1003.27
1019.94
1071.25
1071.26
1090.93
1090.94
1071.33
1090.59
961.456
1090.96
1090.97
1070.79
1090.93
1069.6
1009.33
1009.23
1088.81
1077.68
912.469
874.279
1008.51
1043.41
959.675
884.718
996.141
893.68
1024.8
897.169
1016.8
1077.53
1065.93
898.051
1066
1028.13
1075.5
1018.23
1075.98
1089.18
1071.21
1071.31
1071.11
1076.63
1070.97
1066.78
1071.31
1090.8
1090.91
1077.64
1089.9
1080.35
1043.29
1070.97
1091.63
1071.14
1090.91
1071.19
1071.21
1071.21
1071.12
1074.37
1050.82
1052.56
1071.16
1071.09
1071.3
1090.75
1091.04
916.104
1074.45
907.259
1091
1069.98
1091.07
1090.27
909.312
1019.92
898.435
1047.77
1089.05
1087.62
943.312
1090.96
1091.05
1090.95
1070.82
899.609
928.748
962.29
1088.3
1088.56
1088.39
1076.96
1088.38
1089.4
1069.94
1076.63
1076.5
911.209
921.853
1065.42
929.465
1079.23
1088.66
1085.3
975.598
1076.82
1077.87
1077.21
1045.01
1077.12
1077.25
1088.03
1076.88
1088.31
1076.96
1076.85
1088.28
1088.29
1077.39
1088.05
1088.34
929.084
1075.64
991.59
1084.55
1071.87
1081.07
1022.58
1032.56
1079.39
954.453
947.655
1087.28
1088.32
1087.39
1027.32
902.088
1037.35
1055.7
986.714
971.137
1055.4
926.413
1072.26
1001.31
995.331
1071.54
1069.11
1073.34
928.962
1008.3
1005.9
1011.43
930.578
1084.38
932.274
1088.04
1086.63
1080.03
1076.29
1087.25
1083.46
1077.06
1077.25
1076.65
1077.52
1073.98
1076.65
1076.91
1065.89
1090.33
1071.17
1071.13
1070.86
1088.14
1052.13
1077.07
1071.22
1077.08
1022.7
938.288
1091.02
1087.47
1088.37
922.604
1075.55
944.857
1090.96
1058.04
1048.54
1088.14
1088.35
1088.45
1076.49
935.944
1064.81
894.705
1009.37
1009.19
1088.42
986.473
1076.93
1076.83
1088.38
1025.8
1039.37
1058.94
1042.34
942.701
1054.45
967.837
1063.71
972.029
952.206
1070.02
956.007
983.236
985.527
1082.11
1073.35
1075.87
1085.68
1071.3
1066.34
967.845
1084.92
1081.9
1088.61
1081.96
1085.05
977.761
1086.55
1081.69
1085.92
1083.38
1081.52
1081.88
1085.37
1054.2
1008.84
1080.26
1082.04
1085.13
1081.23
1085.24
1082.33
1076.97
1030.87
1077.36
1024.79
980.123
917.365
1070.59
924.424
998.59
1079.36
1077.79
929.432
988.548
1084.23
1087.83
1076.66
1039.37
1088.31
1088.14
1025.94
1088.3
1076.91
1076.99
1076.92
1077.36
1088.7
1051.15
1061.59
1076.94
1076.94
1088.25
1076.79
1076.74
1088.37
1076.48
952.356
1088.64
956.783
1076.17
1088.47
1088.65
969.411
1088.13
971.778
1088.39
1075.18
1086.21
1076.43
1026.6
910.902
923.771
1082.53
979.956
962.122
1082.77
1080.53
1080.85
1084.79
1065.62
1058.14
995.262
1081.18
1084.64
933.633
1001.09
1081.73
1048.76
992.893
1085.3
1081.46
1085.25
1081.8
1080.77
1081.27
1085.26
1085.25
1085.36
1081.17
1081.65
961.833
1050.36
977.675
956.969
1081.32
983.165
1060.37
1056.76
1085.12
1088.53
1085.16
1085.01
977.384
996.498
1088.38
1081.07
1085.99
1041.01
953.573
1086.01
1052.64
941.103
1061.63
946.275
949.678
1068.31
975.14
1073.16
954.266
1076.7
981.748
1084.2
957.86
959.598
964.823
1083.67
1079.68
1049.25
1081.89
1085.61
1010.35
1000.12
1085.67
1081.24
1085.45
1087.35
1082.32
1006.53
1080.78
1004.74
1084.2
1023.67
1085.51
1081.77
1022.11
1081.5
1085.75
1081.58
1082.31
1081.46
1081.31
1085.38
1084.87
1081.52
1085.14
1085.04
1081.51
1081.67
1085.84
1085.05
1081.45
1085.09
1081.43
1016.21
1081.41
1008.48
1085.23
1079.34
1039.97
1081.41
1085.31
1085.62
1023.29
1085.25
995.249
1085.26
1030.01
1042.96
1085.12
1085.37
1081.56
1085.56
1081.32
1081.18
1031.26
1036.63
