725.211
790.117
844.086
574.721
1067.64
997.319
932.134
724.228
721.334
716.545
709.889
701.401
691.12
679.115
665.449
650.143
633.513
615.033
595.606
596.834
614.251
637.963
641.246
665.554
668.917
694.071
694.964
707.462
707.498
719.002
717.982
729.452
726.926
733.799
726.999
733.563
733.381
734.112
740.995
736.764
739.809
731.179
740.743
732.869
746.866
739.406
746.434
730.552
739.412
737.55
737.473
750.244
742.236
743.733
725.893
740.571
726.549
751.826
741.803
749.597
714.569
725.628
718.071
717.666
750.507
740.07
725.981
669.728
677.042
658.447
735.353
737.643
691.507
512.843
452.711
457.291
514.891
426.843
454.842
477.687
854.447
971.327
1001
1011.14
1014.7
1015.99
1016.46
1016.63
1016.68
1016.67
1016.64
1016.57
1016.47
1016.32
1016.12
1015.83
1015.44
1014.91
1014.19
1013.23
1011.98
1010.35
1008.26
1005.6
1002.28
998.153
993.101
986.981
979.657
970.992
960.867
949.187
935.913
921.087
904.897
887.846
870.527
855.453
846.758
822.559
813.63
805.172
798.535
797.006
794.186
792.798
791.721
790.958
790.466
790.194
829.16
863.802
896.159
924.625
950.11
972.436
991.832
1008.52
1022.73
1034.71
1044.71
1052.97
1059.73
1065.19
1069.57
1073.04
1075.76
1077.86
1079.48
1080.7
1081.62
1082.3
1082.8
1083.16
1083.42
1083.61
1083.74
1083.83
1083.89
1083.93
1083.95
1083.97
1083.98
1083.98
1083.97
1083.95
1083.93
1083.88
1083.81
1083.7
1083.55
1083.34
1083.04
1082.65
1082.14
1081.47
1080.63
1079.6
1078.4
1077.02
1075.42
1073.6
1071.55
1069.32
1066.92
1064.39
1061.74
1059
1056.18
1053.32
1050.42
1047.5
1044.58
1041.65
1038.73
1035.83
1032.95
1030.09
1027.26
1024.47
1021.72
1019.01
1016.34
1013.69
1011.07
1008.47
1005.89
1003.31
1000.69
997.973
995.11
992.024
988.628
984.809
980.44
975.368
969.422
962.413
954.134
944.371
932.907
919.523
904.017
886.215
865.95
843.06
817.778
789.245
759.099
779.505
769.783
778.995
1083.58
1052.67
1072.67
1008.33
756.499
769.182
1083.52
1082.47
715.215
1036.38
1003.61
1022.41
1019.06
982.926
970.695
960.661
1048.06
917.946
1027.44
1027.78
849.776
606.687
1059.54
721.524
834.363
924.369
770.301
770.053
771.455
754.077
772.925
1081.91
1083.34
1079.69
1082.77
1083.53
757.986
1077.18
1027.53
1027.08
1025.11
1014.16
995.979
1006.36
730.474
1073.94
913.042
841.522
845.256
741.648
829.171
658.455
677.722
1069.77
722.754
737.084
770.495
1077.48
1027.65
1083.38
773.167
1022.21
876.526
828.927
854.188
787.447
748.825
754.119
619.93
863.361
684.092
695.69
945.133
884.709
949.945
1042.21
987.03
1026.38
1001.26
1022.86
990.084
1012.97
973.547
989.891
942.701
1053.88
714.506
649.874
1064.9
1033.49
1025.75
1027.64
776.957
1019.49
1011.55
1027.43
746.503
765.122
768.882
1064.85
756.136
1083.57
761.046
972.296
1034.46
781.107
1079.1
776.689
1083.57
1083.25
1083.07
768.211
1082.01
780.685
1081.41
1083.03
1080.32
1083.43
759.179
774.909
830.927
837.529
694.03
858.492
757.575
639.972
804.067
1077.94
1082.38
792.17
807.824
1080.67
809.651
1081.86
1029.34
773.936
1033.09
809.707
805.547
1082.15
1081.59
1037.14
1007.63
866.791
923.98
698.557
719.126
769.83
800.098
662.218
895.09
895.734
816.137
929.849
864.432
949.633
712.159
640.595
958.741
902.48
991.675
997.367
952.421
978.587
1016.36
993.142
1024.13
1003.81
1026.78
986.715
1039.29
1008.76
1025.84
1021.19
998.664
967.635
1013.32
981.042
1026.98
931.282
1030.62
1027.28
1008.94
1027.6
1016.81
1045.14
1075.68
742.876
919.937
1056.74
643.927
697.012
1067.4
1071.97
719.556
602.328
1062.27
772.303
782.293
1050.98
770.091
750.305
1027.6
777.236
1024.98
728.475
1078.53
759.722
775.581
766.228
1044.43
1059.4
1069.21
1022.51
1083.58
1075.38
778.711
1083.55
770.304
1083.56
1081.23
770.672
1083.46
1082.82
772.285
762.929
1083.21
1080.65
776.238
776.987
1082.41
1083.49
750.538
805.444
1079.99
832.328
732.583
708.652
839.521
829.95
659.984
828.885
875.266
877.116
777.715
783.713
1051.74
1071.57
1007.85
810.832
1082.34
966.329
897.877
812.06
987.27
973.051
1006.23
1025.71
1077.43
1033.67
947.303
1038.06
988.004
1037.22
1049.88
1018.16
764.073
810.755
795.39
1076.71
801.246
1073.46
1036.36
997.638
789.401
1069.2
1061.48
923.819
838.466
864.729
859.959
796.77
936.002
731.528
971.981
1032.23
1026.57
822.162
759.997
780.918
810.279
805.85
1082.24
805.524
807.708
1081.84
1080.74
1081.19
868.873
701.883
811.983
683.564
895.35
863.225
716.362
898.448
748.321
748.327
913.222
926.422
978.73
989.424
1028.48
990.036
1034.66
1000.08
1036.66
962.295
977.3
1037.21
1012.64
1010.2
1036.7
1035.68
1052.84
1023.68
1026.49
992.661
1035.41
1037.04
1005.07
1066.71
1043.96
981.004
777.415
1030.66
914.611
1017.92
786.262
1055.78
812.612
767.016
811.512
1033.73
1063.81
812.821
1079.15
1082.36
1082.28
808.101
806.882
1079.11
797.547
1082.38
1082.06
809.328
794.938
1076.34
806.013
801.82
1082.39
1082.02
810.359
1081.23
810.277
1081.58
760.104
865.6
872.237
734.614
683.18
863.131
761.081
972.684
804.044
846.456
834.621
1074.43
846.648
1080.39
824.257
1014.24
849.126
1079.45
846.896
890.189
1017.75
968.037
977.638
1034.3
1042.46
1043.27
1038.26
896.793
843.359
1078.76
1080.11
1079.68
1045.15
987.954
1046.02
996.516
843.696
1057.91
743.157
1037.25
1012.81
831.865
837.301
1078.3
705.812
895.479
952.08
880.14
745.196
917.991
991.304
837.098
949.35
758.586
905.361
985.691
937.708
998.543
816.008
1035.14
1011.68
1037.26
1015.47
1014.94
1045
968.107
955.427
784.121
757.276
1071.37
799.249
1064.15
1046.92
867.458
980.323
1043.47
1037.14
1020.85
1002.55
1036.87
1044.57
1041.01
954.203
766.193
810.452
1058.67
1037.08
984.295
1032.36
1022.23
995.201
1035.95
1020.9
1076
1043.59
1068.14
848.56
839.194
1082.19
1076.3
1082.37
812.509
1080.06
1021.93
1074.26
1075.19
808.162
797.524
1058.41
1082.33
809.611
812.711
797.159
1082.3
1077.97
798.783
847.675
1079.86
1080.41
841.2
864.007
896.391
773.757
897.615
899.346
805.416
786.259
1007.21
946.801
1050.19
1072.32
1026.5
1021.29
1046.1
1004.38
879.403
977.519
1071.77
867.705
1001.95
964.679
1021.1
1052.09
1080.19
885.151
848.978
928.67
1041.71
1062.07
1050.01
845.744
1069.88
922.762
796.123
765.035
1077.81
1006.3
985.489
1044.75
1054.22
1047.83
846.419
827.442
1079.79
848.38
1074.89
846.53
1077.2
1080.35
1080.24
839.699
948.927
920.923
957.594
830.04
872.564
726.988
971.541
785.532
773.679
996.84
918.381
810.583
938.869
795.653
1032.65
820.189
953.511
1020.68
1039.48
982.86
1044.21
1046.11
1032.35
963.948
901.817
1035.3
1064.12
845.952
1056.61
861.526
957.199
990.024
993.796
1045.45
1045.9
1012.2
1009.53
1045.72
1005.15
971.606
974.791
1041.37
1039.37
1041.1
1026.29
1030.72
841.482
999.272
1046.07
1080.36
846.9
843.913
844.051
1069.73
1080.42
845.74
1079.31
1079.95
842.509
846.718
1070.97
846.192
830.155
885.645
847.35
833.383
1072.38
835.897
1078.09
840.466
1080.39
1078.97
896.585
759.384
898.639
820.705
725.115
895.972
821.04
927.438
848.036
857.371
881.99
1075.91
1077.72
1075.92
874.05
996.378
887.162
924.544
951.614
879.159
863.908
1077.72
969.732
1051.74
919.188
1040.65
1053.74
988.724
1032.01
1019.31
872.489
1077.22
890.322
1063.68
897.739
1046.45
1052.64
978.78
1053.7
981.254
1042.17
961.503
862.099
970.673
1005.09
1049.99
1077.25
1073.87
866.384
922.565
923.311
842.605
764.596
923.796
940.351
990.759
797.812
782.402
894.455
1012.87
837.193
929.493
1021.12
1002.97
991.24
1042.26
935.14
1027.88
1038.01
959.183
851.84
955.478
961.917
1046.87
1044.61
967.431
1051
1001.86
1025.14
1029.47
1068.03
846.663
999.076
1051.07
1048.62
1046
842.467
1023.64
1032.48
884.226
1006.94
879.092
983.38
1046.09
991.571
1053.14
1045.7
900.942
844.588
1073.31
1066.35
885.915
1080.3
869.038
1070.45
1080.31
877.482
1056.74
843.741
1080.03
862.07
1073.05
845.902
1069.79
1076.23
1074.48
1077.6
870.516
852.602
809.425
781.332
922.171
745.684
923.92
876.009
995.621
1018.48
1048.1
1059.7
1077.26
991.646
802.942
1019.94
913.781
872.042
936.734
1048.1
889.527
908.913
1069.97
894.646
1059.51
1072.42
1011.12
1064.8
849.299
949.228
982.626
1056.42
918.382
947.117
1053.71
913.187
1035.65
1055.49
895.005
1016.78
876.332
1076.53
1068.2
887.733
1077.46
917.879
945.764
947.916
1074.16
948.974
816.766
784.632
943.098
989.735
866.231
810.387
907.445
829.815
964.167
843.012
941.675
1040.45
1026.98
854.815
1033.44
958.888
1051.01
952.06
1053.25
1008.25
1046.29
1053.57
954.276
1057.4
970.697
984.566
905.577
1022.13
1039.27
979.491
1039.79
993.959
971.176
1052.22
1062.17
892.343
1028.6
938.435
1053.68
1032.32
1006.16
989.46
975.937
974.294
1053.7
1053.01
1053.61
1075.34
1077.64
875.04
920.027
871.723
1077.67
886.306
1077.77
1076.36
873.027
880.545
859.735
883.043
1067.23
1068.51
896.094
1075.07
1065.87
1077.55
888.531
865.05
830.611
902.224
1073.91
1074.43
1071.16
1056.06
1074.19
1053.65
974.766
929.865
924.108
832.431
852.988
1022.93
879.477
1053.31
1074.49
989.519
919.242
1059.19
947.849
1060.38
964.358
1060.3
959.403
999.856
1060.16
1023.6
989.586
1034.19
1015.12
1008.27
941.852
1071.11
1067.51
835.403
1038.14
931.748
1064.72
960.507
1061.68
955.042
961.323
949.327
901.253
898.566
1072.37
1038.57
1026.05
969.089
818.782
980.996
1006.16
905.078
881.322
1008
866.69
1031.19
932.568
921.139
1039.53
1033.84
1044.21
876.194
943.388
940.303
946.552
884.449
1054.49
887.069
1063.94
1064.18
1056.24
1054.99
1066.64
986.236
1058.17
1060.14
1011.94
953.898
976.933
1058.1
1052.93
973.205
1014.11
1020.87
1053.64
987.187
1002.18
976.157
1060.34
1053.37
967.596
906.135
893.082
1077.5
1072.01
1061.78
875.692
921.103
875.877
1076.96
914.224
911.619
1071.94
1074.05
1058.37
924.994
891.246
916.018
801.842
944.782
946.757
1073.54
904.213
1042.55
1060.09
1072.21
965.836
983.527
1012.05
987.932
852.123
1004.32
890.021
1017.96
898.425
887.235
1031.61
897.389
922.92
925.984
1051.72
1038.62
1044.44
1061.01
942.679
957.184
914.285
1067.21
1065.5
1074.32
1065.91
1068.56
920.071
992.607
1064.59
1070.34
973.42
1063.27
1065.98
1070.2
953.151
904.52
950.484
999.384
1053.87
956.245
1049.18
981.78
1059.65
958.674
1060.31
952.14
894.354
843.523
1029.08
860.376
927.401
1045.58
1049.31
881.788
929.076
1062.92
997.865
1023.4
961.449
1019.43
1025.55
957.23
1011.65
1048.54
977.84
1060.14
1060.47
1044.48
967.283
971.639
934.84
1060.23
1005.17
1000.74
1058.71
1074.13
926.618
900.929
1054.93
901.149
922.365
1074.32
1074.53
903.337
1073.62
916.996
1069.67
945.186
1023.68
964.313
967.475
820.376
836.682
995.731
916.002
909.285
1057.48
1058.51
1060.28
1066.15
939.379
935.896
934.512
1062.7
977.096
850.761
926.635
1065.86
952.474
926.555
1064.85
1061.51
1070.2
1006.07
951.967
964.711
1070.13
1062.12
1043.98
957.881
971.605
879.561
998.959
911.07
900.808
1053.42
922.951
954.844
969.758
1068.96
1074.02
1058.37
1068
903.949
903.985
1072.98
953.956
1070.87
985.848
866.959
1010.38
1001.85
862.856
1015.29
872.74
880.642
1026.29
905.281
1035.2
892.723
1042.46
919.877
1056.87
903.569
906.393
911.864
1060.56
967.612
932.824
970.556
1070.32
944.682
937.841
1070.59
1063.45
1069.76
995.375
1065.69
940.597
1064.13
938.401
975.37
946.349
1070.53
1065.78
947.766
1059.17
1033.14
1065.71
1066.33
1065.55
1037.56
1000.88
978.976
1055.86
994.726
981.558
1065.54
1014.09
1027
990.147
1030.22
987.019
1051.05
929.083
1065.47
927.966
1070.14
1048.45
930.782
1064.17
1068.98
1070.62
929.331
1067.97
925.748
1066.66
948.16
951.451
984.324
1070.37
1022.27
1038.68
1044.77
960.738
929.8
949.991
