677.912
759.549
789.218
544.59
1044.7
938.719
897.212
677.072
674.531
670.305
664.417
656.899
647.798
637.161
625.029
611.519
596.54
580.431
563.086
563.386
582.687
596.128
617.961
626.474
644.236
648.332
663.025
669.135
680.313
683.813
692.674
693.648
700.969
701.974
709.192
709.166
712.202
714.259
713.228
717.212
716.737
722.258
718.626
724.11
718.412
723.923
720.726
728.752
725.164
727.077
728.026
723.649
728.569
726.869
735.249
728.007
735.813
724.827
732.31
726.735
740.572
733.53
735.567
736.028
725.827
732.87
730.706
745.146
731.764
743.171
721.372
730.081
721.282
747.587
734.553
737.134
735.387
708.379
714.912
715.241
747.833
731.98
730.251
704.626
654.579
656.804
730.299
728.387
710.736
620.863
461.625
454.04
508.916
423.978
451.429
473.909
842.364
956.004
983.818
992.035
993.306
991.81
988.883
984.934
980.044
974.166
967.206
959.051
949.581
938.678
926.23
912.147
896.369
878.903
859.934
839.828
819.497
801.055
788.441
775.054
760.913
760.935
760.548
759.395
759.572
759.406
759.466
759.5
759.527
759.545
795.505
829.4
860.185
888.57
914.107
937.08
957.517
975.564
991.377
1005.12
1016.98
1027.14
1035.76
1043.02
1049.1
1054.14
1058.28
1061.65
1064.38
1066.56
1068.27
1069.6
1070.6
1071.33
1071.82
1072.09
1072.17
1072.05
1071.74
1071.23
1070.52
1069.59
1068.43
1067.05
1065.44
1063.6
1061.56
1059.33
1056.93
1054.4
1051.75
1049.01
1046.21
1043.37
1040.49
1037.59
1034.68
1031.78
1028.94
1026.16
1023.39
1020.61
1017.83
1015.07
1012.34
1009.66
1007
1004.39
1001.8
999.254
996.741
994.263
991.821
989.411
987.034
984.685
982.365
980.072
977.804
975.558
973.328
971.106
968.877
966.623
964.326
961.969
959.53
956.972
954.243
951.277
948.002
944.339
940.193
935.46
930.023
923.756
916.521
908.176
898.576
887.575
875.033
860.818
844.816
826.923
807.054
785.235
761.227
735.513
707.395
763.856
737.296
759.041
1065.68
1026.8
1053.75
975.326
720.768
769.065
1059.77
1043.91
681.221
985.056
977.076
744.755
999.147
933.832
935.339
906.646
994.668
859.431
713.903
978.157
756.216
761.37
1004.83
674.05
794.142
888.218
746.361
758.032
766.111
772.303
751.278
1069.16
1071.56
1032.31
1070.85
1070.38
763.882
1026.59
605.165
759.578
995.581
967.061
949.576
960.193
766.64
1021.1
867.407
783.863
797.862
691.867
794.505
622.168
635.273
1015.55
774.089
699.982
764.302
1061.25
707.604
1054.91
758.981
973.681
824.879
795.156
799.691
733.92
698.226
702.927
583.089
828.884
634.207
652.519
904.867
825.59
913.855
989.797
749.016
906.203
955.233
1003.75
942.672
990.143
922.173
959.131
886.11
999.68
773.587
759.396
1010.12
982.729
738.739
671.161
763.059
971.47
964.826
636.126
706.921
769.835
741.899
1042.66
728.67
1068.5
731.873
936.865
1004.84
755.604
1063.96
750.726
1063.92
1052.28
1049.55
749.693
1041.04
762.904
1038.14
1071.3
1066.13
1071.38
769.145
753.653
794.308
794.076
649.649
803.443
706.008
602.209
777.287
1062.72
1061.38
755.832
800.552
1036.97
802.769
1045.81
979.162
736.774
795.921
789.373
782.9
1069.66
1069.37
775.903
961.608
826.386
887.543
662.335
673.369
718.337
772.842
623.053
846.47
859.66
759.752
886.963
805.703
913.288
663.79
602.571
920.975
843.459
957.298
968.774
897.077
928.417
995.122
946.318
1002.74
957.77
837.784
938.545
987.412
984.16
971.109
1002.15
952.524
914.963
750.977
948.023
724.825
873.606
980.43
704.67
962.54
620.528
969.268
992.215
1023.86
766.143
746.983
1002.24
768.035
771.046
1012.81
1018.33
776.131
760.592
1007.46
763.829
760.981
997.156
767.657
715.716
718.922
763.456
975.908
689.772
1029.42
768.612
760.952
768.641
1016.67
1035.41
1048.72
991.115
1067.21
1057.88
758.738
1061.95
750.351
1069.55
1067.84
743.793
1057.41
1046.76
757.333
736.758
1071.54
1035.23
753.37
765.978
1070.14
1070.99
773.791
784.903
1034.02
794.203
683.845
662.632
795.936
794.462
619.269
794.781
826.196
826.853
725.314
730.618
1025.8
1052.57
974.703
792.988
1067.68
928.651
839.395
798.342
941.286
923.614
977.634
1004.54
1025.3
1013.44
892.594
986.133
795.075
759.746
995.831
970.248
803.039
786.393
803.302
1025.19
805.656
1019.78
940.382
952.554
803.628
1014.06
1006.09
886.911
811.797
827.534
801.725
742.539
893.426
693.303
936.333
981.463
792.311
801.247
805.514
744.145
796.554
778.639
1069.26
801.838
803.223
1069.72
1067.82
1039.93
826.161
658.202
756.052
641.802
858.969
827.917
677.912
850.611
699.296
704.142
855.271
869.336
943.409
956.413
1008.67
944.501
1008.85
954.898
901.444
910.306
928.964
758.64
986.114
963.764
783.798
793.456
998.341
974.654
976.894
947.416
995.566
810.836
959.403
1011.29
990.918
933.619
802.306
1011.81
804.509
993.346
751.112
1000.89
798.629
727.239
794.572
1004.02
1041.55
793.078
1064.86
1059.18
1054.22
792.001
785.65
1031.02
770.392
1065.05
1048.69
798.985
761.286
1060.02
780.726
775.517
1063.34
1069.81
802.897
1068.76
788.002
1042.88
709.73
826.995
825.852
687.129
641.303
828.357
713.76
934.934
761.924
829.171
806.497
1057.98
825.53
1053.62
789.434
985.386
831.772
1034.71
835.351
832.584
969.508
920.933
933.017
1012.9
1023.31
841.703
985.297
855.413
819.714
1065.55
1066.15
1066.91
990.324
944.347
889.95
952.303
839.616
998.739
694.967
753.358
965.918
800.714
810.389
1028.39
661.376
858.578
911.989
821.535
697.389
872.881
956.752
779.92
912.591
716.624
848.328
950.207
881.73
967.78
777.719
983.791
791.277
755.119
968.076
967.295
840.172
917.44
902.072
801.361
806.034
1016.79
804.502
1008.69
993.361
803.532
936.193
1021.43
1017.15
994.061
957.169
854.989
990.073
988.514
801.223
804.382
798.194
1003.48
770.681
937.695
1013.68
999.454
950.098
973.131
972.44
1060.63
1015.75
1047.57
832.386
813.21
1051.51
1022.27
1066.5
792.956
1066.54
990.417
1056.68
1022.53
786.792
805.042
1034.34
1056.79
792.238
797.438
765.555
1068.6
1027.96
801.756
833.104
1066.93
1058.75
818
827.892
857.778
722.154
854.477
852.712
750.212
733.229
973.865
894.521
1024.14
1008.99
976.323
841.5
832.795
958.861
822.973
940.115
1055.15
838.948
956.437
921.861
992.359
888.669
1044.45
862.02
839.673
840.784
1020.41
1039.7
1032.06
836.092
1011.14
882.14
743.555
718.145
1064.32
975.293
941.848
1005.72
997.437
992.539
827.726
793.74
1037.94
831.392
1019.25
835.77
1062.73
1062.7
1065.36
814.884
911.604
876.422
917.565
773.637
814.798
679.551
935.548
741.664
729.148
963.611
862.251
770.429
885.198
752.455
1002.81
784.299
902.635
971.802
841.799
939.067
1015.93
837.833
980.818
915.701
841.273
983.062
1005.48
839.545
999.048
840.726
840.438
946.391
949.934
969.177
916.273
965.131
963.011
836.669
841.262
925.495
929.509
987.652
1020.44
1022.64
1001.45
1007.69
839.322
954.642
866.981
1050.72
834.434
820.399
822.814
1050.62
1056.34
824.71
1066.44
1066.63
818.846
826.43
1014.67
837.073
797.121
862.84
830.303
803.729
1054.69
808.711
1064.35
816.399
1060.89
1031.54
856.728
709.367
853.864
765.345
679.23
858.331
775.797
875.16
808.667
822.962
858.085
1062.19
1048.98
1018.95
847.687
952.04
865.143
874.612
904.962
854.915
832.553
1041.97
927.82
1029.72
889.2
883.989
902.134
877.051
977.688
969.329
845.297
1060.48
867.531
999.175
871.958
983.127
1017.39
936.54
959.839
939.484
983.498
921.993
805.471
934.208
958.891
887.155
1063.13
1012.23
837.012
880.614
883.897
786.276
715.492
885.4
898.041
955.935
750.578
735.322
838.635
981.988
794.675
874.511
989.466
969.91
955.988
1014.3
884.306
1001.19
1015.06
909.667
814.317
910.023
918.39
1028.18
1024.75
925.128
1031.87
956.794
973.221
978.615
1010.34
838.497
954.18
995.014
1030.66
833.031
838.9
974.109
841.391
860.79
960.93
841.547
840.765
849.379
947.91
890.179
943.784
872.787
823.822
1057.73
1045.68
863.575
1047.66
840.633
1006.04
1064.21
853.088
1032.57
821.683
1041.21
829.717
1016.02
835.673
1051.96
1062.53
1059.74
1054.75
842.388
795.174
755.348
730.385
878.881
699.548
886.36
850.266
960.6
987.746
1021.93
1037.23
1029.99
948.236
752.875
988.108
863.167
830.539
891.974
1026.89
855.705
879.83
1054.14
862.868
932.595
1057.9
963.485
988.651
794.053
908.476
940.551
1039.28
864.733
899.146
895.811
873.78
979.957
992.306
870.672
967.607
851.636
1022.44
1003.26
865.602
1059.2
888.025
906.017
909.89
1058.75
904.333
763.331
734.769
901.584
954.541
811.194
763.973
852.581
785.922
925.199
802.093
892.297
1012.38
998.374
818.937
1008.69
914.481
1031.27
911.839
1034.74
961.32
885.535
892.225
876.012
1040
876.189
942.334
873.226
971.233
982.115
938.039
979.33
950.106
929.705
1024.96
999.916
868.997
975.52
875.378
941.485
882.086
878.483
946.446
934.426
933.462
911.648
1006.78
977.662
1061.24
1038.12
848.833
889.91
844.051
1052.05
864.239
1045.72
1060.56
846.433
856.456
826.358
859.438
1048.01
1051.71
864.803
1015.63
1000.99
1057.22
866.216
834.776
775.62
872.22
1052.82
1035.05
999.071
924.406
1042.99
985.004
934.197
895.296
892.426
783.537
806.722
992.403
841.073
1032.24
1026.1
945.948
884.622
1033.96
912.018
942.396
925.225
1001.74
904.823
953.143
965.02
965.856
907.38
913.603
961.651
958.074
901.571
1056.01
991.973
781.712
1009.95
893.173
1047.72
922.402
1045.14
915.147
921.639
913.045
870.696
867.518
1053.88
972.843
963.63
932.036
769.111
943.927
972.544
853.014
826.942
975.107
823.63
1001.22
886.429
872.031
1014.87
1007.27
1021.34
836.234
900.994
896.798
905.047
848.77
1030.21
852.399
1043.17
1044.84
1036.65
1037.4
1048.66
943.41
927.99
937.133
908.648
904.914
935.971
1039.44
921.35
932.902
965.701
880.085
924.68
944.554
954.499
934.795
948.22
993.495
905.318
877.276
860.714
1034.13
1056.92
986.113
849.56
890.662
850.669
1026.13
884.629
882.278
1057.3
1050.17
983.91
892.707
858.211
886.311
750.048
904.111
907.912
1010.7
874.721
916.47
975.8
1002.52
927.48
946.88
979.399
952.273
798.685
970.367
839.727
985.885
849.641
842.042
1003.17
855.295
881.535
885.725
1027.35
1012.18
1019.9
1040.14
907.878
919.655
878.697
1051.63
969.493
1021.07
975.563
1052.87
885.937
948.273
963.125
1053.17
932.498
957.789
981.342
1042.41
916.228
875.617
913.698
933.193
965.077
916.714
963.226
929.722
1028.86
919.706
1023.18
914.402
840.996
795.82
998.93
815.72
879.798
1019.33
1026.56
844.861
889.724
1044.79
951.958
910.418
922.63
963.892
966.276
917.485
959.919
918.777
906.163
988.424
1013.95
977.152
927.809
931.579
898.024
955.636
956.307
907.905
1037.6
1046.82
893.471
870.03
982.623
870.95
891.433
1039.18
1030.84
873.453
1053.92
881.928
995.674
909.932
958.212
925.501
929.781
768.4
785.035
934.431
871.843
872.218
1036.52
1040.2
1043.02
1050.02
905.116
902.159
896.522
1046.4
934.743
799.891
893.261
987.324
915.599
892.685
975.595
953.809
1026.03
933.558
914.493
920.42
1037.26
971.953
961.559
917.234
924.115
827.913
964.247
865.405
860.207
1030.78
888.893
917.686
929.963
1052.74
1015.89
968.21
1052.59
874.242
874.837
1006.37
915.551
1047.96
949.693
814.236
952.471
967.511
813.101
982.924
824.371
833.83
995.949
858.048
1006.88
849.088
1016.11
877.147
1034.31
864.36
868.36
875.608
1041.1
928.126
899.503
930.39
998.54
906.925
900.217
1004.46
1046.81
992.312
950.27
1046.6
903.925
1040.01
902.294
933.767
909.92
1015.37
1026.94
910.933
950.858
959.367
993.965
1035.55
1001.15
938.502
946.631
935.729
947.965
943.373
937.158
1018.02
934.659
957.744
941.141
937.185
939.802
944.475
895.758
1009.22
894.617
1031.71
1024
897.667
1046.49
986.746
1009.95
896.139
982.277
892.26
978.741
911.634
914.659
938.595
1020.65
935.871
960.467
941.062
918.527
896.693
913.321
