893.453
898.272
990.852
712.893
1094.54
1094.52
1093.48
892.89
891.325
888.503
883.977
877.252
867.856
855.507
840.056
821.288
798.68
772.495
747.884
744.296
761.84
797.289
715.941
754.796
723.612
825.501
787.838
772.639
703.982
708.219
684.349
762.88
762.419
712.018
523.503
460.381
465.094
525.887
432.874
462.404
486.453
881.895
1004.6
1035.76
1046.41
1050.15
1051.51
1052.02
1052.21
1052.28
1052.31
1052.32
1052.32
1052.33
1052.33
1052.33
1052.33
1052.33
1052.33
1052.33
1052.33
1052.33
1052.33
1052.33
1052.33
1052.33
1052.33
1052.33
1052.33
1052.33
1052.33
1052.33
1052.33
1052.33
1052.33
1052.33
1052.33
1052.33
1052.33
1052.33
1052.33
1052.33
1052.33
1052.33
1052.33
1052.33
1052.33
1052.33
1052.33
1052.33
1052.33
1052.33
1052.33
1052.33
1052.33
1052.33
1052.33
1052.33
1052.33
1052.33
1052.32
1052.31
1052.29
1052.26
1052.19
1052.07
1051.85
1051.45
1050.79
1049.69
1047.95
1045.35
1041.63
1036.56
1029.99
1021.83
1012.39
1003.19
1000.32
1001.32
996.765
981.862
937.171
922.918
913.238
906.948
903.144
900.718
899.244
898.475
951.077
984.654
1016.34
1041.27
1059.76
1073.22
1082.77
1089.28
1093.51
1096.13
1097.69
1098.59
1099.08
1099.35
1099.49
1099.56
1099.6
1099.62
1099.63
1099.63
1099.63
1099.63
1099.63
1099.63
1099.63
1099.64
1099.64
1099.64
1099.64
1099.64
1099.64
1099.64
1099.64
1099.64
1099.64
1099.64
1099.64
1099.64
1099.64
1099.64
1099.64
1099.64
1099.64
1099.64
1099.63
1099.63
1099.63
1099.63
1099.63
1099.64
1099.64
1099.64
1099.64
1099.64
1099.64
1099.64
1099.64
1099.64
1099.64
1099.64
1099.64
1099.64
1099.64
1099.64
1099.64
1099.64
1099.64
1099.63
1099.63
1099.63
1099.63
1099.63
1099.62
1099.61
1099.59
1099.56
1099.52
1099.45
1099.36
1099.23
1099.05
1098.82
1098.51
1098.13
1097.66
1097.07
1096.33
1095.34
1093.96
1091.96
1088.93
1084.36
1077.58
1067.81
1054.19
1035.62
1010.69
979.133
945.869
1065.13
668.163
1065.08
1099.56
1098.52
1099.49
1089.26
761.339
1065.13
1099.56
1099.56
813.361
1099.56
1064.62
1065.13
1065.09
1097.75
1060.55
1094.59
1099.56
1083.42
1065.13
1099.56
1065.13
1065.12
1099.56
916.748
973.991
1041.24
661.348
1059.52
1065.13
1065.13
878.195
1099.56
1099.57
1099.56
1099.56
1099.56
1065.13
1099.56
1065.13
1065.13
1065.12
1099.55
1099.07
1099.48
1065.13
1099.57
1041.54
1034.66
1010.67
934.325
952.848
829.184
866.378
1099.57
1065.13
807.959
1065.12
1099.55
1065.13
1099.56
1064.33
1099.56
1022.76
950.999
1014.45
977.795
939.304
942.582
786.507
984.412
872.177
870.729
1053.89
1066.89
1059.79
1099.56
1065.13
1065.12
1099.34
1065.12
1098.57
1064.98
1096.51
1063.52
1091.07
1099.56
1065.12
1065.13
1099.57
1099.56
1065.13
1065.13
1065.12
1099.56
1099.54
1065.13
801.205
1065.13
617.661
1099.28
746.176
1099.56
747.287
1073.25
1096.08
1064.82
1099.56
951.914
1099.56
1099.56
1099.56
735.792
1099.56
1065.13
1099.56
1099.56
1099.56
1099.57
1065.12
1022.36
959.076
987.384
886.652
1013.12
944.71
813.397
847.072
1099.32
1099.33
805.562
1073.16
1099.33
1073.16
1099.33
1099.33
844.88
1073.16
1072.47
985.809
1099.34
1099.33
1073.16
1099.31
1002.33
1041.43
860.007
913.41
965.708
785.868
833.154
1032.79
1016.12
1009.58
1048.53
1053.26
1060
855.875
805.539
1057.81
1076.64
1082.78
1064.21
1093.14
1097.19
1065.05
1098.85
1065.12
1099.42
1065.12
1098.2
1099.56
1064.86
1065.12
1065.11
1099.23
1095.67
1065.13
1062.36
1065.13
1088.01
1099.56
1065.13
1099.51
1065.13
1099.56
1099.56
1099.57
1065.13
1065.13
1099.56
1065.12
1065.13
1099.57
1099.57
1065.13
1065.12
1099.56
1065.12
1065.13
1099.56
1065.13
779.259
1065.13
1065.13
1099.56
808.111
1099.56
1065.13
1065.11
1065.13
1097.63
1099.02
1099.42
1093.47
1099.56
1099.53
1065.01
1099.56
794.386
1099.56
1099.56
622.129
1099.56
1099.56
1063.03
718.681
1099.57
1099.56
1049.97
1065.13
1099.56
1099.57
1065.12
1021.33
1099.33
965.027
927.028
903.345
999.722
955.338
841.784
951.518
1023.85
1025.24
971.519
975.501
1098.31
1099.26
1089.23
1073.11
1099.33
1065.14
1073.6
1073.16
1098.18
1095.61
1072.18
1073.08
1098.88
1073.16
1090.42
1099.33
1073.16
1073.16
1099.33
1099.33
1073.15
1068.68
1073.15
1099.33
1073.16
1099.33
1073.15
1099.1
1073.17
1099.33
1099.33
1042.14
1037.6
991.386
1050.35
995.507
1054.73
860.085
1073.41
1099.33
1073.16
1073.15
1073.16
837.165
1073.15
894.719
1099.33
1073.15
1073.16
1099.33
1099.33
1099.33
1010.38
891.308
1006.88
851.274
1016.3
985.88
864.716
1036.72
946.185
854.942
1080.35
1084.97
1068.17
1070.16
1073.12
1098.53
1073.16
1099.19
1073.15
1093.48
1096.45
1073.16
1072.62
1099.32
1073.16
1073.16
1099.33
1099.33
1099.33
1098.79
1073.16
1073.16
1099.29
1099.33
1099.33
1097.15
1073.17
1073.14
1073.16
1072.87
821.894
1099.33
1073.16
846.53
1073.14
1095.92
1099.06
1073.13
1099.33
1099.33
1099.33
1072.89
1046.22
1099.33
779.07
1099.33
1099.33
1073.16
791.143
1099.32
944.183
807.051
1099.33
1099.33
1073.16
1099.33
1071.4
1099.33
957.516
995.918
1018.52
931.51
864.166
984.761
904.799
1071.54
889.836
1080.58
958.466
1098.87
1080.46
1098.89
869.704
1079.51
1080.6
1098.88
1080.56
1067.77
1098.89
1093.79
1096.82
1080.51
1080.58
1080.6
1098.88
1027.98
1080.06
1098.88
1098.87
1098.89
1080.52
1098.51
1080.59
1098.83
1080.6
1098.68
937.892
1073.16
1099.33
905.617
1014.93
1098.88
883.245
1017.36
1060.75
1063.89
901.984
1046.75
1082.85
1031.77
1060.5
848.426
1074.43
1075
1088.16
1071.42
876.644
1099.33
1073.16
1073.16
1099.33
1098.88
1080.6
1094.63
1092.12
1073.15
1073.16
1099.32
1073.17
1099.33
1099.33
1073.15
1097.46
1080.57
1080.55
1079.99
1099.25
1073.15
1098.88
1099.33
1073.16
1073.16
1073.16
1099.33
1073.16
1097.73
1073.15
1073.01
1098.98
1073.15
1099.33
1098.88
1097.44
1099.19
1080.59
1054.52
1099.33
1098.88
1099.33
1073.12
1099.33
1093.37
1099.3
1099.33
1061.84
1073.16
1098.79
1099.33
1073.05
1073.16
782.9
1099.33
1099.33
1073.14
1080.58
1098.88
1098.89
1077.5
988.243
1021.61
973.551
1032.29
1037.95
1002.27
986.157
1089.18
1087.19
1097.9
1098.13
1098.89
1080.58
1080.57
1098.88
1058.2
1076.1
1098.12
1064.17
1098.14
1094.4
1085.16
1086.39
1098.89
1086.39
1080.58
1080.51
1086.29
1098.62
1086.31
1080.51
1098.8
1048.01
994.347
939.127
1098.39
1078.66
1098.27
1080.53
1098.88
1098.88
1080.55
874.596
1098.88
1080.59
1098.88
1080.51
1098.88
1098.89
1098.88
1066.35
1061.16
1050
1066.47
1026.69
1058.22
895.654
1073.68
900.331
903.728
1077.26
1079.09
883.488
1085.04
895.337
1095.62
870.917
1089.1
1098.89
1080.58
1097.93
1080.55
1080.56
1098.89
1092.39
1080.5
1098.89
1098.84
1080.61
1098.83
1080.57
1080.53
1098.65
1098.79
1080.51
1080.58
1098.88
1098.88
1080.59
1080.57
1095
1096.01
1098.88
1080.57
1080.56
1080.26
1080.42
1080.59
1098.86
1080.57
1098.89
1080.57
1080.37
1080.49
1098.82
1098.89
1080.43
1098.89
1098.87
1079.29
1080.5
1099.04
1080.54
886.733
1086.36
1080.59
930.201
1098.85
987.81
1098.88
1073.58
1098.89
1098.88
1024.46
957.514
1036.13
1019.07
913.759
1019.24
939.6
1075.86
935.242
965.459
1086.35
1098.09
1098.17
1098.14
1085.99
1098.12
1086.26
1086.33
1086.65
1086.15
1020.39
1098.18
1096.41
1086.25
1090.61
1086.3
1086.3
1086.15
1098.13
1098.16
1084.51
1098.08
1086.15
1098.19
1086.46
1097.73
1086.19
1097.82
1086.36
1097.99
1098.07
1070.23
1049.11
1073.86
1098.16
1086.34
1098.19
1098.14
1052.25
1049.82
1046.36
1036.49
955.759
1044.87
1059.42
1082.94
945.3
944.068
1064.67
1084.24
933.167
1082.47
1093.19
1082.66
1080.07
1097.07
1078.67
1085.66
1086.17
1090.83
941.44
1088.99
1092.92
1086.32
1086.32
1095.59
1086.27
1098.87
1098.13
1098.9
1098.95
1080.59
1098.13
1098.88
1086.29
1080.57
1080.58
1098.89
1080.56
1086.4
1098.88
1080.53
1080.56
1080.55
1098.72
1086.4
1080.54
1086.44
1080.44
1098.13
1098.75
1086.33
1098.89
1072.88
1098.14
1098.89
1086.02
1098.36
1080.47
1098.89
1001.69
1098.87
1080.47
1098.11
1098.02
1098.13
1098.14
1078.83
1044.95
1008.48
976.965
1050.82
929.453
1043.42
1086.16
1083.51
1088.25
1097.2
1097.89
1098.15
1098.13
974.883
1092.81
1061.82
987.18
1077.23
1090.47
1054.01
1090.23
1097
1078.85
1090.59
1096.94
1098.19
1096.99
1036.18
1090.41
1097.02
1090.4
1072.93
1084.14
1086.33
1086.34
1098.13
1098.14
1086.4
1098.18
1085.97
1098.14
1098.14
1086.15
1098.13
1090.63
1062.61
1061.61
1097.23
1090.91
1009.28
967.582
1062
1082.87
1044.55
943.095
1069.37
935.715
1072.27
932.327
1081.46
1096.45
1089.2
951.408
1085.95
1091.11
1090.48
1092.53
1090.44
1098.19
1086.3
1086.37
1086.22
1090.36
1086.12
1098.09
1086.38
1098.14
1098.12
1096.97
1097.71
1098.12
1096.99
1086.18
1098.4
1086.26
1098.14
1086.28
1086.3
1086.3
1086.23
1098.13
1097.71
1097.65
1086.26
1086.23
1086.38
1098.12
1098.17
1086.19
1090.52
1082.5
1098.16
1086.29
1098.18
1097.88
1085.5
1086.25
982.536
1086.37
1098.09
1097.01
1083.43
1098.14
1098.18
1098.14
1086.08
1037.24
1024.73
1090.26
1096.99
1097.1
1097.02
1090.42
1097.02
1097.49
1096.95
1090.21
1090.35
978.814
977.729
1091.04
1005.1
1093.4
1097.15
1097.13
1087.63
1090.36
1093.63
1090.59
1096.83
1090.53
1090.61
1097.09
1090.37
1096.99
1090.42
1090.34
1096.98
1097.02
1090.72
1097
1097
1019.88
1095.48
1083.88
1095.45
1095.41
1093.31
1094.15
1096.21
1093.57
1089.6
1086.7
1096.51
1096.99
1096.56
1073.71
978.102
1078.93
1088.95
1058.62
1050.56
1086.44
981.194
1095.11
1073.33
1065.37
1090.05
1089.7
1090.28
995.085
1084.55
1081.05
1087.81
1029.14
1097.64
1042.12
1098.03
1097.01
1093.41
1090.4
1097.02
1097.09
1090.49
1090.61
1090.21
1090.8
1096.95
1090.31
1090.38
1096.99
1098.2
1086.27
1086.24
1098.12
1097.04
1097.76
1090.49
1086.32
1090.5
1090.05
1072.42
1098.16
1096.62
1097.02
1086.21
1090.45
1086.03
1098.14
1090.54
1090.39
1096.99
1097.01
1097.05
1090.21
1063.96
1090.58
990.606
1062.84
1062.08
1097.04
1090.25
1090.4
1090.33
1097.02
1073.1
1080.6
1089.06
1082.42
1027.1
1088.34
1038.73
1092.06
1042.05
1018.67
1092.04
1032.08
1068.3
1074.11
1096.55
1092.58
1092.94
1096.96
1093.52
1095.31
1078.9
1095.42
1093.56
1097.13
1093.6
1095.41
1089.79
1097.16
1093.44
1095.82
1095.7
1093.33
1093.55
1095.52
1095.3
1090
1093.47
1093.64
1095.39
1093.29
1095.45
1093.82
1090.44
1096.18
1090.71
1095.74
1055.08
977.956
1094.25
978.135
1069.31
1096.17
1093.21
1016.1
1079.46
1095.49
1097.15
1090.21
1096.61
1096.99
1096.91
1095
1097.01
1090.38
1090.44
1090.39
1090.7
1097.17
1096.95
1097.01
1090.42
1090.41
1097.03
1090.31
1090.33
1097.02
1090.14
1088.71
1097.14
1089.99
1090.39
1097.06
1097.15
1090.37
1096.9
1083.98
1097.03
1093.57
1095.95
1095.55
1073.51
999.696
1005.1
1093.94
1056.82
1065.54
1095.46
1093.37
1093.33
1095.44
1093.38
1093.21
1087.51
1093.28
1095.58
1008.04
1093.25
1093.46
1095.39
1093.08
1095.48
1093.3
1095.46
1093.5
1093.38
1093.19
1095.46
1095.45
1095.51
1093.18
1093.41
1035.59
1085.75
1051.06
1039.87
1095.29
1091.5
1095.28
1097.01
1095.42
1097.09
1095.41
1095.42
1090.35
1090.08
1097.02
1093.33
1095.85
1081.7
1031.97
1095.85
1087.3
1010.1
1090.84
1011.97
1014.48
1092.92
1046.09
1094.06
1024.6
1094.67
1062.61
1096.82
1048.2
1057.04
1072.84
1095.5
1095.63
1093.07
1095.67
1095.64
1093.54
1090.49
1095.67
1093.26
1095.56
1097.17
1093.85
1093.71
1092.88
1093.79
1095.66
1095.28
1095.59
1093.48
1095.4
1093.32
1095.72
1093.37
1093.81
1093.29
1093.2
1095.52
1095.51
1093.33
1095.4
1095.49
1093.33
1093.43
1095.77
1095.37
1093.29
1095.41
1093.28
1093.31
1093.27
1093.31
1095.44
1095.05
1093.03
1093.32
1095.48
1095.65
1093.19
1095.45
1093.14
1095.46
1095.4
1095.45
1095.46
1095.52
1093.36
1095.62
1093.21
1093.16
1093.09
1095.45
