975.305
975.401
1044.55
851.683
1099.51
1099.5
1099.5
975.361
975.346
975.215
974.914
974.273
972.957
970.279
965.042
955.299
938.353
911.444
875.271
866.111
868.207
864.74
1047.57
960.457
846.306
495.918
490.112
541.225
439.743
468.347
468.558
646.632
990.576
1043.98
1063.13
1069.27
1071.43
1072.2
1072.48
1072.59
1072.62
1072.64
1072.64
1072.65
1072.65
1072.65
1072.65
1072.65
1072.65
1072.64
1072.64
1072.64
1072.64
1072.64
1072.65
1072.65
1072.65
1072.65
1072.65
1072.65
1072.65
1072.65
1072.64
1072.64
1072.64
1072.64
1072.65
1072.65
1072.65
1072.65
1072.65
1072.65
1072.65
1072.64
1072.64
1072.64
1072.64
1072.64
1072.65
1072.65
1072.65
1072.65
1072.65
1072.65
1072.65
1072.65
1072.65
1072.65
1072.65
1072.65
1072.65
1072.65
1072.65
1072.65
1072.64
1072.64
1072.64
1072.65
1072.65
1072.65
1072.65
1072.65
1072.65
1072.65
1072.64
1072.64
1072.64
1072.63
1072.61
1072.57
1072.47
1072.26
1071.82
1070.91
1069.1
1065.7
1059.74
1050.98
1049.75
1055.26
1054.47
1043.84
1021.02
997.446
984.976
979.525
977.156
976.159
975.709
975.493
1004.98
1045.18
1071.83
1086.42
1093.72
1097.18
1098.76
1099.46
1099.77
1099.9
1099.95
1099.98
1099.99
1099.99
1099.99
1099.99
1099.99
1099.99
1099.99
1099.99
1099.99
1099.99
1099.99
1099.99
1099.99
1099.99
1099.99
1099.99
1099.99
1099.99
1099.99
1099.99
1099.99
1099.99
1099.99
1099.99
1099.99
1099.99
1099.99
1099.99
1099.99
1099.99
1099.99
1099.99
1099.99
1099.99
1099.99
1099.99
1099.99
1099.99
1100
1100
1100
1099.99
1099.99
1099.99
1099.99
1099.99
1099.99
1099.99
1099.99
1099.99
1099.99
1099.99
1099.99
1099.99
1099.99
1099.99
1099.99
1099.99
1099.99
1099.99
1100
1099.99
1099.99
1099.99
1099.99
1099.99
1099.99
1099.99
1099.99
1099.99
1099.99
1099.99
1099.98
1099.97
1099.96
1099.94
1099.91
1099.84
1099.7
1099.38
1098.66
1097.07
1093.6
1086.28
1071.66
1045.04
1004.82
1079.2
1070.28
1079.2
1099.99
1099.98
1099.99
1099.46
857.51
1079.2
1099.99
1099.99
683.921
1099.99
1079.19
1079.2
1079.2
1099.98
1079.01
1099.93
1099.99
1099.35
1079.2
1099.99
1079.2
1079.2
1099.99
1000.76
1023.13
1086.34
1078.77
1079.2
1079.2
1079.2
1079.18
1099.99
1099.99
1099.99
1099.99
1099.99
1079.2
1099.99
1079.2
1079.2
1079.2
1099.99
1099.99
1099.99
1079.2
1099.99
1075.31
1086.16
1061.6
1003.01
1004.62
888.205
979.939
1099.99
1079.2
685.859
1079.2
1099.99
1079.2
1099.99
1079.2
1099.99
1065.22
1004.65
1061.85
1044.23
1003.33
1003.65
888.265
1044.7
844.611
807.834
1078.28
1097.03
1093.71
1099.99
1079.2
1079.2
1099.99
1079.2
1099.99
1079.2
1099.96
1079.16
1099.82
1099.99
1079.2
1079.2
1099.99
1099.99
1079.2
1079.2
1079.2
1099.99
1099.99
1079.2
752.157
1079.2
1076.01
1099.99
930.714
1099.99
1000.58
1097.18
1099.9
1079.2
1099.99
1079.19
1099.99
1099.99
1099.99
1079.04
1099.99
1079.2
1099.99
1099.99
1099.99
1099.99
1079.2
1079.2
1007.91
1038.53
991.358
1056.14
1004.17
928.75
1087.64
1099.99
1099.99
1024.87
1088.01
1099.99
1088
1099.99
1099.99
918.99
1088.01
1088.01
1087.99
1099.99
1099.98
1088.01
1099.99
1055.74
1086.26
924.067
1027.92
1042.44
1085.42
947.828
1071.59
1071.55
1071.34
1077.28
1093.54
1093.71
735.235
897.174
1078.77
1098.63
1098.76
1079.18
1099.89
1099.97
1079.2
1099.99
1079.2
1099.99
1079.2
1099.99
1099.99
1079.2
1079.2
1079.2
1099.99
1099.95
1079.2
1079.11
1079.2
1099.67
1099.99
1079.2
1099.99
1079.2
1099.99
1099.99
1099.99
1079.2
1079.2
1099.99
1079.2
1079.2
1099.99
1099.99
1079.2
1079.2
1099.99
1079.2
1079.2
1099.99
1079.2
801.264
1079.2
1079.2
1099.99
658.348
1099.99
1079.2
1079.2
1079.2
1099.95
1099.99
1099.99
1099.77
1099.99
1099.99
1079.2
1099.99
1079.14
1099.99
1099.99
1078.03
1099.99
1099.99
1079.2
1054.57
1099.99
1099.99
1079.2
1079.2
1099.99
1099.99
1079.2
1088
1099.99
1012.97
1002.36
997.558
1053.46
1005.66
960.09
1004.44
1073.24
1071.67
1043.07
1043.74
1099.97
1099.98
1099.46
1088
1099.99
1087.48
1098.5
1088.01
1099.98
1099.95
1087.99
1088.01
1099.97
1088.01
1099.81
1099.99
1088.01
1088
1099.99
1099.99
1088
1088.01
1087.99
1099.99
1088.01
1099.98
1087.99
1099.98
1088.01
1099.99
1099.99
1086.35
1093.81
1047.07
1093.35
1069.34
1085.67
872.921
1097.19
1099.99
1088.01
1087.99
1088.01
958.69
1087.99
1087.87
1099.99
1087.99
1088.01
1099.99
1099.99
1099.99
1063.04
1013.45
1070.86
943.566
1071.3
1044.42
896.077
1078.93
1039.62
857.406
1099.23
1099.56
1087.77
1087.9
1088.01
1099.98
1088.01
1099.98
1087.99
1099.9
1099.96
1088.01
1088
1099.99
1088.01
1088.01
1099.99
1099.99
1099.99
1099.98
1088
1088.01
1099.99
1099.99
1099.99
1099.97
1088.01
1088.01
1088
1088
993.758
1099.99
1088.01
882.866
1087.98
1099.89
1099.98
1087.98
1099.99
1099.99
1099.99
1088.01
1088.01
1099.99
1081.33
1099.99
1099.99
1088.01
1051.83
1099.99
1087.95
1087.03
1099.99
1099.99
1088
1099.99
1088.01
1099.99
1041.58
1050.29
1069.79
1035.65
987.71
1044.37
978.784
1093.19
1013.09
1093.83
1093.54
1099.97
1093.74
1099.97
1076.82
1093.81
1093.83
1099.97
1093.81
1098.18
1099.97
1099.92
1099.96
1093.83
1093.82
1093.83
1099.97
1077.01
1093.83
1099.97
1099.97
1099.97
1093.78
1099.97
1093.83
1099.97
1093.84
1099.96
1051.21
1088
1099.99
1092.01
1093.78
1099.97
998.44
1071.49
1086.87
1096.88
986.421
1083.29
1098.77
1085.83
1093.79
859.788
1098.93
1093.55
1099.73
1087.96
1050.84
1099.99
1088
1088
1099.99
1099.97
1093.84
1099.93
1099.87
1087.99
1088
1099.98
1088.01
1099.99
1099.99
1088
1099.96
1093.82
1093.83
1093.81
1099.99
1088
1099.97
1099.99
1088
1088.01
1088
1099.99
1088.01
1099.98
1088.01
1088
1099.98
1087.99
1099.99
1099.97
1099.95
1099.98
1093.83
1093.83
1099.99
1099.97
1099.99
1087.98
1099.99
1099.76
1099.98
1099.98
1088.01
1088
1099.98
1099.99
1088
1088.01
1070.58
1099.99
1099.98
1087.99
1093.82
1099.97
1099.97
1093.85
1045.43
1073.17
1065.77
1079.93
1082.36
1070.18
1068.16
1099.47
1099.72
1099.95
1099.92
1099.97
1093.82
1093.82
1099.97
1097.4
1096.25
1099.92
1096.98
1099.92
1099.91
1096.96
1097.01
1099.97
1097.01
1093.83
1093.77
1097.01
1099.96
1096.97
1093.77
1099.96
1088.63
1080.1
1039.58
1099.94
1093.78
1099.97
1093.79
1099.97
1099.97
1093.8
1084.76
1099.97
1093.83
1099.97
1093.78
1099.97
1099.97
1099.97
1093.84
1093.92
1087.93
1092.43
1085.27
1096.52
995.118
1097.24
981.709
976.494
1093.71
1099.29
1032.86
1099.62
994.571
1099.88
1065.54
1099.79
1099.97
1093.83
1099.96
1093.8
1093.81
1099.97
1099.89
1093.77
1099.97
1099.96
1093.84
1099.96
1093.82
1093.79
1099.97
1099.97
1093.78
1093.82
1099.97
1099.97
1093.83
1093.82
1099.94
1099.95
1099.97
1093.83
1093.82
1093.82
1093.82
1093.83
1099.97
1093.82
1099.97
1093.82
1093.83
1093.79
1099.97
1099.97
1093.72
1099.97
1099.97
1093.84
1093.77
1099.97
1093.8
1089.53
1096.99
1093.83
1093.09
1099.97
1093.71
1099.97
1093.85
1099.97
1099.97
1074.73
1060.92
1082.24
1084.42
1032.5
1072.13
1050.67
1099.18
1083.79
1094.57
1096.99
1099.92
1099.92
1099.92
1097
1099.92
1096.95
1096.98
1099.76
1096.9
1096.78
1099.92
1099.92
1096.94
1098.58
1096.97
1096.97
1096.89
1099.92
1099.92
1097.04
1099.92
1096.89
1099.92
1097.05
1099.89
1096.91
1099.94
1097
1099.92
1099.92
1095.34
1095.71
1097.27
1099.92
1096.99
1099.93
1099.92
1096.95
1089.5
1087.81
1092.08
1062.48
1087.19
1090.91
1098.79
1040.28
1039.01
1098.21
1096.94
1068.55
1099.49
1099.75
1096.86
1096.67
1099.93
1099.38
1096.95
1096.99
1099.85
1088.88
1099.82
1099.89
1096.99
1097
1099.92
1096.95
1099.97
1099.92
1099.97
1099.97
1093.83
1099.92
1099.97
1096.97
1093.82
1093.82
1099.97
1093.81
1097.01
1099.97
1093.79
1093.81
1093.8
1099.97
1097.01
1093.8
1097.04
1093.74
1099.92
1099.96
1096.98
1099.97
1096.99
1099.92
1099.97
1096.83
1099.96
1093.81
1099.97
1096.47
1099.96
1093.75
1099.92
1099.91
1099.92
1099.92
1097.02
1092.92
1083
1074.32
1089.61
1039.08
1086.7
1096.92
1098.2
1098.51
1099.91
1099.92
1099.92
1099.92
1069.34
1099.73
1098.26
1092.17
1099.5
1098.57
1098.4
1098.46
1099.83
1098.55
1098.58
1099.82
1099.93
1099.82
1094
1099.8
1099.83
1098.52
1098.95
1099.67
1096.98
1096.98
1099.92
1099.92
1097.01
1099.92
1096.81
1099.92
1099.92
1096.9
1099.92
1098.59
1094.39
1094.03
1099.85
1098.68
1087.23
1067.13
1093.45
1098.79
1095.74
1043.88
1098.66
1059.27
1096.64
1076.87
1099.54
1099.89
1098.51
1092.37
1096.96
1099.86
1098.56
1099.82
1098.54
1099.92
1096.96
1097
1096.93
1098.5
1096.88
1099.92
1097
1099.92
1099.92
1099.82
1099.89
1099.92
1099.92
1096.91
1099.94
1096.95
1099.92
1096.96
1096.97
1096.96
1096.93
1099.92
1099.92
1099.9
1096.95
1096.94
1097
1099.92
1099.92
1096.99
1098.56
1097.05
1099.92
1096.96
1099.92
1099.91
1097.01
1096.94
1095.81
1097
1099.92
1099.83
1098.56
1099.92
1099.92
1099.92
1096.86
1096.89
1090.47
1098.55
1099.83
1099.84
1099.83
1098.52
1099.83
1099.87
1099.82
1098.46
1098.5
1073.37
1080.86
1099.24
1096.18
1099.3
1099.84
1099.84
1099.33
1098.51
1099.33
1098.58
1099.82
1098.56
1098.58
1099.83
1098.51
1099.83
1098.52
1098.5
1099.82
1099.83
1098.62
1099.83
1099.83
1090.67
1099.8
1099.6
1099.64
1099.63
1099.26
1099.84
1099.85
1099.32
1098.62
1098.61
1099.78
1099.83
1099.78
1097.26
1070.92
1097.7
1099.45
1097.8
1096.66
1098.41
1088.94
1099.84
1099.31
1098.68
1098.52
1098.5
1098.54
1094.54
1099.72
1099.63
1099.77
1097.84
1099.92
1098.2
1099.92
1099.83
1099.29
1098.52
1099.83
1099.83
1098.54
1098.58
1098.46
1098.64
1099.82
1098.49
1098.51
1099.83
1099.93
1096.95
1096.94
1099.92
1099.83
1099.92
1098.55
1096.98
1098.55
1098.4
1098.53
1099.92
1099.78
1099.83
1096.96
1098.53
1096.84
1099.92
1098.56
1098.51
1099.83
1099.83
1099.83
1098.46
1098.48
1098.57
1080.76
1094.34
1094.2
1099.83
1098.47
1098.52
1098.5
1099.83
1097.1
1098.35
1099.15
1098.74
1092.39
1099.39
1095.47
1099.66
1096.43
1094.54
1099.26
1097.26
1099.26
1099.43
1099.82
1099.25
1099.26
1099.83
1099.31
1099.62
1099.26
1099.63
1099.32
1099.84
1099.32
1099.64
1099.31
1099.84
1099.29
1099.69
1099.67
1099.27
1099.31
1099.65
1099.62
1098.39
1099.3
1099.33
1099.63
1099.26
1099.64
1099.37
1098.53
1099.83
1098.62
1099.76
1097.3
1076.61
1099.76
1084.99
1099.03
1099.82
1099.28
1097.2
1099.54
1099.65
1099.84
1098.46
1099.81
1099.83
1099.82
1099.84
1099.83
1098.51
1098.53
1098.51
1098.61
1099.84
1099.83
1099.83
1098.52
1098.52
1099.83
1098.49
1098.5
1099.83
1098.43
1098.67
1099.84
1098.56
1098.51
1099.83
1099.84
1098.54
1099.82
1099.3
1099.83
1099.32
1099.71
1099.65
1097.23
1083.81
1085.47
1099.39
1098.61
1099.09
1099.65
1099.28
1099.27
1099.64
1099.28
1099.24
1099.63
1099.26
1099.66
1086.92
1099.28
1099.29
1099.63
1099.35
1099.64
1099.26
1099.64
1099.3
1099.28
1099.24
1099.64
1099.64
1099.65
1099.24
1099.29
1094.48
1098.9
1098.03
1098.05
1099.65
1099.34
1099.61
1099.83
1099.63
1099.83
1099.63
1099.63
1098.52
1098.42
1099.83
1099.27
1099.7
1098.62
1093.49
1099.7
1099.24
1088.73
1099.49
1090.7
1092.68
1099.59
1097.29
1099.62
1096.08
1099.63
1099
1099.83
1098.56
1098.89
1099.2
1099.65
1099.66
1099.21
1099.67
1099.67
1099.73
1099.66
1099.67
1099.25
1099.65
1099.84
1099.38
1099.66
1099.16
1099.61
1099.67
1099.65
1099.66
1099.3
1099.68
1099.27
1099.68
1099.28
1099.36
1099.26
1099.24
1099.65
1099.65
1099.27
1099.63
1099.64
1099.27
1099.29
1099.68
1099.63
1099.26
1099.63
1099.26
1099.27
1099.25
1099.28
1099.64
1099.64
1099.2
1099.26
1099.64
1099.67
1099.24
1099.64
1099.3
1099.64
1099.65
1099.64
1099.64
1099.65
1099.27
1099.66
1099.24
1099.23
1099.22
1099.65
