661.344
748.199
763.941
533.944
998.786
924.14
883.486
660.542
658.118
654.087
648.47
641.297
632.611
622.456
610.868
597.956
583.658
568.217
551.643
552.028
570.412
584.001
603.964
613.383
629.973
635.724
649.541
656.365
667.038
671.551
680.133
682.394
689.468
691.385
697.979
698.902
702.125
704.464
704.422
708.073
708.133
712.791
710.41
715.091
711.115
715.814
713.55
719.841
717.388
719.204
720.242
717.423
721.499
720.232
726.769
721.523
727.932
720.037
726.42
722.164
732.503
727.492
729.467
730.262
723.631
729.516
727.469
738.298
728.503
737.915
722.725
731.15
724.209
743.005
733.434
735.606
735.569
719.888
727.966
726.072
745.862
732.353
734.788
728.543
707.479
706.592
741.219
727.975
731.271
718.145
658.854
655.737
674.075
743.943
715.099
618.063
457.122
446.339
479.641
479.389
423.334
444.782
600.07
899.407
943.353
954.956
953.336
946.656
937.258
925.915
912.847
898.097
881.655
863.504
843.675
822.25
799.626
777.739
762.134
751.592
744.087
746.055
746.539
746.358
746.979
747.218
747.577
747.84
748.038
748.16
783.411
816.612
847.025
875.157
900.653
923.743
944.436
962.858
979.139
993.424
1005.87
1016.62
1025.86
1033.72
1040.35
1045.91
1050.5
1054.24
1057.25
1059.59
1061.34
1062.56
1063.31
1063.62
1063.54
1063.09
1062.3
1061.19
1059.79
1058.12
1056.22
1054.1
1051.8
1049.34
1046.75
1044.06
1041.28
1038.45
1035.57
1032.68
1029.77
1026.87
1023.98
1021.12
1018.28
1015.47
1012.68
1009.94
1007.28
1004.69
1002.13
999.578
997.029
994.507
992.023
989.575
987.159
984.773
982.418
980.091
977.795
975.527
973.287
971.073
968.883
966.714
964.565
962.433
960.314
958.203
956.093
953.971
951.821
949.62
947.346
944.978
942.49
939.841
936.976
933.828
930.324
926.386
921.922
916.835
911.014
904.345
896.705
887.969
878.01
866.703
853.932
839.588
823.576
805.819
786.246
764.893
741.57
716.66
689.665
756.917
726.167
751.084
1047.19
1016.28
1045.48
962.602
707.808
762.014
1039
1021.66
666.5
967.039
963.259
762.918
851.109
915.282
921.816
886.508
975.874
838.263
743.821
960.639
765.031
763.973
985.151
657.849
780.276
874.773
735.91
748.621
760.865
766.216
741.707
1061.86
1060.99
1010.42
1062.7
1056.39
761.219
1005.07
729.163
707.587
609.355
950.107
932.209
943.296
763.824
1000
851.05
763.579
779.914
674.854
782.111
608.53
620.806
994.92
770.085
685.921
755.609
1053.77
746.159
1033.25
750.119
956.44
805.292
783.034
779.131
715.135
680.92
685.403
570.973
816.065
621.028
638.682
890.016
804.546
900.371
971.406
759.226
611.678
938.19
721.414
924.797
956.931
902.834
946.688
865.305
980.455
774.052
761.131
989.967
964.888
768.031
751.124
755.448
954.345
947.921
717.87
693.351
761.787
730.884
1033.33
715.651
1052.13
719.419
923.502
993.123
747.71
1056.73
741.699
1044.54
1030.34
1027.44
739.199
1018.81
757.468
1015.99
1062.5
1059.02
1059.74
763.18
744.591
781.364
779.468
634.547
780.605
688.341
589.161
766.068
1055.13
1040.66
742.321
792.722
1014.72
795.868
1023.33
961.543
721.847
801.958
779.908
772.368
1056.85
1059.81
786.039
944.958
811.868
874.001
647.017
657.317
700.259
760.724
609.205
828.866
846.469
740.158
871.436
784.953
899.715
650.047
589.634
906.784
822.28
944.195
956.297
876.578
909.481
912.688
928.72
659.168
940.821
666.847
920.351
969.212
965.387
587.306
779.324
935.343
895.218
761.638
935.127
759.74
852.57
962.756
716.45
945.656
745.88
952.239
973.626
1002.54
763.948
757.719
982.789
768.4
769.342
992.423
997.46
771.513
763.71
987.544
755.445
754.092
978.15
771.637
702.271
743.878
756.46
958.536
675.447
1007.7
764.313
752.729
760.843
1005.54
1025.49
1039.95
978.862
1049.73
1050.05
750.675
1041.8
740.261
1054.36
1060.71
733.174
1036.14
1024.54
748.195
724.695
1061.92
1013.19
744.521
760.649
1062.51
1058.19
767.091
774.494
1011.91
780.853
667.2
646.949
779.943
781.827
605.517
782.559
808.971
808.296
706.917
711.981
1015.24
1044.2
961.928
783.806
1050.98
914.373
818.397
789.854
923.927
904.895
965.219
959.591
1003.25
822.778
872.296
967.978
802.61
788.438
976.865
953.224
802.876
776.917
796.87
1003.67
800.249
998.698
746.733
935.871
799.715
993.459
986.208
873.211
800.544
813.896
781.148
723.714
877.886
677.648
922.893
963.672
799.711
801.082
801.605
729.607
787.768
767.826
1055.15
795.433
795.419
1059.2
1059.65
1017.57
811
642.808
736.621
627.363
845.678
814.822
662.315
833.366
682.082
688.881
834.289
848.491
929.788
943.421
935.871
927.38
783.794
938.275
752.9
890.77
910.636
790.439
972.759
947.05
800.173
802.265
979.155
957.352
959.438
930.486
757.49
775.129
942.793
990.931
972.372
915.652
798.274
904.413
803.503
976.532
737.01
981.478
790.552
712.107
785.905
992.267
1032.17
784.424
1057.26
1037.85
1032.09
782.417
775.484
1009.1
757.823
1046.06
1026.25
791.267
748.162
1052.3
770.125
763.82
1043.4
1058.21
795.461
1059.99
778.599
1020.44
692.044
812.973
809.834
670.465
626.672
815.435
697.626
920.688
746.216
819.599
794.308
1049.76
815.9
1029.59
775.268
973.178
822.92
1011.7
826.725
811.884
952.527
902.967
916.047
985.627
919.825
838.174
967.121
840.68
809.428
1055.56
1049.09
1054.61
839.919
928.076
834.652
936.159
832.964
979.26
678.267
788.41
949.118
787.884
798.854
1006.03
646.207
845.118
897.075
800.667
681.516
856.615
943.585
759.807
898.875
701.429
827.652
936.598
861.121
955.276
762.695
965.821
800.228
786.672
951.172
950.459
837.732
898.315
882.139
802.074
803.9
995.955
799.963
988.571
974.608
801.74
919.472
895.367
977.268
981.417
940.569
762.401
971.485
970.167
804.148
799.967
789.463
983.83
795.104
920.054
864.952
972.692
933.313
746.694
955.282
1052.33
1004.59
1038.73
823.639
802.157
1029.18
1000.54
1048.6
784.119
1058.75
978.124
1048.69
1001.23
776.932
798.851
1024.39
1034.99
782.817
789.735
752.76
1053.18
1006.24
795.37
824.289
1053.13
1035.58
807.36
814.555
843.804
704.246
839.215
836.126
731.041
714.824
961.015
874.923
1013.53
987.608
958.859
839.512
837.319
942.497
802.676
925.949
1045.99
826.767
940.297
905.411
980.381
876.208
1020.55
851.562
834.17
837.003
1001.95
1030.23
973.784
828.706
990.483
867.337
725.051
701.191
1048.68
962.841
925.474
853.793
978.176
973.731
818.124
780.067
1014.61
822.259
997.829
827.602
1054.12
1041.39
1046.78
803.979
897.699
860.452
902.722
753.798
794.221
663.991
921.985
725.42
712.835
950.629
841.72
755.05
865.228
736.45
991.016
769.665
883.441
954.665
839.21
922.549
872.677
836.748
963.008
897.338
836.897
965.071
985.433
832.208
979.617
835.137
836.818
930.195
933.822
831.631
831.573
948.43
946.434
837.691
838.337
907.9
912.248
969.276
962.975
943.202
986.848
988.593
833.484
938.437
836.328
1026.59
825.607
810.203
812.706
1042.03
1032.64
814.923
1055.42
1051.19
808.398
816.858
993.871
829.602
783.912
852.547
820.876
791.234
1046.35
796.853
1055.19
805.614
1038.52
1008.86
842.413
692.039
837.964
745.873
663.199
844.64
758.868
855.634
793.228
808.862
847.497
1048.79
1020.69
995.827
836.362
936.14
855.175
866.163
887.079
844.178
819.558
1014.37
911.832
943.484
877.33
873.991
880.566
868.994
960.024
952.339
833.758
1036.57
858.071
979.302
862.661
964.805
913.5
920.651
886.515
924.016
965.279
907.276
785.29
920.481
942.605
875.52
1044.64
990.314
824.571
865.427
869.432
766.365
698.213
871.231
882.644
942.669
733.362
718.161
818.368
969.625
778.411
854.222
977.117
956.978
942.431
1003.1
865.161
989.184
1000.29
890.891
799.311
892.548
901.638
994.905
1000.22
908.927
959.037
940.516
955.93
960.978
989.88
830.899
938.167
975.98
985.78
837.553
833.459
956.808
839.731
850.237
944.466
836.39
837.217
836.689
931.782
876.993
829.536
863.702
813.829
1048.08
1036.69
853.447
1023.59
828.692
985.128
1044.19
842.255
1022.55
811.528
1017.57
816.4
994.922
828.051
1042.99
1046.33
1049.28
1027.07
830.628
774.879
736.321
712.48
863.287
682.959
872.447
839.269
947.141
975.508
1011.24
1027.59
1004.59
932.511
734.98
975.69
844.174
814.329
874.665
1012.85
841.898
867.943
1042.1
849.843
911.998
1039.18
946.906
968.59
774.349
892.624
925.39
1003.93
844.875
880.84
879.341
865.305
962.092
973.197
861.315
950.743
840.729
998.624
982.773
855.762
1033.89
876.133
891.363
895.759
1034.74
892.671
744.42
717.105
886.398
941.142
791.377
746.848
832.467
769.294
910.658
786.243
873.565
1001.11
986.625
804.385
995.89
897.386
1014.33
896.231
1013.32
944.882
874.756
878.065
867.4
995.671
867.833
926.796
864.474
954.098
964.047
922.994
961.397
934.3
913.954
927.482
980.148
859.629
958.041
866.809
883.959
872.924
870.463
930.788
918.817
918.176
881.408
902.433
890.044
1049.59
1011.17
837.645
878.117
832.419
1023.88
854.208
1017.69
1037.32
834.991
845.821
812.677
848.868
1039
1040.89
851.967
993.135
980.852
1030.54
856.579
822.071
756.173
859.963
1020.15
1001.74
976.64
907.219
1007.92
966.283
919.297
883.866
880.871
765.644
789.292
980.285
825.763
1020.52
995.732
930.51
870.786
964.912
898.771
915.938
910.48
933.649
893.248
937.304
920.78
949.048
895.699
900.841
945.211
941.906
890.014
1042.31
971.214
762.54
998.606
877.952
1034.04
908.3
1022.07
899.725
906.463
899.806
858.24
854.808
1021.78
955.315
946.935
918.113
751.15
929.883
959.597
833.671
807.162
962.267
806.987
989.365
868.685
853.431
1003.21
995.756
1008.91
820.475
884.496
879.908
888.888
834.29
1020.08
838.272
1033.92
1035.14
1023.59
1009.76
1038.6
928.104
909.328
914.063
896.782
893.267
921.01
985.71
905.466
918.032
948.971
871.678
882.196
928.956
938.576
919.28
917.289
895.022
893.773
865.403
847.47
1007.93
1033.41
966.609
838.488
878.969
839.724
1001.55
872.741
870.391
1041.42
1016.1
964.862
881.213
844.711
874.431
731.743
889.184
893.528
984.872
862.698
902.828
923.201
979.124
913.134
932.981
966.665
938.712
779.408
957.296
820.963
973.372
831.24
824.698
991.6
838.824
865.289
869.867
1017.06
1001.02
1008.93
1030.46
894.714
905.655
864.427
1032.43
943.263
992.262
946.286
1026.07
872.305
932.709
939.423
1021.04
917.987
936.063
948.466
999.193
902.296
863.733
900.488
919.044
947.088
903.521
945.752
915.882
955.565
904.806
950.016
899.907
821.38
778.113
987.004
798.661
861.619
1008.55
1015.45
829.992
874.2
1032.83
936.186
898.285
907.927
947.264
949.413
902.177
943.616
904.089
894.595
927.316
941.926
959.206
913.026
916.732
886.573
918.777
940.263
896.146
975.468
1011.9
882.023
857.425
963.904
858.624
879.835
1004.76
998.956
861.257
1022.09
867.89
974.112
896.731
941.921
911.268
915.647
749.84
766.377
920.207
854.715
857.368
1026.09
1024.89
1024.38
1033.95
892.029
889.159
881.551
1017.96
920.166
781.292
880.121
950.268
901.638
879.314
954.893
933.632
983.976
919.337
901.304
907.164
993.125
952.283
944.485
904.069
910.661
808.862
950.903
847.836
844.193
1020.42
875.344
903.737
915.143
1022.9
988.614
949.47
1029.73
862.129
862.906
981.849
902.367
1008.57
935.961
795.008
936.737
954.302
794.686
970.3
806.248
816.073
983.929
840.049
995.441
832.171
1005.18
860.461
1024.4
848.785
853.171
861.066
1030.18
913.787
886.571
915.963
969.713
892.216
885.44
973.122
1012.4
965.733
934.595
1003.73
889.612
985.548
888.186
919.217
895.91
978.446
971.373
896.76
931.952
942.798
952.32
981.971
954.776
923.304
931.374
921.12
930.196
928.36
922.484
963.766
920.292
941.422
926.276
922.353
925.006
927.767
882.685
958.364
881.512
988.073
1013.45
884.753
1006.3
962.083
975.884
883.131
959.185
879.049
956.942
897.647
900.682
923.853
980.985
921.311
943.67
925.236
905.333
883.744
899.338
