686.415
765.157
797.84
549.748
1055.35
946.656
904.115
685.531
682.912
678.573
672.538
664.841
655.517
644.62
632.22
618.322
603.173
586.522
568.708
569.851
586.675
607.22
615.294
635.529
642.447
662.011
666.807
678.657
682.415
692.674
694.902
704.287
704.919
711.282
709.402
714.84
716.005
717.594
722.237
720.649
723.724
719.724
726.016
721.808
730.239
725.841
731.096
723.41
729.109
728.502
728.927
735.599
731.383
734.419
725.936
735.423
727.725
741.56
734.28
741.235
725.611
734.331
732.523
732.417
745.04
737.119
738.608
720.957
735.436
721.585
746.513
736.644
744.35
709.823
720.819
713.577
713.504
746.525
736.988
723.891
666.938
670.38
667.834
700.201
745.658
684.779
511.914
451.599
455.88
512.512
425.34
452.877
475.308
846.587
961.358
989.989
999.183
1001.66
1001.64
1000.47
998.591
996.099
992.974
989.14
984.496
978.93
972.321
964.542
955.468
944.978
932.957
919.308
903.963
886.901
868.172
848.161
827.7
809.702
798.618
772.362
774.17
768.725
766.353
766.453
765.676
765.574
765.368
765.249
765.185
765.157
802.091
835.75
867.157
895.402
921.043
943.908
964.188
982.019
997.566
1011.01
1022.55
1032.37
1040.65
1047.59
1053.35
1058.09
1061.96
1065.09
1067.6
1069.59
1071.16
1072.38
1073.31
1074.01
1074.52
1074.88
1075.1
1075.18
1075.15
1075
1074.71
1074.28
1073.68
1072.91
1071.94
1070.76
1069.37
1067.77
1065.95
1063.93
1061.73
1059.37
1056.87
1054.25
1051.54
1048.75
1045.9
1043.02
1040.17
1037.35
1034.52
1031.67
1028.79
1025.93
1023.09
1020.29
1017.52
1014.78
1012.08
1009.41
1006.78
1004.18
1001.62
999.101
996.613
994.158
991.735
989.343
986.982
984.648
982.339
980.046
977.758
975.456
973.127
970.755
968.321
965.792
963.115
960.228
957.06
953.53
949.545
944.996
939.764
933.716
926.708
918.589
909.203
898.392
886.003
871.891
855.924
837.995
818.025
795.882
771.786
745.22
717.108
769.163
746.849
765.367
1071.98
1032.04
1057.7
981.791
729.478
767.636
1068.03
1054.75
684.343
994.557
982.452
732.811
1003.48
943.326
942.34
917.022
1004.62
870.47
646.83
987.357
757.039
766.304
1015.26
683.014
801.711
895.068
751.677
757.352
773.439
766.806
755.922
1071.96
1074.62
1043.55
1073.58
1074.41
776.647
1037.8
764.059
976.768
1012.33
975.882
958.48
968.925
771.635
1032.19
875.918
794.478
804.913
701.264
801.318
626.975
643.253
1026.45
760.745
706.691
762.491
1064.69
603.816
1064.31
760.168
982.705
833.503
801.779
811.536
743.576
707.772
712.575
590.477
835.238
649.116
661.247
912.74
836.63
920.808
999.518
741.071
1010.19
964.002
1009.2
951.819
994.848
932.093
965.287
896.891
1009.87
746.588
775.083
1020.79
992.126
723.308
640.229
767.086
980.417
973.601
842.315
716.545
764.503
747.588
1047.23
731.914
1073.55
737.814
943.708
1010.73
765.744
1067.19
759.07
1070.88
1062.15
1059.82
751.574
1052.05
775.489
1049.28
1074.08
1069.18
1074.68
770.082
758.221
801.501
802.582
658.06
812.913
715.716
609.023
783.177
1065.97
1069.03
764.386
803.871
1048.28
805.04
1056.62
988.435
743.06
773.259
794.433
787.411
1073.17
1072.28
906.997
970.25
833.642
894.448
665.542
681.588
727.591
778.074
629.855
855.029
866.655
770.285
895.237
816.643
920.291
677.687
610.111
928.412
854.535
963.981
974.53
907.667
938.117
999.574
955.33
1011.12
966.509
1002.05
947.853
997.021
989.181
1012.44
1006.66
961.348
925.112
730.964
954.596
695.146
884.541
989.726
911.105
971.284
709.546
978.146
1002.05
1035.02
773.884
755.215
1012.55
754.562
763.674
1023.6
1029.33
759.671
771.554
1018.01
764.504
770.857
1007.23
750.838
722.069
599.878
770.538
985.017
697.711
1040.66
771.377
764.719
766.731
1022.24
1040.3
1052.97
997.311
1072.86
1061.56
764.109
1069.57
753.995
1074.06
1070.75
750.369
1066.27
1057.35
759.934
740.593
1074.42
1046.44
760.532
773.156
1072.89
1074.61
765.038
788.003
1045.37
801.591
693.047
671.325
802.614
801.434
627.117
801.48
835.228
835.068
734.742
740.186
1031.04
1056.54
981.195
796.306
1072.59
935.949
850.373
800.849
950.161
933.191
983.276
1008.86
1037.15
1020.67
903.074
995.722
798.264
760.385
1005.89
979.154
804.623
793.592
805.717
1036.49
804.625
1030.92
1015.23
961.139
806.704
1025
1016.65
893.907
817.737
834.399
812.572
752.682
901.526
697.879
943.219
990.838
786.596
800.443
801.995
751.2
799.405
785.621
1073.14
806.711
802.316
1072.75
1070.7
1051.14
833.598
665.938
766.503
650.098
866.027
834.418
683.135
858.953
708.081
713.924
866.209
880.166
950.284
962.867
1012.84
953.264
1021.99
963.469
1001.19
920.339
938.333
861.068
991.374
972.458
756.323
763.163
1008.52
983.734
986.069
956.094
1022.33
945.533
968.005
1022.1
1000.74
942.798
806.797
1016.09
791.737
998.249
757.599
1011.2
802.168
734.749
799.83
1009.93
1046.13
799.717
1067.95
1067.54
1063.81
793.578
789.726
1042.39
774.546
1071.27
1059.19
804.385
768.62
1063.48
786.764
780.514
1070.27
1073.04
803.825
1071.62
793.967
1053.93
718.775
834.082
834.479
695.628
648.845
834.76
723.907
942.326
770.562
833.254
812.122
1061.47
830.396
1063.66
796.196
991.165
836.283
1046.85
838.08
843.403
978.411
930.097
941.67
1017.34
1029.45
837.247
994.929
863.358
824.938
1068.6
1070.6
1070.18
1027.93
952.692
975.345
960.648
841.153
1009.26
704.054
816.882
974.674
807.459
815.897
1040.37
669.848
865.739
919.704
832.481
707.825
881.174
963.469
790.444
919.675
724.896
859.101
957.195
892.404
973.821
785.371
993.272
796.023
779.918
976.904
976.108
838.313
927.241
912.334
804.113
801.915
1027.84
806.174
1019.38
1003.3
794.396
944.728
1030.89
1021.41
999.461
965.747
978.349
999.957
998.217
794.425
803.46
799.355
1013.91
753.749
946.709
1018.69
1004.04
958.718
1020.82
981.43
1063.93
1021.34
1051.84
837.169
819.255
1061.6
1033.97
1072.03
798.135
1069.5
996.634
1060.38
1033.75
790.949
804.472
1039.25
1065.8
795.195
804.791
772.497
1072.95
1039.3
807.005
837.751
1070.49
1067.12
822.244
834.552
865.268
731.797
862.595
860.925
760.532
743.15
980.396
904.599
1029.4
1021.16
985.519
843.082
874.971
967.371
833.579
947.387
1058.69
844.773
964.85
930.219
998.073
901.641
1056.15
866.67
842.272
840.9
1024.78
1044.29
1037.12
840.682
1022.33
889.825
753.202
726.237
1068.08
981.466
950.23
1030.83
1007.74
1002.56
832.631
800.585
1050.05
834.879
1030.8
838.722
1065.88
1069.32
1070.43
820.378
918.799
884.748
925.353
784.015
825.589
690.037
942.502
749.865
737.184
970.189
872.912
778.492
895.498
760.957
1008.74
790.916
912.479
980.801
839.481
947.509
1031.5
897.241
990.225
925.08
840.623
992.579
1016.29
840.338
1009.47
841.398
841.23
954.712
958.243
1021.77
996.035
973.86
971.661
844.971
842.51
934.465
938.307
997.407
1024.73
1027.38
1006.49
1012.41
842.103
963.037
950.267
1061.45
837.671
826.324
827.536
1054.61
1065.57
828.981
1069.54
1070.58
823.628
831.654
1025.8
840.759
804.544
867.596
834.053
810.045
1058.41
813.949
1067.41
821.483
1068.37
1043.62
864.443
718.735
861.864
775.53
687.633
865.635
784.402
885.218
816.69
829.765
863.543
1065.55
1060.71
1032.35
853.052
960.298
870.05
878.868
914.074
859.986
839.135
1055.38
935.958
1039.49
895.028
889.91
949.953
881.579
987.11
978.283
851.101
1066.75
871.896
1010.22
876.243
993.184
1038.29
944.664
1012.82
947.434
993.337
929.629
816.055
941.254
967.397
895.919
1067.46
1024.79
843.031
888.52
891.368
796.771
724.67
892.683
906.191
962.705
759.506
743.634
849.19
988.092
802.978
885.01
995.71
976.409
962.88
1019.91
894.135
1006.53
1019.72
919.275
821.885
918.913
926.899
1032.27
1028.92
933.365
1038.63
965.243
982.384
987.916
1021.34
840.37
962.511
1005.17
1034.97
857.301
842.757
983.206
842.119
865.742
969.507
840.552
841.61
922.896
956.21
909.829
1011.28
876.978
827.985
1061.1
1049.96
868.52
1058.94
846.455
1017.86
1070.01
858.046
1037.49
826.892
1053.17
836.398
1027.41
839.744
1055.7
1066.25
1063.01
1064.27
848.305
805.871
765.293
739.759
887
707.331
893.482
855.867
967.464
993.843
1027.21
1041.83
1044.28
956.379
762.394
994.386
872.934
838.74
900.767
1031.26
862.563
885.694
1057.62
869.363
954.412
1061.78
972.173
1000.66
804.382
916.495
948.385
1043.68
874.998
908.493
934.37
878.193
989.523
1002.81
875.068
976.475
856.753
1036.25
1014.77
870.199
1066.39
893.905
913.678
917.222
1063.91
910.616
773.272
744.216
909.545
961.384
821.546
772.82
863.017
794.307
932.743
810.227
901.885
1018
1004.09
826.12
1013.67
923.168
1035.41
919.737
1038.74
969.92
892.114
920.786
879.338
1045.25
879.7
950.339
877.565
980.286
991.827
945.797
989.079
958.303
937.732
1039.43
1010.76
873.403
984.811
879.066
998.859
888.055
884.068
954.542
942.407
941.286
966.265
1035.59
1023.49
1064.49
1052.06
854.185
895.69
849.923
1062.71
869.357
1058.35
1066.17
851.906
861.788
833.135
864.675
1052.01
1055.31
871.141
1028.61
1012.24
1065.53
870.574
841.102
785.869
878.33
1061.91
1051.46
1013.17
937.97
1057
995.54
941.861
900.881
898.291
792.889
815.677
998.459
848.812
1036.58
1043.64
953.963
891.556
1046.56
918.743
974.781
932.751
1034.31
910.917
961.431
1006.72
974.945
913.967
922.444
970.442
966.622
907.684
1059.48
1004.58
791.74
1015.59
900.837
1051.41
929.605
1049.09
922.959
929.353
919.783
876.912
873.769
1061.32
982.543
972.767
939.198
778.539
951.148
979.127
862.999
837.239
981.593
832.068
1007.17
895.464
881.561
1019.87
1012.61
1026.01
844.233
909.347
905.361
913.223
855.958
1035.15
859.397
1047.46
1048.87
1040.74
1041.44
1052.45
951.338
945.066
964.236
916.049
911.14
943.674
1046.24
932.716
940.545
974.482
886.161
982.741
952.606
962.851
942.733
985.249
1030.9
911.428
883.142
867.357
1048.36
1061.53
997.631
855.154
896.489
856.106
1040.25
890.545
888.159
1060.89
1060.84
995.004
898.414
864.965
892.236
759.722
911.948
915.401
1027.43
880.673
925.957
1016.72
1017.49
934.898
954.009
985.832
959.207
808.733
977.016
849.4
992.21
859.091
850.89
1008.85
863.625
889.743
893.727
1032.3
1017.5
1024.88
1044.45
914.49
926.801
885.837
1055.43
992.826
1038.69
1001.74
1057.6
892.764
956.371
983.362
1059.54
939.985
975.12
1009.82
1055.83
923.322
881.524
920.42
940.953
976.311
923.452
973.917
937.176
1045.63
927.281
1044.1
921.758
851.164
805.006
1004.92
824.4
889.082
1024.62
1031.21
852.326
897.549
1048.62
960.195
918.488
930.123
972.835
975.429
925.248
968.587
928.953
912.437
1026.17
1040.44
987.156
935.371
939.202
903.837
995.985
964.752
914.83
1046.77
1059.19
899.032
876.272
993.357
877.141
897.306
1054.52
1047.95
879.488
1062.16
888.959
1008.98
916.592
967.203
932.778
937.067
778.128
794.759
942.196
880.536
879.661
1040.84
1044.11
1046.85
1053.68
911.687
908.708
904.054
1050.74
942.286
809.537
899.88
1017.34
922.704
899.402
989.342
968.832
1046.6
941.489
921.198
927.313
1053.35
984.689
971.763
923.975
931.241
837.773
971.044
874.354
868.292
1035.41
895.68
924.798
937.56
1058.11
1033.22
980.115
1056.73
880.2
880.773
1022.24
922.265
1058.4
956.723
824.227
960.997
974.234
822.619
989.303
833.709
842.94
1001.97
867.256
1012.54
857.679
1021.41
885.592
1038.92
872.206
875.993
882.887
1045.15
935.473
906.038
937.806
1019.71
914.354
907.657
1026.6
1051.91
1012.08
958.442
1054.3
911.153
1051.61
909.414
941.291
917.017
1037.94
1047.39
918.115
964.214
968.801
1024.45
1051.39
1030.96
948.284
954.836
943.293
960.106
951.383
944.771
1042.62
942.936
966.862
949.007
946.432
947.568
955.667
902.311
1037.05
901.203
1050.26
1028.96
904.187
1052.81
1004.84
1032.6
902.654
998.698
898.91
993.692
918.731
921.768
946.28
1042.54
944.603
970.252
951.486
925.312
903.203
920.427
