930.691
931.418
1019.63
765.727
1098.35
1098.33
1098.32
930.498
930.158
929.546
928.356
926.113
922.014
914.931
903.43
886.228
863.103
836.202
809.407
805.609
827.31
847.398
690.316
711.967
690.041
861.68
790.957
670.896
478.476
463.784
499.866
499.229
436.707
461.169
636.486
976.039
1031.06
1051.19
1057.85
1060.26
1061.14
1061.47
1061.59
1061.64
1061.65
1061.66
1061.66
1061.66
1061.66
1061.66
1061.66
1061.66
1061.66
1061.66
1061.66
1061.66
1061.66
1061.67
1061.66
1061.66
1061.66
1061.66
1061.66
1061.66
1061.66
1061.66
1061.66
1061.67
1061.67
1061.67
1061.67
1061.66
1061.66
1061.66
1061.66
1061.66
1061.66
1061.66
1061.66
1061.66
1061.66
1061.66
1061.67
1061.67
1061.67
1061.67
1061.66
1061.66
1061.66
1061.66
1061.66
1061.66
1061.66
1061.66
1061.66
1061.66
1061.66
1061.66
1061.66
1061.66
1061.66
1061.66
1061.66
1061.66
1061.66
1061.64
1061.62
1061.57
1061.48
1061.28
1060.88
1060.14
1058.78
1056.45
1052.73
1047.33
1040.53
1032.91
1030.91
1032.92
1029.19
1013.62
964.315
952.104
944.339
938.406
934.787
932.783
931.83
931.464
990.959
1022.38
1049.17
1069.57
1083.02
1091.02
1095.44
1097.75
1098.91
1099.47
1099.74
1099.86
1099.92
1099.95
1099.96
1099.96
1099.97
1099.97
1099.97
1099.97
1099.97
1099.97
1099.97
1099.97
1099.97
1099.97
1099.97
1099.97
1099.97
1099.97
1099.97
1099.97
1099.97
1099.97
1099.97
1099.97
1099.97
1099.97
1099.97
1099.97
1099.97
1099.97
1099.97
1099.97
1099.97
1099.97
1099.97
1099.97
1099.97
1099.97
1099.97
1099.97
1099.97
1099.97
1099.97
1099.97
1099.97
1099.97
1099.97
1099.97
1099.97
1099.97
1099.97
1099.97
1099.97
1099.97
1099.97
1099.97
1099.97
1099.97
1099.97
1099.97
1099.97
1099.97
1099.97
1099.97
1099.96
1099.96
1099.96
1099.95
1099.95
1099.93
1099.91
1099.89
1099.85
1099.8
1099.73
1099.61
1099.43
1099.1
1098.48
1097.26
1094.89
1090.42
1082.37
1068.86
1048.42
1021.61
990.242
1075.49
919.993
1075.49
1099.96
1099.85
1099.95
1097.75
645.223
1075.49
1099.96
1099.96
821.616
1099.96
1075.44
1075.49
1075.49
1099.85
1074.65
1099.52
1099.96
1097.11
1075.49
1099.96
1075.49
1075.49
1099.96
979.302
1010.33
1069.48
1065.62
1075.48
1075.49
1075.49
1074.98
1099.96
1099.96
1099.96
1099.96
1099.96
1075.49
1099.96
1075.49
1075.49
1075.49
1099.96
1099.94
1099.96
1075.49
1099.96
1065.85
1068.57
1044
986.467
991.603
895.134
939.185
1099.96
1075.49
724.98
1075.48
1099.96
1075.49
1099.96
1075.49
1099.96
1052.71
990.71
1046.98
1020.84
987.783
988.647
856.781
1022.07
922.38
900.659
1072.39
1090.25
1083.02
1099.96
1075.49
1075.49
1099.95
1075.49
1099.91
1075.48
1099.74
1075.29
1098.97
1099.96
1075.49
1075.49
1099.96
1099.96
1075.49
1075.49
1075.49
1099.96
1099.96
1075.49
655.127
1075.49
993.406
1099.94
700.116
1099.96
770.164
1091.03
1099.46
1075.49
1099.96
1075.29
1099.96
1099.96
1099.96
1071.86
1099.96
1075.49
1099.96
1099.96
1099.96
1099.96
1075.49
1075.42
997.105
1022.17
958.255
1044.65
989.462
885.435
1075.16
1099.92
1099.92
878.736
1082.71
1099.92
1082.71
1099.92
1099.92
803.559
1082.71
1082.71
1082.26
1099.92
1099.92
1082.71
1099.92
1037.5
1069.46
919.631
983.797
1017.14
1042.66
904.026
1060.01
1048.9
1047.93
1069.88
1082.16
1083.08
873.051
877.579
1073.85
1094.73
1095.44
1075.39
1099.32
1099.81
1075.48
1099.93
1075.49
1099.95
1075.49
1099.89
1099.96
1075.47
1075.49
1075.49
1099.95
1099.65
1075.49
1075.07
1075.49
1098.33
1099.96
1075.49
1099.96
1075.49
1099.96
1099.96
1099.96
1075.49
1075.49
1099.96
1075.49
1075.49
1099.96
1099.96
1075.49
1075.49
1099.96
1075.48
1075.49
1099.96
1075.49
622.86
1075.49
1075.49
1099.96
786.973
1099.96
1075.49
1075.48
1075.49
1099.73
1099.91
1099.95
1098.9
1099.96
1099.96
1075.49
1099.96
1074.13
1099.96
1099.96
1048.89
1099.96
1099.96
1075.48
836.599
1099.96
1099.96
1075.46
1075.49
1099.96
1099.96
1075.49
1082.54
1099.92
1002.63
984.014
971.227
1033.66
993.643
914.008
990.81
1055.46
1056.06
1018.92
1020.13
1099.82
1099.92
1097.75
1082.7
1099.92
1080.84
1094.14
1082.71
1099.87
1099.65
1082.61
1082.71
1099.83
1082.71
1098.92
1099.92
1082.71
1082.71
1099.92
1099.92
1082.7
1082.71
1082.7
1099.92
1082.71
1099.92
1082.7
1099.91
1082.71
1099.92
1099.92
1069.81
1088.36
1027.36
1081.46
1043.3
1076.2
880.505
1091.09
1099.92
1082.71
1082.7
1082.71
810.186
1082.7
1079.74
1099.92
1082.7
1082.71
1099.92
1099.92
1099.92
1044.6
961.68
1047.04
917.883
1048.82
1022.73
907.976
1064.59
1008.58
852.448
1096.54
1097.81
1081.77
1082.25
1082.71
1099.89
1082.71
1099.92
1082.7
1099.39
1099.74
1082.71
1082.66
1099.92
1082.71
1082.71
1099.92
1099.92
1099.92
1099.9
1082.71
1082.71
1099.92
1099.92
1099.92
1099.8
1082.71
1082.71
1082.71
1082.69
836.326
1099.92
1082.71
811.014
1082.69
1099.44
1099.9
1082.69
1099.92
1099.92
1099.92
1082.71
1082.65
1099.92
1011.31
1099.92
1099.92
1082.71
926.511
1099.92
1081.56
1063.43
1099.92
1099.92
1082.71
1099.92
1082.71
1099.92
1014.13
1031.59
1051.38
999.026
933.601
1022.09
929.837
1086.5
920.169
1088.71
1083.69
1099.83
1088.62
1099.83
1010.23
1088.6
1088.72
1099.83
1088.69
1092.76
1099.83
1099.47
1099.74
1088.72
1088.71
1088.72
1099.83
1058.58
1088.72
1099.83
1099.83
1099.83
1088.66
1099.83
1088.72
1099.83
1088.73
1099.79
1003.44
1082.71
1099.92
1068.38
1087.84
1099.83
945.282
1049.42
1079.13
1089.61
941.491
1071.46
1095.47
1067.72
1083.32
827.77
1095.22
1087.61
1098.5
1082.49
957.242
1099.92
1082.71
1082.71
1099.92
1099.83
1088.73
1099.54
1099.19
1082.7
1082.71
1099.92
1082.71
1099.92
1099.92
1082.7
1099.78
1088.71
1088.72
1088.65
1099.92
1082.7
1099.83
1099.92
1082.71
1082.71
1082.71
1099.92
1082.71
1099.84
1082.71
1082.7
1099.91
1082.7
1099.92
1099.83
1099.7
1099.91
1088.72
1088.58
1099.92
1099.83
1099.92
1082.69
1099.92
1098.89
1099.92
1099.92
1082.69
1082.71
1099.87
1099.92
1082.71
1082.71
972.654
1099.92
1099.92
1082.7
1088.71
1099.83
1099.83
1088.73
1024.57
1052.7
1032.95
1062.4
1066.37
1045.57
1039.59
1097.75
1098.42
1099.73
1099.65
1099.83
1088.71
1088.7
1099.83
1089.84
1090.59
1099.65
1092.95
1099.66
1099.49
1093.06
1093.23
1099.83
1093.23
1088.71
1088.65
1093.22
1099.81
1093.17
1088.65
1099.81
1074.41
1051.23
987.081
1099.72
1088.46
1099.82
1088.67
1099.83
1099.83
1088.69
1034.39
1099.83
1088.72
1099.83
1088.66
1099.83
1099.83
1099.83
1088.68
1083.69
1074.94
1084.41
1066.15
1088.17
948.096
1091.22
911.582
918.154
1088.18
1096.58
935.503
1097.98
912.012
1099.37
983.238
1098.78
1099.83
1088.71
1099.8
1088.69
1088.69
1099.83
1099.29
1088.64
1099.83
1099.82
1088.73
1099.82
1088.7
1088.67
1099.83
1099.83
1088.66
1088.71
1099.83
1099.83
1088.72
1088.7
1099.6
1099.69
1099.83
1088.71
1088.7
1088.68
1088.7
1088.72
1099.83
1088.71
1099.83
1088.7
1088.71
1088.67
1099.83
1099.83
1088.59
1099.83
1099.83
1088.73
1088.64
1099.86
1088.68
1053.99
1093.21
1088.72
1078.03
1099.83
1086.58
1099.83
1088.72
1099.83
1099.83
1055.29
1021.59
1065.44
1063.56
977.273
1050.76
989.082
1096.03
1039.36
1075.53
1093.2
1099.64
1099.66
1099.65
1093.22
1099.65
1093.13
1093.18
1098.57
1093.05
1090.24
1099.66
1099.61
1093.13
1096.16
1093.17
1093.17
1093.05
1099.65
1099.66
1093.27
1099.64
1093.05
1099.67
1093.29
1099.54
1093.08
1099.71
1093.21
1099.64
1099.64
1088.07
1085.24
1091.33
1099.66
1093.2
1099.67
1099.65
1092.59
1075.86
1072.95
1077.12
1016.57
1071.7
1080.79
1095.53
983.633
985.211
1092.44
1092.93
1010.06
1097.42
1098.85
1092.6
1091.92
1099.62
1096.82
1093.1
1093.19
1099.07
1053.58
1098.93
1099.37
1093.2
1093.21
1099.57
1093.14
1099.83
1099.65
1099.83
1099.84
1088.72
1099.65
1099.83
1093.17
1088.71
1088.71
1099.83
1088.7
1093.24
1099.83
1088.67
1088.69
1088.69
1099.83
1093.24
1088.68
1093.27
1088.61
1099.65
1099.82
1093.18
1099.83
1093.11
1099.65
1099.83
1092.95
1099.79
1088.69
1099.83
1087.35
1099.83
1088.62
1099.65
1099.62
1099.65
1099.66
1093.22
1079.96
1059.14
1037.98
1076.32
985.452
1070.63
1093.08
1094.64
1095.81
1099.56
1099.64
1099.66
1099.65
1027.56
1098.75
1092.29
1068.13
1097.2
1096.13
1094.37
1095.92
1099.31
1095.95
1096.15
1099.29
1099.67
1099.31
1079.79
1099.03
1099.32
1096.03
1095.14
1098.11
1093.19
1093.19
1099.65
1099.66
1093.24
1099.67
1092.92
1099.65
1099.66
1093.05
1099.65
1096.17
1084.78
1083.99
1099.39
1096.36
1063.23
1023.79
1083.63
1095.54
1084.34
984.134
1094.03
997.794
1090.1
1024.09
1097.52
1099.46
1095.92
1065.81
1093.13
1099.19
1096.11
1099.18
1096.06
1099.67
1093.16
1093.22
1093.11
1096
1093.03
1099.65
1093.22
1099.66
1099.65
1099.3
1099.54
1099.65
1099.62
1093.08
1099.72
1093.13
1099.65
1093.15
1093.16
1093.16
1093.11
1099.65
1099.65
1099.57
1093.14
1093.11
1093.22
1099.65
1099.66
1093.2
1096.1
1093.28
1099.66
1093.15
1099.67
1099.59
1093.23
1093.13
1082.58
1093.22
1099.65
1099.32
1096.05
1099.65
1099.67
1099.65
1093
1091.78
1072.1
1096.1
1099.31
1099.35
1099.32
1096.03
1099.32
1099.47
1099.3
1095.9
1095.99
1032.6
1043.61
1097.49
1081.94
1097.81
1099.36
1099.36
1097.79
1096
1097.89
1096.14
1099.3
1096.11
1096.16
1099.34
1096
1099.31
1096.03
1095.98
1099.31
1099.32
1096.23
1099.31
1099.31
1070.52
1099.16
1098.22
1098.74
1098.71
1097.72
1099.29
1099.4
1097.85
1096.23
1096.19
1099.15
1099.31
1099.17
1091.3
1029.64
1093.05
1097.7
1090.79
1087.14
1095.43
1059.62
1099.24
1096.29
1093.76
1096
1095.94
1096.05
1075.62
1098.42
1097.91
1098.8
1090.38
1099.61
1092.84
1099.65
1099.33
1097.79
1096.03
1099.33
1099.34
1096.08
1096.16
1095.9
1096.28
1099.3
1095.96
1096.01
1099.31
1099.67
1093.14
1093.12
1099.66
1099.33
1099.64
1096.08
1093.18
1096.09
1095.8
1095.71
1099.66
1099.18
1099.32
1093.15
1096.06
1092.97
1099.66
1096.11
1096.02
1099.31
1099.32
1099.33
1095.9
1095.22
1096.14
1048.44
1084.78
1084.37
1099.33
1095.94
1096.02
1095.98
1099.32
1090.93
1094.36
1097.08
1095.38
1074.81
1097.49
1082.93
1098.5
1085.59
1078.18
1097.61
1086.98
1096.07
1097.08
1099.28
1097.65
1097.7
1099.33
1097.83
1098.67
1097.3
1098.72
1097.85
1099.36
1097.87
1098.72
1097.79
1099.37
1097.79
1098.88
1098.84
1097.73
1097.85
1098.76
1098.67
1095.77
1097.8
1097.89
1098.7
1097.71
1098.73
1097.98
1096.04
1099.3
1096.23
1099.09
1089.15
1036.91
1098.96
1051.06
1095.13
1099.24
1097.76
1086.72
1097.78
1098.76
1099.36
1095.9
1099.26
1099.31
1099.28
1099.33
1099.32
1096.01
1096.05
1096.02
1096.22
1099.37
1099.32
1099.32
1096.03
1096.03
1099.32
1095.96
1095.98
1099.32
1095.85
1096.32
1099.36
1096.11
1096.01
1099.34
1099.36
1096.08
1099.28
1097.62
1099.32
1097.86
1098.94
1098.77
1091.22
1054.55
1058.14
1098.04
1092.99
1095.99
1098.77
1097.76
1097.74
1098.73
1097.76
1097.67
1098.5
1097.7
1098.79
1061.06
1097.77
1097.8
1098.71
1097.94
1098.74
1097.71
1098.73
1097.82
1097.76
1097.66
1098.74
1098.73
1098.76
1097.65
1097.77
1080.32
1096.18
1090.75
1090.24
1098.74
1097.88
1098.66
1099.33
1098.71
1099.34
1098.71
1098.72
1096.02
1095.82
1099.32
1097.73
1098.9
1095.04
1077.72
1098.9
1097.03
1064.66
1098
1068.8
1073.33
1098.43
1088.23
1098.6
1082.81
1098.66
1094.74
1099.32
1092.77
1094.67
1096.81
1098.77
1098.8
1097.59
1098.82
1098.81
1098.96
1098.7
1098.82
1097.69
1098.78
1099.37
1098.01
1098.76
1097.48
1098.62
1098.82
1098.75
1098.79
1097.81
1098.86
1097.72
1098.85
1097.75
1097.98
1097.71
1097.66
1098.76
1098.76
1097.73
1098.71
1098.74
1097.73
1097.78
1098.86
1098.69
1097.71
1098.71
1097.7
1097.74
1097.7
1097.76
1098.73
1098.7
1097.57
1097.72
1098.74
1098.81
1097.67
1098.73
1097.81
1098.73
1098.75
1098.74
1098.73
1098.76
1097.74
1098.8
1097.67
1097.64
1097.61
1098.75
