981.896
982.169
1049.55
885.19
1099.94
1099.93
1099.93
981.765
981.704
981.688
981.655
981.612
981.504
981.28
980.741
979.418
976.027
967.233
944.53
945.9
968.279
976.672
979.738
980.588
979.988
976.978
966.066
934.855
686.738
534.338
540.88
541.353
534.104
708.976
1006.6
1051.26
1066.88
1071.73
1073.38
1073.96
1074.16
1074.23
1074.26
1074.27
1074.27
1074.27
1074.27
1074.27
1074.27
1074.27
1074.27
1074.27
1074.27
1074.27
1074.27
1074.27
1074.27
1074.27
1074.27
1074.27
1074.27
1074.27
1074.27
1074.27
1074.27
1074.27
1074.27
1074.27
1074.27
1074.27
1074.27
1074.27
1074.27
1074.27
1074.27
1074.27
1074.27
1074.27
1074.27
1074.27
1074.27
1074.27
1074.27
1074.27
1074.27
1074.27
1074.27
1074.27
1074.27
1074.27
1074.27
1074.27
1074.27
1074.27
1074.27
1074.27
1074.27
1074.27
1074.27
1074.27
1074.27
1074.27
1074.27
1074.27
1074.27
1074.27
1074.27
1074.27
1074.27
1074.27
1074.26
1074.24
1074.18
1074.05
1073.72
1072.85
1070.59
1064.75
1064.4
1070.26
1072.51
1073.17
1072.78
1070.63
1064.13
1026.22
989.917
984.453
982.648
982.196
1054.58
1082.54
1093.31
1097.45
1099.03
1099.63
1099.86
1099.95
1099.98
1099.99
1100
1100
1100
1100
1100
1100
1100
1100
1100
1100
1100
1100
1100
1100
1100
1100
1100
1100
1100
1100
1100
1100
1100
1100
1100
1100
1100
1100
1100
1100
1100
1100
1100
1100
1100
1100
1100
1100
1100
1100
1100
1100
1100
1100
1100
1100
1100
1100
1100
1100
1100
1100
1100
1100
1100
1100
1100
1100
1100
1100
1100
1100
1100
1100
1100
1100
1100
1100
1100
1100
1100
1100
1100
1100
1100
1100
1099.99
1099.99
1099.99
1099.99
1099.97
1099.94
1099.84
1099.6
1098.97
1097.35
1093.15
1082.34
1054.39
1090.06
1025.54
1090.06
1100
1100
1100
1099.95
888.414
1090.06
1100
1100
1049.18
1100
1090.06
1090.06
1090.06
1099.99
1090.04
1099.99
1100
1099.94
1090.06
1100
1090.06
1090.05
1100
1052.75
1086.56
1097.46
1087.67
1090.05
1090.06
1090.06
1089.95
1100
1100
1100
1100
1100
1090.06
1100
1090.06
1090.06
1090.06
1100
1100
1100
1090.06
1100
1089.4
1097.33
1088.02
1052.78
1055.78
1047.69
1050.41
1100
1090.06
1003.16
1090.05
1100
1090.06
1100
1090.06
1100
1086.05
1054.25
1085.83
1081.93
1052.74
1052.98
1011.92
1082.38
1051.39
1052.55
1089.93
1099.6
1099.04
1100
1090.06
1090.05
1100
1090.06
1100
1090.06
1099.99
1090.05
1099.98
1100
1090.06
1090.06
1100
1100
1090.06
1090.06
1090.06
1100
1100
1090.06
954.505
1090.06
1070.54
1100
888.907
1100
913.038
1099.64
1099.99
1090.06
1100
1090.02
1100
1100
1100
1089.21
1100
1090.06
1100
1100
1100
1100
1090.06
1090.04
1070.89
1088.33
1051.83
1079.94
1053.58
1037.04
1094.27
1100
1100
1023.79
1096.16
1100
1096.15
1100
1100
1044.6
1096.16
1096.16
1096.06
1100
1100
1096.16
1100
1093.69
1097.54
1079.15
1080.18
1081.29
1082.75
1064.44
1088.45
1093.28
1093.06
1089.77
1098.97
1099.08
1052.14
1037.73
1090
1099.84
1099.86
1090.06
1099.99
1099.99
1090.06
1100
1090.06
1100
1090.06
1100
1100
1090.06
1090.06
1090.06
1100
1099.99
1090.06
1090.05
1090.06
1099.97
1100
1090.06
1100
1090.06
1100
1100
1100
1090.06
1090.06
1100
1090.06
1090.06
1100
1100
1090.06
1090.06
1100
1090.05
1090.06
1100
1090.06
908.894
1090.06
1090.06
1100
1039.8
1100
1090.06
1090.05
1090.06
1100
1100
1100
1099.98
1100
1100
1090.06
1100
1089.75
1100
1100
1083.18
1100
1100
1090.06
967.185
1100
1100
1090.05
1090.06
1100
1100
1090.05
1096.12
1100
1080.33
1052.89
1052.46
1088.68
1061.7
1046.76
1054.38
1094.28
1092.04
1081.43
1081.7
1100
1100
1099.95
1096.15
1100
1096.09
1099.84
1096.16
1099.99
1099.99
1096.16
1096.16
1100
1096.16
1099.98
1100
1096.16
1096.16
1100
1100
1096.15
1096.16
1096.15
1100
1096.16
1100
1096.15
1100
1096.16
1100
1100
1097.71
1098.44
1088.63
1098.95
1092.61
1095.84
1080.37
1099.65
1100
1096.16
1096.15
1096.16
1030.99
1096.15
1095.46
1100
1096.15
1096.16
1100
1100
1100
1094.82
1078.66
1092.92
1075.07
1093.41
1083.56
1080.49
1094.49
1081.13
1078.31
1099.93
1099.96
1096.13
1096.15
1096.16
1100
1096.16
1100
1096.15
1099.98
1099.99
1096.16
1096.16
1100
1096.16
1096.16
1100
1100
1100
1100
1096.15
1096.16
1100
1100
1100
1099.99
1096.16
1096.16
1096.15
1096.16
1023.13
1100
1096.16
1060.07
1096.14
1099.99
1100
1096.14
1100
1100
1100
1096.16
1096.15
1100
1068.46
1100
1100
1096.16
1033.46
1100
1095.9
1091.14
1100
1100
1096.16
1100
1096.16
1100
1081.27
1091.55
1094.98
1080.84
1074.72
1082.55
1091.62
1098.45
1078.88
1098.51
1097.25
1100
1098.48
1100
1075.6
1098.51
1098.51
1100
1098.5
1099.82
1100
1099.97
1099.99
1098.51
1098.51
1098.51
1100
1097.23
1098.51
1100
1100
1100
1098.49
1100
1098.51
1100
1098.52
1100
1091.46
1096.15
1100
1092.08
1098.31
1100
1085.7
1093.88
1096
1099.59
1091.45
1095.45
1099.87
1097.27
1099.15
1071.72
1099.91
1098.49
1099.98
1096.15
1071.98
1100
1096.16
1096.15
1100
1100
1098.51
1099.98
1099.98
1096.15
1096.15
1100
1096.16
1100
1100
1096.15
1099.99
1098.51
1098.51
1098.51
1100
1096.15
1100
1100
1096.16
1096.16
1096.15
1100
1096.16
1099.99
1096.16
1096.16
1100
1096.15
1100
1100
1100
1100
1098.51
1098.48
1100
1100
1100
1096.14
1100
1099.98
1100
1100
1096.16
1096.15
1100
1100
1096.15
1096.16
1049.75
1100
1100
1096.15
1098.51
1100
1100
1098.52
1085.76
1095.62
1092.4
1097.62
1096.78
1092.75
1092.53
1099.95
1099.95
1100
1099.99
1100
1098.51
1098.51
1100
1099.78
1099.35
1099.99
1099.36
1099.99
1099.97
1099.41
1099.42
1100
1099.42
1098.51
1098.49
1099.42
1100
1099.41
1098.49
1100
1098.8
1096.86
1095.81
1099.99
1098.51
1099.99
1098.5
1100
1100
1098.5
1080.96
1100
1098.51
1100
1098.49
1100
1100
1100
1098.51
1099.24
1097.78
1098.36
1097.18
1099.57
1089.94
1099.68
1087.94
1090.52
1098.5
1099.94
1074.43
1099.95
1083.78
1099.99
1072.33
1099.96
1100
1098.51
1099.99
1098.5
1098.5
1100
1099.96
1098.49
1100
1100
1098.52
1100
1098.51
1098.5
1100
1100
1098.49
1098.51
1100
1100
1098.51
1098.51
1099.98
1099.98
1100
1098.51
1098.51
1098.51
1098.51
1098.51
1100
1098.51
1100
1098.51
1098.51
1098.5
1100
1100
1098.47
1100
1100
1098.51
1098.49
1100
1098.5
1086.94
1099.42
1098.51
1095.45
1100
1098.01
1100
1098.52
1100
1100
1096.52
1092.12
1097.56
1097.09
1089.85
1094.67
1093.43
1099.88
1089.7
1094.64
1099.42
1099.99
1099.99
1099.99
1099.42
1099.99
1099.41
1099.41
1099.91
1099.39
1098.67
1099.99
1099.98
1099.4
1099.77
1099.41
1099.41
1099.39
1099.99
1099.99
1099.43
1099.99
1099.39
1099.99
1099.43
1099.99
1099.4
1099.99
1099.42
1099.99
1099.99
1099.27
1099.52
1099.71
1099.99
1099.42
1099.99
1099.99
1099.28
1098.86
1098.59
1098.85
1095.89
1098.3
1098.18
1099.88
1095.87
1096.21
1099.86
1099.41
1090.28
1099.95
1099.98
1099.41
1099.39
1099.99
1099.88
1099.41
1099.42
1099.96
1090.81
1099.92
1099.96
1099.42
1099.42
1099.98
1099.41
1100
1099.99
1100
1100
1098.51
1099.99
1100
1099.41
1098.51
1098.51
1100
1098.51
1099.42
1100
1098.5
1098.5
1098.5
1100
1099.42
1098.5
1099.43
1098.48
1099.99
1100
1099.41
1100
1099.4
1099.99
1100
1099.38
1100
1098.5
1100
1097.86
1100
1098.48
1099.99
1099.99
1099.99
1099.99
1099.42
1098.91
1097.01
1096.57
1098.63
1094.2
1098
1099.4
1099.74
1099.76
1099.99
1099.99
1099.99
1099.99
1098.13
1099.98
1099.71
1095.95
1099.77
1099.77
1099.37
1099.75
1099.98
1099.73
1099.77
1099.98
1099.99
1099.98
1099.43
1099.93
1099.98
1099.76
1099.89
1099.89
1099.41
1099.41
1099.99
1099.99
1099.42
1099.99
1099.37
1099.99
1099.99
1099.39
1099.99
1099.77
1099.45
1099.33
1099.98
1099.79
1098.6
1097.57
1099.08
1099.89
1099.68
1094.87
1099.89
1091.72
1099.61
1089.43
1099.88
1099.99
1099.76
1092.58
1099.41
1099.94
1099.76
1099.96
1099.76
1099.99
1099.41
1099.42
1099.4
1099.75
1099.39
1099.99
1099.42
1099.99
1099.99
1099.98
1099.99
1099.99
1099.99
1099.4
1099.99
1099.4
1099.99
1099.41
1099.41
1099.41
1099.4
1099.99
1099.99
1099.99
1099.41
1099.4
1099.42
1099.99
1099.99
1099.42
1099.76
1099.43
1099.99
1099.41
1099.99
1099.99
1099.42
1099.4
1096.49
1099.42
1099.99
1099.98
1099.75
1099.99
1099.99
1099.99
1099.38
1099.09
1098.76
1099.76
1099.98
1099.98
1099.98
1099.76
1099.98
1099.99
1099.98
1099.74
1099.75
1097.78
1096.64
1099.9
1097
1099.9
1099.98
1099.98
1099.89
1099.75
1099.91
1099.77
1099.98
1099.76
1099.77
1099.98
1099.75
1099.98
1099.76
1099.75
1099.98
1099.98
1099.78
1099.98
1099.98
1099.27
1099.98
1099.86
1099.95
1099.95
1099.89
1099.97
1099.98
1099.9
1099.78
1099.77
1099.97
1099.98
1099.98
1099.73
1098.11
1099.7
1099.95
1099.74
1099.76
1099.76
1095.82
1099.99
1099.73
1099.7
1099.76
1099.75
1099.76
1096.35
1099.86
1099.82
1099.9
1098.45
1099.99
1099.01
1099.99
1099.98
1099.9
1099.76
1099.98
1099.98
1099.76
1099.77
1099.74
1099.78
1099.98
1099.75
1099.76
1099.98
1099.99
1099.41
1099.4
1099.99
1099.98
1099.99
1099.76
1099.41
1099.76
1099.73
1099.68
1099.99
1099.97
1099.98
1099.41
1099.76
1099.38
1099.99
1099.76
1099.76
1099.98
1099.98
1099.98
1099.74
1099.57
1099.77
1098.31
1099.39
1099.41
1099.98
1099.75
1099.76
1099.75
1099.98
1099.72
1099.83
1099.89
1099.89
1099.5
1099.95
1099.39
1099.97
1099.31
1098.27
1099.9
1098.49
1099.57
1099.69
1099.98
1099.89
1099.89
1099.98
1099.9
1099.95
1099.8
1099.95
1099.9
1099.98
1099.9
1099.95
1099.89
1099.98
1099.9
1099.96
1099.96
1099.9
1099.9
1099.96
1099.95
1099.73
1099.9
1099.91
1099.95
1099.89
1099.95
1099.91
1099.76
1099.98
1099.78
1099.97
1099.76
1097.23
1099.98
1096.08
1099.71
1099.98
1099.9
1097.72
1099.79
1099.96
1099.98
1099.74
1099.98
1099.98
1099.98
1099.97
1099.98
1099.76
1099.76
1099.76
1099.78
1099.98
1099.98
1099.98
1099.76
1099.76
1099.98
1099.75
1099.75
1099.98
1099.74
1099.79
1099.98
1099.77
1099.76
1099.98
1099.98
1099.76
1099.98
1099.86
1099.98
1099.9
1099.96
1099.96
1099.74
1098.93
1099.08
1099.92
1099.36
1099.54
1099.96
1099.9
1099.9
1099.95
1099.9
1099.89
1099.91
1099.89
1099.96
1098.99
1099.9
1099.9
1099.95
1099.91
1099.95
1099.89
1099.95
1099.9
1099.9
1099.89
1099.95
1099.95
1099.96
1099.89
1099.9
1099.47
1099.87
1099.29
1098.73
1099.96
1099.9
1099.95
1099.98
1099.95
1099.98
1099.95
1099.95
1099.76
1099.74
1099.98
1099.9
1099.96
1099.87
1099.52
1099.96
1099.93
1098.8
1099.95
1098.57
1098.37
1099.95
1099.28
1099.95
1098.31
1099.95
1099.46
1099.98
1099.02
1099.31
1099.7
1099.96
1099.96
1099.89
1099.96
1099.96
1099.96
1099.93
1099.96
1099.89
1099.96
1099.98
1099.92
1099.95
1099.88
1099.95
1099.96
1099.95
1099.96
1099.9
1099.96
1099.89
1099.96
1099.9
1099.91
1099.89
1099.89
1099.96
1099.96
1099.9
1099.95
1099.95
1099.9
1099.9
1099.96
1099.95
1099.89
1099.95
1099.89
1099.9
1099.89
1099.9
1099.95
1099.95
1099.88
1099.89
1099.95
1099.96
1099.89
1099.95
1099.9
1099.95
1099.96
1099.95
1099.95
1099.96
1099.9
1099.96
1099.89
1099.89
1099.89
1099.96
