922.773
931.138
1019.78
787.599
1096.56
1096.46
1081.98
922.744
922.456
921.765
920.458
918.16
914.333
908.255
899.193
886.581
869.973
847.75
815.243
816.528
848.852
869.571
883.593
892.346
896.779
898.553
899.483
872.129
932.76
951.46
928.366
927.954
954.277
933.341
856.652
881.423
876.479
898.861
811.09
777.945
807.856
811.751
784.277
826.024
935.329
907.691
897.8
864.814
973.029
1013.96
972.325
975.873
1030.39
992.867
871.032
917.214
931.411
913.414
676.797
529.457
536.109
536.702
529.632
701.194
993.169
1036.99
1052.32
1057.08
1058.7
1059.27
1059.46
1059.53
1059.56
1059.57
1059.57
1059.57
1059.57
1059.57
1059.57
1059.57
1059.57
1059.57
1059.57
1059.57
1059.57
1059.57
1059.57
1059.57
1059.57
1059.57
1059.57
1059.57
1059.57
1059.57
1059.57
1059.57
1059.57
1059.57
1059.57
1059.57
1059.57
1059.57
1059.57
1059.56
1059.55
1059.52
1059.46
1059.36
1059.16
1058.8
1058.15
1057.07
1055.33
1052.7
1048.99
1044.04
1037.38
1027.87
1027.05
1035.09
1039.36
1040.43
1038.16
1031.42
1016.33
987.223
958.084
943.474
936.213
932.374
967.585
1009.92
1038.52
1059.01
1073.93
1084.26
1090.92
1094.95
1097.26
1098.53
1099.2
1099.54
1099.71
1099.8
1099.84
1099.85
1099.86
1099.87
1099.87
1099.87
1099.87
1099.87
1099.87
1099.87
1099.87
1099.87
1099.87
1099.87
1099.87
1099.87
1099.87
1099.87
1099.87
1099.87
1099.87
1099.87
1099.87
1099.87
1099.87
1099.87
1099.87
1099.87
1099.87
1099.87
1099.87
1099.87
1099.87
1099.87
1099.87
1099.87
1099.87
1099.87
1099.87
1099.87
1099.87
1099.87
1099.86
1099.86
1099.86
1099.85
1099.85
1099.84
1099.84
1099.83
1099.82
1099.81
1099.8
1099.78
1099.77
1099.75
1099.72
1099.69
1099.65
1099.61
1099.56
1099.51
1099.45
1099.4
1099.34
1099.28
1099.2
1099.11
1099.01
1098.89
1098.77
1098.64
1098.49
1098.26
1097.87
1097.11
1095.69
1093.07
1088.53
1081.07
1069.64
1053.37
1031.45
1001.72
958.815
980.623
928.887
857.536
1099.84
1099.51
1099.82
1094.99
880.363
888.904
1099.84
1099.84
933.229
1099.76
1067.9
1068.02
1068.01
1098.62
1066.53
1097.93
1099.81
1092.81
1068.02
1099.72
1068.02
1068.01
1099.83
948.038
1040.41
1059.41
932.094
945.237
894.281
1048.87
973.622
1099.84
1099.84
1099.84
1099.84
1099.84
1065.68
1099.84
1068.02
1068.02
1068.02
1099.55
1099.09
1099.36
1067.72
1099.84
1056.96
1053.04
1047.42
954.698
978.644
900.253
918.272
1099.84
1067.98
925.664
848.582
1099.83
1068.02
1099.84
928.781
1099.67
1044.82
968.378
1043.14
1000.75
956.125
957.102
841.904
1010.45
915.883
925.762
1063.57
1080.84
1074.22
1099.79
1068.02
1068.02
1099.23
1068.02
1098.88
1067.99
1098.33
1067.59
1096.8
1099.82
1068.02
1068.01
1099.83
1099.75
1068.02
1068.02
906.119
1099.64
1099.49
1068.02
898.4
973.089
930.936
1099.76
880.517
1099.84
881.666
1084.43
1098.51
914.92
1099.84
977.188
1099.84
1099.84
1099.84
954.109
1099.84
869.724
1099.84
1099.84
1099.84
1099.84
947.436
979.723
1009.56
1046.58
931.64
1035.04
957.995
876.649
964.803
1099.72
1099.73
967.129
1012.53
1099.73
1016.31
1099.73
1099.57
969.877
1077.93
982.352
969.844
1099.73
1099.72
1077.93
1099.2
1053.67
1060.79
955.804
971.786
996.676
969.311
913.797
1051.78
1038.96
1030.93
1060.82
1069.38
1075.13
930.915
877.06
1065.39
1088.29
1091.01
1067.79
1097.54
1098.47
1068
1099
1068.02
1099.29
1068.02
1098.76
1099.78
1067.96
1068.02
1068.02
1099.16
1098.16
1068.02
1067.2
1068.02
1095.4
1099.73
1068.02
1099.43
1068.02
1099.6
1099.8
1099.84
1067.19
1068.02
1099.82
1068.02
1068
1099.83
1099.84
1067.91
1068.01
1099.83
869.266
953.075
1099.82
1068.02
881.452
1068.02
996.577
1099.7
931.493
1099.84
1061.27
844.872
931.15
1099.17
1099.68
1099.8
1097.27
1099.84
1099.83
883.356
1099.84
969.353
1099.84
1099.84
931.161
1099.84
1099.84
940.546
899.842
1099.84
1099.84
968.333
870.496
1099.84
1099.84
1004.71
973.253
1099.73
1028.03
952.279
941.4
1048.6
991.298
900.644
971.738
1057.68
1053.16
998.507
999.894
1099.41
1099.71
1095.09
933.283
1099.73
1075.06
1087.48
1025.51
1098.29
1097.46
1077.69
1077.92
1099.49
1077.93
1096.43
1099.65
1077.93
1077.93
1099.7
1099.45
1077.92
984.004
1064.74
1099.72
1076.08
1099.72
1077.92
1098.73
1077.68
1099.72
1099.71
1063.24
989.729
1036.68
1068.55
1026.19
1070.09
973.053
1084.97
1099.6
1077.93
1077.92
1077.92
967.64
970.659
965.527
1099.73
1032.28
1005.73
1099.72
1099.73
1099.73
1058.03
957.703
1029.95
938.693
1040.99
1018.63
966.923
1060.44
989.324
975.342
1091.93
1094.43
1076.31
1077.04
1077.92
1098.43
1077.93
1098.84
1077.92
1097.04
1097.69
1077.93
1077.81
1099.28
1077.93
1077.93
1099.7
1099.52
1099.55
1098.54
1077.93
1077.93
1099.09
1099.72
1099.68
1097.91
1077.84
1077.93
1077.93
1077.87
966.849
1099.71
1035.99
972.36
942.812
1098.46
1099.65
926.225
1099.72
1099.73
1099.73
970.318
977.505
1099.72
970.096
1099.73
1099.73
1023.74
968.298
1099.72
967.647
965.696
1099.73
1099.73
1006.72
1099.72
984.755
1099.73
993.941
1046.2
1059.26
982.162
939.111
1013.23
1003.09
1081.54
1004.75
1054.65
996.545
1099.49
1011.31
1099.49
1005.61
1084.51
1062.79
1099.49
1062.13
1085.81
1099.15
1095.78
1096.79
1084.77
1084.78
1084.79
1099.43
1065.13
1024.49
1099.49
1099.48
1099.49
1084.72
1097.53
1084.79
1098.37
1084.61
1099.37
999.473
1077.93
1099.35
1002.45
990.145
1099.49
965.191
1044.86
1073.05
1080.04
995.918
1065.93
1091.28
1052.08
1076.62
975.291
1090.11
1082.96
1095.75
1077.46
1004.82
1099.63
1077.93
1077.93
1099.41
1099.09
1084.79
1097.25
1096.8
1077.91
1077.92
1099.72
1077.25
1099.72
1099.69
1077.92
1097.01
1084.77
1084.78
1084.64
1098.97
1077.92
1099.45
1099.67
1077.93
1077.9
1000.97
1099.71
1077.93
1098.12
1077.93
1077.9
1098.64
1077.92
1099.49
1099.49
1099.09
1099.69
1060.03
992.603
1099.73
1099.49
1099.73
923.383
1099.72
1097.27
1099.72
1099.72
980.9
1073.01
1099.57
1099.73
951.781
1034.23
969.988
1099.73
1099.72
1050.63
1058.31
1099.49
1099.49
1016.15
1026.99
1055.82
1018.01
1067.46
1065.38
1028.39
1023.03
1095.22
1094.47
1099.19
1099.05
1099.33
1084.77
1084.77
1098.83
1082.76
1086
1099.05
1023.26
1098.29
1094.02
1089.41
1089.75
1099.49
1080.48
1084.77
1084.71
1089.73
1099.42
1089.69
1078.35
1099.44
1074.52
1038.85
1017.54
1099.21
1084.26
1097.38
1084.73
1099.47
1099.45
1041.67
1005.28
1099.49
1064.33
1099.49
1067.28
1099.49
1099.49
1099.49
998.871
1078.4
1071.34
1079.27
1050.43
1078.42
983.468
1085.79
1006.14
1005.96
1083.79
1092.43
1004.59
1094.16
1005.41
1098.32
1005.25
1094.73
1099.22
1084.78
1097.19
1084.75
1084.76
1099.4
1095.39
1084.7
1099.41
1099.46
1084.31
1099.44
1084.76
1084.74
1097.73
1098.15
1084.72
1084.78
1099.03
1098.97
1084.79
1084.77
1096.16
1096.51
1099.44
1084.78
1084.77
1084.7
1084.74
1084.72
1098.57
1084.77
1099.49
1058.88
1020.95
1005.04
1099.48
1099.49
1002.01
1099.49
1099.48
1022.66
1025.7
1099.57
1081.74
1004.27
1080.03
1062.29
999.966
1099.48
992.903
1099.49
1007.47
1099.49
1099.49
1061.09
1010.4
1067.6
1047.99
984.716
1050.12
1029.13
1090.1
1026.79
1030.02
1073.78
1099.03
1099.08
1099.06
1054.17
1097.99
1081.03
1089.69
1091.67
1059.33
1028.47
1099.08
1094.61
1089.63
1089.27
1089.68
1089.68
1089.54
1098.97
1098.9
1045.3
1099.02
1086.63
1099.08
1089.51
1098.79
1089.58
1095.99
1089.73
1096.67
1098.98
1083.38
1075.55
1086.62
1098.46
1089.71
1099.09
1099.06
1023.66
1075.26
1072.57
1064.24
1019.42
1069.76
1075.92
1091.68
1029.7
1025.86
1086.85
1089.14
1026.54
1093.6
1097.23
1088.61
1087.63
1098.9
1090.31
1089.52
1089.68
1095.03
1027.89
1092.33
1093.57
1089.71
1089.72
1094.4
1089.65
1098.72
1098.93
1099.37
1099.52
1083.55
1098.13
1099.46
1089.68
1084.77
1084.75
1099.28
1084.76
1080.13
1098.91
1084.73
1084.76
1084.75
1097.9
1089.76
1084.74
1089.67
1000.1
1099.05
1099.46
1079.67
1099.49
1025.53
1099.06
1099.49
1051.88
1099.35
1013.2
1099.49
1030.06
1099.48
1073.13
1099.05
1098.99
1099.05
1099.06
1030.9
1066.92
1044.4
1030.85
1074.29
1003.98
1066.47
1048.65
1090.87
1092.65
1098.79
1099
1099.06
1097.79
1043.3
1097.06
1083.64
1045.6
1085.7
1093.3
1053.41
1077.79
1098.33
1052.11
1093.34
1098.28
1098.73
1098.32
1071.03
1089.36
1096.63
1093.18
1089.79
1091.09
1089.71
1089.69
1098.99
1099.05
1089.05
1098.87
1047.16
1099.06
1099.06
1082.61
1099.05
1088.8
1081.8
1079.96
1098.48
1093.44
1054.2
1033.87
1079.53
1091.98
1077.94
1030.15
1088.91
1027.59
1085.89
1026.11
1090.62
1098.54
1092.89
1029.06
1089.6
1093
1093.28
1089.93
1093.23
1098.62
1089.68
1089.74
1089.61
1093.14
1089.52
1097.18
1089.69
1098.91
1099
1096.23
1098.76
1097.89
1094.66
1089.58
1099.21
1088.12
1098.95
1089.66
1089.68
1089.67
1089.61
1097.67
1095.48
1095.52
1089.64
1089.62
1089.74
1099.05
1099.08
1054.26
1089.25
1038.09
1099.07
1079.92
1099.08
1098.9
1050.95
1067.08
1030.38
1078.08
1099.05
1098.34
1053.77
1099.06
1099.08
1099.06
1084.6
1025.72
1060.2
1072.89
1098.32
1098.4
1098.34
1093.19
1098.34
1098.65
1095.75
1091.68
1089.67
1049.27
1046.93
1095.01
1048.89
1095.71
1098.43
1097.44
1072.31
1093.14
1093.62
1093.33
1093.91
1093.28
1093.32
1098.01
1093.14
1098.24
1093.18
1093.12
1098.15
1098.08
1093.08
1098.33
1098.33
1064.77
1097.9
1082.01
1097.24
1093.55
1095.58
1090.58
1091.98
1093.89
1067.05
1057.99
1098
1098.31
1097.99
1087.15
1047.97
1088.92
1095.23
1083.74
1081.72
1092.01
1044.87
1098.03
1084.79
1083.68
1093.1
1092.99
1093.19
1047
1087.75
1086.76
1088.72
1052.19
1098.93
1053.22
1099.04
1098.36
1095.68
1093.18
1098.36
1097.07
1093.24
1093.35
1093.01
1093.43
1095.94
1093.09
1093.16
1095.66
1098.83
1089.65
1089.62
1097.48
1098.02
1095.57
1093.25
1089.7
1093.24
1073.91
1051.92
1099.07
1098.06
1098.34
1051.84
1089.19
1046.24
1099.06
1085.17
1081.76
1098.32
1098.33
1098.36
1090.13
1052.5
1087.46
1045.89
1081.4
1081.17
1098.35
1072.23
1093.17
1093.12
1098.34
1087.07
1090.66
1094.3
1091.97
1071.19
1094.93
1074.91
1096.6
1074.35
1061.12
1095.28
1063.12
1078.37
1079.88
1098.22
1095.39
1095.5
1098.36
1091.68
1092.62
1070.87
1097.21
1095.78
1098.41
1095.81
1097.2
1072.84
1097.71
1095.68
1097.5
1096.31
1095.59
1095.77
1097.28
1091.75
1071.51
1093.92
1095.82
1097.18
1094.11
1097.23
1095.8
1093.2
1091.31
1093.44
1089.78
1083.35
1048.37
1097.48
1045.38
1084.08
1098.11
1095.61
1050.5
1081.2
1097.27
1097.99
1093.01
1092.89
1098.2
1098.2
1090.94
1098.11
1093.16
1093.2
1093.16
1093.42
1098.44
1094.73
1095.55
1092.45
1093.18
1098.05
1093.09
1093.12
1098.34
1090.83
1063.23
1098.42
1070.28
1089.27
1098.37
1098.42
1073.89
1098.26
1071.44
1098.34
1092.85
1097.57
1094.55
1087.39
1055.97
1061.55
1096.03
1075.63
1069.8
1097.29
1095.64
1095.6
1097.23
1089.97
1087.94
1082.66
1095.55
1096.52
1063.66
1084.02
1095.69
1091.82
1080.91
1097.25
1095.56
1097.23
1095.72
1093.91
1094.87
1097.24
1097.23
1097.27
1094.25
1095.31
1075.18
1092.95
1074.55
1064.78
1097.23
1075.54
1092.02
1095.27
1097.2
1098.39
1097.2
1097.21
1073.4
1071.09
1098.34
1093.97
1097.52
1091.59
1074.29
1097.43
1094.23
1063.72
1095.74
1062.7
1061.56
1096.52
1074.14
1096.87
1061.69
1097.03
1076.98
1098.31
1066.55
1068.35
1070.55
1097.3
1095.35
1086.04
1095.92
1097.37
1086.27
1083.5
1097.39
1095.53
1097.31
1097.89
1096.02
1084.42
1095.22
1083.67
1096.47
1089.52
1097.33
1095.71
1089.07
1095.58
1097.43
1095.62
1095.97
1095.56
1095.49
1097.11
1096.52
1095.59
1096.92
1096.56
1095.59
1095.67
1097.45
1096.76
1095.56
1096.68
1095.55
1085.21
1095.54
1084.98
1097.22
1097.14
1084.83
1095.58
1097.25
1097.38
1084.81
1097.23
1082.4
1097.24
1090.71
1091.78
1096.62
1097.28
1095.61
1097.35
1095.5
1094.53
1084.53
1091.46
