885.68
903.332
998.4
732.795
1092.42
1085.14
1058.58
885.383
884.301
882.259
879.022
874.271
867.622
858.587
846.624
831.284
812.625
790.714
760.717
761.869
791.562
812.412
829.367
842.158
850.879
856.633
864.832
848.721
888.442
899.086
886.956
886.095
899.76
889.201
842.459
862.056
852.413
873.169
824.864
810.733
827.767
829.882
812.839
829.231
889.479
867.735
875.326
852.233
914.369
935.627
915.504
916.948
944.176
924.445
849.528
874.189
869.486
891.569
805.321
772.752
802.161
805.99
778.98
820.012
927.449
900.235
890.424
857.798
964.666
1005.09
963.961
967.462
1021.3
984.215
863.858
909.468
923.492
905.726
672.078
526.584
533.153
533.741
526.76
696.178
984.499
1027.77
1042.91
1047.6
1049.2
1049.76
1049.95
1050.02
1050.05
1050.06
1050.06
1050.06
1050.06
1050.06
1050.06
1050.05
1050.04
1050.03
1050
1049.94
1049.84
1049.66
1049.38
1048.91
1048.17
1047.06
1045.45
1043.18
1040.08
1036
1030.8
1024.5
1017.06
1007.3
1006.18
1013.67
1017.32
1017.94
1015.04
1007.74
992.444
961.936
931.513
916.824
909.059
904.729
942.467
983.912
1013.33
1036.92
1055.36
1069.1
1079.03
1086.03
1090.85
1094.06
1096.13
1097.42
1098.19
1098.64
1098.9
1099.04
1099.12
1099.16
1099.18
1099.19
1099.2
1099.2
1099.2
1099.2
1099.2
1099.2
1099.2
1099.2
1099.2
1099.2
1099.2
1099.2
1099.2
1099.2
1099.2
1099.2
1099.2
1099.19
1099.19
1099.19
1099.18
1099.18
1099.17
1099.16
1099.15
1099.14
1099.12
1099.11
1099.09
1099.08
1099.06
1099.03
1098.99
1098.94
1098.89
1098.85
1098.8
1098.74
1098.69
1098.62
1098.53
1098.44
1098.32
1098.2
1098.06
1097.93
1097.79
1097.65
1097.51
1097.36
1097.19
1096.99
1096.76
1096.51
1096.23
1095.94
1095.67
1095.41
1095.17
1094.93
1094.67
1094.39
1094.09
1093.74
1093.33
1092.82
1092.13
1091.12
1089.56
1087.11
1083.34
1077.69
1069.51
1058.04
1042.42
1021.94
996.429
965.664
923.828
924.001
906.426
867.865
1099.08
1097.32
1098.93
1086.07
875.588
962.079
1099.08
1099.04
893.225
1097.67
1058.72
940.388
1059.37
1092.92
1054.64
1090.29
1098.25
1076.97
1052.77
1097.19
882.565
973.109
1098.56
902.699
1017.55
1037.4
904.402
906.53
972.277
933.696
938.527
1099.08
1099.09
1098.98
1099.08
1099.09
908.311
1098.94
1059.4
1059.43
1059.43
1096.2
1094.16
1095.27
851.595
1098.89
1039.39
1021.19
1026.21
915.002
954.763
843.829
863.791
1098.8
842.737
900.596
871.258
1099.04
1058.61
1099.07
907.356
1096.86
1025.06
943.434
1022.55
964.408
918.524
920.975
787.881
984.615
862.412
876.547
1049.05
1057.37
1055.72
1097.99
864.396
1059.43
1094.68
1059.42
1093.6
1059.2
1091.98
1057.47
1086.31
1098.42
965.685
899.544
1098.68
1097.51
996.937
1059.14
892.549
1096.67
1095.91
1059.42
882.238
925.395
905.521
1098.53
875.323
1099.08
871.557
1069.33
1094
905.451
1099.07
940.129
1099.08
1099.07
1099.06
926.612
1099.03
966.281
1099.01
1099.09
1099.08
1099.09
961.072
944.132
986.169
1024.35
880.058
1014.99
922.726
820.478
939.631
1098.7
1098.71
950.441
960.934
1098.62
970.627
1098.67
1096.39
946.773
1024.62
952.349
936.972
1098.72
1098.72
1069.54
1094.37
1031.3
1039.06
899.927
918.081
955.555
941.598
855.257
1032.8
1013.88
995.515
1044.8
1041.73
1056.85
886.276
820.753
1052.27
1068.82
1079.14
1058.23
1088.74
1092.5
1059.31
1093.89
1059.43
1094.96
1059.43
1093.28
1097.84
1059.02
1059.43
1059.4
1094.42
1091.29
887.888
1056.32
1040.53
1082.57
1097.35
1059.43
1095.59
1059.33
1096.45
1098.13
1098.92
877.108
863.626
1098.49
988.871
863.158
1098.74
1098.85
839.08
945.91
1098.62
873.76
921.671
1098.34
924.279
872.427
1057.12
924.393
1097.03
897.943
1098.96
922.042
869.192
947.078
1096.05
1098.09
1098.79
1090.83
1099.08
1099
881.749
1099.08
939.505
1099.09
1099.08
903.994
1099.07
1099.05
906.679
883.141
1099.09
1099
931.474
969.786
1099.08
1099.09
938.344
938.46
1098.6
1004.77
909.948
892.913
1026.95
967.794
844.061
947.281
1036.84
1032.88
959.629
962.61
1097.01
1098.56
1086.18
953.16
1098.72
1061.84
1066.66
962.273
1091.44
1089.92
1068.28
1069.44
1097.82
1069.56
1086.19
1097.11
998.266
1067.74
1097.65
1095.44
993.526
948.178
977.623
1098.51
963.367
1098.45
1069.56
1092.71
926.87
1098.34
1098.08
1041.98
973.609
1013.15
1039.63
985.452
1053.76
926.381
1070.03
1096.65
1008.77
1028.07
936.333
949.695
962.039
937.609
1098.72
973.93
963.098
1098.72
1098.72
1098.64
1036.32
900.946
993.452
879.897
1016.27
993.916
915.39
1040.99
942.206
933.62
1074.7
1080.19
1064.4
1066.22
1069.5
1091.74
1069.57
1093.11
1069.56
1088.69
1090.37
1069.48
1068.81
1094.69
1056.59
1042.74
1097.75
1095.89
1096.13
1092.05
1069.57
1069.56
1093.98
1098.26
1097.43
1090.77
917.219
1069.53
1016.05
1069.13
950.494
1097.86
958.87
941.95
959.387
1093.81
1098.18
956.839
1098.71
1098.7
1098.7
952.259
940.788
1098.57
942.745
1098.71
1098.68
958.831
949.672
1098.68
936.625
939.985
1098.71
1098.72
966.451
1098.72
949.997
1098.66
950.008
1023.19
1038.06
931.716
880.154
987.861
956.119
1068.41
974.723
995.81
974.57
1098
996.699
1098.02
976.562
1075.59
986.551
1097.95
992.207
1062.76
1093.85
1085.83
1087
1076.86
1076.99
1060.05
1095.93
1043.99
985.588
1098.03
1098.02
1098.06
1076.93
1088.77
1076.98
1090.77
998.96
1096.84
945.564
1069.32
1094.98
974.795
973.228
1097.88
905.965
1020.74
1058.33
1055.24
943.93
1047.95
1079.51
1019.01
1058.7
938.691
1070.64
1071.28
1083.84
1067.46
976.733
1096.89
999.25
1068.89
1095.22
1093.4
1065.86
1089.38
1087.69
1017.67
963.701
1098.39
945.094
1098.18
1097.55
1026.39
1087.36
1076.99
1076.93
1076.15
1093.55
1069.56
1096.29
1097.29
1004.98
920.022
962.718
1097.97
1064.72
1091.12
1069.55
1069.32
1092.37
1069.56
1095.66
1098.02
1095.78
1098.43
983.838
975.026
1098.69
1097.77
1098.72
954.693
1098.71
1090.76
1098.64
1098.48
944.038
975.242
1097.75
1098.7
952.647
958.075
946.949
1098.72
1098.53
976.905
983.406
1098.04
1098.04
982.82
1002.94
1033.25
970.911
1046.88
1045.44
990.103
979.286
1086.32
1083.14
1096.42
1096.49
1095.12
1050.84
1075.77
1092.05
1056.74
1073.31
1096.95
1007.54
1089.5
1080.25
1081.44
1076.54
1097.99
1020.37
1005.47
1054.42
1082.88
1097.53
1082.96
1015.29
1097.41
1055.45
994.442
967.607
1097.35
1074.68
1088.26
1076.94
1096.93
1096.51
997.268
975.769
1097.97
990.056
1097.7
1000.36
1098.03
1098.04
1098.04
977.408
1060.87
1052.99
1064.48
1015.38
1051.42
927.14
1071.08
969.193
964.16
1073.3
1075.98
976.085
1081.71
972.554
1093.45
976.853
1084.1
1094.32
1054.73
1087.74
1076.96
1076.48
1095.62
1085.35
1046.76
1095.79
1097.33
1006.7
1097
1019.18
1056.61
1089.25
1090.15
1076.93
1076.98
1092.99
1092.64
1070.81
1052.5
1086.25
1086.65
1096.1
1076.96
1076.97
1076.51
1076.72
994.675
1091.32
1076.92
1098.02
986.167
986.844
990.792
1097.9
1098.03
995.014
1098.05
1098.02
984.639
997.415
1097.86
1017.26
975.105
1018.05
993.438
974.97
1097.97
973.79
1098.03
980.333
1098.04
1097.92
1039.28
959.841
1047.4
1010.27
927.709
1026.75
998.579
1075.09
1001.12
1002.27
1025.12
1096.92
1097
1096.77
1013.21
1087.95
1024.04
1047.68
1078.53
1021.92
1004.97
1096.98
1081.21
1082.9
1048.33
1073
1082.25
1070.76
1093.86
1092.65
1013.03
1096.91
1043.6
1096.1
1046.76
1094.67
1082.83
1084.59
1083
1084.79
1094.94
1068.83
1045.6
1072.11
1090.41
1074.63
1097.06
1096.62
1006.38
1056.57
1053.05
1030.34
968.26
1049.71
1059.36
1080.02
990.01
980.868
1064.51
1080.45
1000.56
1079.48
1090.62
1078.9
1076.57
1095.28
1076.42
1082.03
1082.71
1084.8
1001.47
1078.99
1079.84
1082.96
1082.94
1080.79
1082.92
1091.73
1093.07
1095.42
1097.62
1014.01
1088.67
1096.73
1082.94
1074.04
996.577
1094.77
1051.37
1022.93
1092.34
1034.24
1055.17
1076.78
1089.57
1078.56
1076.95
1044.18
992.933
1096.97
1097.77
1017.42
1098.01
1008.95
1096.36
1098.04
1019.28
1097.12
988.537
1097.98
1004.08
1097.61
1008.68
1096.93
1096.82
1096.97
1096.98
1010.74
1035.89
1003.5
982.983
1055.81
949.81
1045.81
1014.28
1080.43
1084.88
1095.49
1096.52
1096.88
1087.06
1000.89
1090.25
1066.34
1024.15
1069.37
1087.56
1027.99
1042.39
1095.47
1031.46
1085.2
1095.4
1091.81
1094.41
1037.68
1071.19
1082.71
1087.55
1073.07
1078.02
1081.52
1043.51
1094.31
1095.77
1048.3
1092.52
1016.96
1096.81
1096.24
1030.27
1096.97
1049.42
1065.09
1062.74
1095.78
1070.57
1013.48
986.744
1063.02
1080.37
1048.6
995.456
1069.74
999.963
1071.52
1000.67
1077.35
1094.48
1085.92
1001.77
1082.42
1079.43
1087.61
1071.98
1087.58
1091.22
1073.33
1080.29
1060.53
1087.5
1066.37
1085.83
1042.49
1092.83
1094.72
1081.18
1094.26
1087.44
1081.28
1082.83
1096.46
1047.37
1093.46
1053.78
1082.9
1073.27
1073.07
1086.77
1083.03
1082.06
1082.6
1082.88
1083.03
1096.97
1096.96
1013.31
1046.93
1012.26
1096.99
1019.31
1097.01
1096.63
1013.12
1023.92
1003
1024.65
1096.87
1095.48
1032.8
1096.71
1096.18
1096.98
1037.24
1005.45
1022.99
1035.99
1095.47
1095.55
1095.05
1083.75
1095.49
1094.43
1079.29
1063.44
1050.55
1016.98
1022.49
1088.06
1024.85
1090.99
1095.53
1085.71
1049.69
1087.51
1067.79
1086.58
1076.9
1087.69
1068.52
1087.56
1087.33
1091.78
1073.24
1082.63
1090.23
1088.67
1069.61
1095.48
1094.7
1028.09
1093.28
1059.84
1093.53
1072.84
1090.95
1073.07
1075.75
1067.41
1036.79
1034.93
1094.86
1092.85
1091.45
1072.73
1010.63
1076.62
1086.24
1064.57
1056.34
1083.08
1023.55
1092.84
1068.96
1067.5
1086.99
1086.53
1087.3
1024.51
1070.08
1069.74
1070.7
1025.73
1096.13
1026.8
1096.76
1095.45
1091.02
1087.54
1095.48
1084.37
1084.33
1085.96
1078.75
1069.62
1080.03
1087.44
1083.46
1079.03
1092.27
1073.56
1082.76
1086.41
1087.66
1083.01
1086.96
1082.98
1068.77
1038.86
1030.14
1096.92
1094.99
1094.15
1013.58
1046.5
1015.22
1096.85
1048.35
1045.72
1095.47
1095.49
1093.91
1054.21
1028.85
1049.4
1001.88
1064.87
1064.23
1095.24
1035.01
1083.31
1087.39
1095.12
1072.72
1078.6
1086.05
1080.27
1038.8
1085.72
1053.85
1089.43
1055.39
1041.93
1089.19
1043.04
1057.93
1058.39
1094.73
1089.86
1090.34
1095.36
1065.44
1070.42
1046.68
1093.5
1090.19
1095.45
1090.53
1093.48
1050.3
1086.7
1089.74
1094
1079.62
1089.36
1090.72
1093.62
1067.81
1036.31
1066.7
1082.2
1091.27
1068.96
1090.73
1082.09
1087.59
1074.2
1087.9
1070.62
1061.48
1020.48
1091.81
1023.11
1068.35
1094.17
1090.72
1024.92
1059.15
1093.56
1087.57
1081.02
1075.49
1091.11
1091.91
1073.88
1089.43
1083.41
1070.45
1087.5
1087.88
1093.45
1077.97
1078.9
1067.11
1087.19
1088.08
1076.05
1087.47
1095.49
1058.78
1036.84
1093.8
1036.09
1047.59
1095.52
1095.57
1035.77
1095.36
1048.21
1094.93
1066.97
1089.9
1075.43
1073.02
1016.32
1026.56
1083.16
1057.49
1044.73
1093.47
1091
1090.96
1093.52
1062.73
1059.43
1060.82
1090.91
1079.51
1033.38
1053.77
1090.8
1067.86
1054.81
1092.61
1089.17
1093.49
1082.16
1066.5
1076.72
1093.54
1092.33
1090.18
1071.03
1079.52
1051.02
1082.98
1056.93
1043.19
1093.22
1052.36
1068.73
1078.63
1093.5
1095.35
1091.87
1093.49
1035.3
1035.04
1095.17
1067.26
1094.03
1079.74
1046.25
1088.88
1084.67
1037.73
1088.07
1040.12
1041.25
1090.25
1056.29
1091.56
1042.51
1092.34
1057.82
1095.12
1043.3
1043.84
1045.63
1093.55
1077.44
1056.27
1078.8
1093.32
1066.31
1062.37
1093.48
1090.89
1093.09
1087.29
1091.6
1063.66
1090.45
1062.3
1079.7
1066.94
1093.56
1091.15
1067.97
1089.11
1089.69
1090.84
1091.54
1090.83
1086.45
1087.07
1079.49
1088.96
1085.48
1080.07
1090.95
1082.84
1089.52
1083.8
1085.24
1082.32
1088.48
1053.58
1090.86
1053.75
1093.5
1092.86
1054.05
1090.96
1092.89
1093.55
1053.03
1092.77
1053.87
1092.7
1067.54
1067.96
1081.06
1093.53
1083.94
1089.84
1087.62
1073.88
1053.06
1067.9
