975.331
976.775
1046.34
873.703
1099.51
1099.5
1098.78
975.396
975.415
975.363
975.232
974.945
974.332
972.987
970.101
964.078
952.15
930.498
897.717
899.127
932.538
953.503
964.016
967.651
965.781
956.668
936.211
891.472
994.399
1031.21
986.052
988.468
1043.35
1004.96
880.994
927.893
942.299
923.978
683.285
533.407
540.174
540.78
533.588
708.107
1005.11
1049.68
1065.27
1070.11
1071.76
1072.33
1072.53
1072.6
1072.63
1072.64
1072.64
1072.65
1072.65
1072.65
1072.65
1072.65
1072.65
1072.65
1072.64
1072.64
1072.64
1072.64
1072.65
1072.65
1072.65
1072.65
1072.65
1072.65
1072.65
1072.64
1072.64
1072.64
1072.64
1072.64
1072.65
1072.65
1072.65
1072.65
1072.65
1072.65
1072.65
1072.65
1072.65
1072.65
1072.65
1072.65
1072.65
1072.65
1072.65
1072.65
1072.64
1072.64
1072.64
1072.65
1072.65
1072.65
1072.65
1072.65
1072.65
1072.65
1072.65
1072.64
1072.64
1072.64
1072.62
1072.59
1072.53
1072.37
1072.04
1071.31
1069.78
1066.74
1061.17
1052.69
1052.26
1060.3
1065.37
1067.23
1065.89
1060.16
1046.66
1022.31
998.021
985.275
979.728
977.422
1006.41
1046.44
1072.78
1087.05
1094.1
1097.39
1098.87
1099.51
1099.79
1099.91
1099.96
1099.98
1099.99
1099.99
1099.99
1099.99
1099.99
1099.99
1099.99
1099.99
1099.99
1099.99
1099.99
1099.99
1099.99
1099.99
1099.99
1099.99
1099.99
1099.99
1099.99
1099.99
1099.99
1099.99
1099.99
1099.99
1099.99
1099.99
1099.99
1099.99
1099.99
1099.99
1099.99
1099.99
1099.99
1099.99
1099.99
1099.99
1099.99
1099.99
1100
1100
1100
1099.99
1099.99
1099.99
1099.99
1099.99
1099.99
1099.99
1099.99
1099.99
1099.99
1099.99
1099.99
1099.99
1099.99
1099.99
1099.99
1099.99
1099.99
1099.99
1099.99
1099.99
1099.99
1099.99
1099.99
1099.99
1099.98
1099.98
1099.97
1099.97
1099.96
1099.95
1099.95
1099.94
1099.93
1099.92
1099.9
1099.84
1099.71
1099.41
1098.7
1097.11
1093.64
1086.32
1071.7
1045.07
1004.85
1079.2
962.406
1078.89
1099.99
1099.98
1099.99
1099.52
854.506
1079.2
1099.99
1099.99
986.12
1099.99
1079.19
1079.2
1079.2
1099.94
1079.07
1099.89
1099.99
1099.39
1079.2
1099.99
1079.2
1079.2
1099.99
1002.42
1067.36
1087.14
982.643
1014.82
1079.2
1079.2
877.499
1099.99
1099.99
1099.99
1099.99
1099.99
1079.2
1099.99
1079.2
1079.2
1079.2
1099.99
1099.97
1099.98
1079.2
1099.99
1076.17
1086.22
1071.62
1003.38
1013.51
979.711
991.154
1099.99
1079.2
940.774
1079.16
1099.99
1079.2
1099.99
1072.33
1099.99
1067.17
1006.65
1066.58
1044.27
1003.5
1003.73
921.041
1046.41
991.759
996.173
1078.54
1097.09
1094.17
1099.99
1079.2
1079.2
1099.98
1079.2
1099.96
1079.2
1099.92
1079.17
1099.82
1099.99
1079.2
1079.2
1099.99
1099.99
1079.2
1079.2
1079.19
1099.99
1099.99
1079.2
900.744
1079.2
990.353
1099.99
857.083
1099.99
877.573
1097.42
1099.91
1076.82
1099.99
878.294
1099.99
1099.99
1099.99
939.98
1099.99
1079.2
1099.99
1099.99
1099.99
1099.99
1079.2
902.491
1040.15
1072.4
997.652
1058.53
1004.21
955.236
1043.57
1099.99
1099.99
934.997
1088.01
1099.99
1088
1099.99
1099.99
968.349
1088.01
1083.01
1014.58
1099.99
1099.98
1088.01
1099.98
1078.87
1087.56
1030.42
1036.6
1042.91
1034.71
992.199
1072.97
1072.8
1071.4
1077.76
1093.6
1094.39
994.667
956.363
1078.9
1098.68
1098.88
1079.19
1099.87
1099.93
1079.2
1099.96
1079.2
1099.98
1079.2
1099.95
1099.99
1079.2
1079.2
1079.2
1099.98
1099.91
1079.2
1079.14
1079.2
1099.69
1099.99
1079.2
1099.99
1079.2
1099.99
1099.99
1099.99
1079.2
1079.2
1099.99
1079.2
1079.2
1099.99
1099.99
1079.2
1079.2
1099.99
1079.18
1079.2
1099.99
1079.2
869.834
1079.2
1079.2
1099.99
965.855
1099.99
1079.2
1079.09
1079.2
1099.96
1099.99
1099.99
1099.79
1099.99
1099.99
1078.35
1099.99
897.007
1099.99
1099.99
1006.55
1099.99
1099.99
1059.72
914.79
1099.99
1099.99
956.569
1079.2
1099.99
1099.99
1079.2
1015.61
1099.99
1056.48
1003.16
1000.87
1073.53
1024.13
978.388
1008.5
1080.48
1075.36
1043.28
1043.83
1099.97
1099.98
1099.53
1087.74
1099.99
1087.65
1098.62
1088.01
1099.93
1099.84
1087.99
1088.01
1099.97
1088.01
1099.77
1099.99
1088.01
1088
1099.99
1099.98
1088
1060.38
1087.99
1099.99
1088.01
1099.98
1087.99
1099.96
1088.01
1099.99
1099.99
1088.46
1066.93
1065.03
1093.48
1069.91
1086.38
1035.52
1097.53
1099.99
1088.01
1087.99
1088.01
945.388
1087.99
1032.9
1099.99
1087.99
1088.01
1099.99
1099.99
1099.99
1082.07
1029.77
1070.97
1017.12
1073.53
1051.01
1035.78
1081.34
1041.75
1029.29
1099.32
1099.61
1087.85
1087.94
1088.01
1099.94
1088.01
1099.97
1087.99
1099.81
1099.87
1088.01
1088
1099.98
1088.01
1088.01
1099.99
1099.98
1099.98
1099.95
1088
1088.01
1099.97
1099.99
1099.99
1099.89
1088.01
1088.01
1088
1088
933.209
1099.99
1088.01
994.128
1087.97
1099.91
1099.98
1087.94
1099.99
1099.99
1099.99
1086.12
1025.42
1099.99
1009.87
1099.99
1099.99
1088.01
951.271
1099.99
1021.49
1045.34
1099.99
1099.99
1088
1099.99
1074.63
1099.99
1042.59
1072.9
1082.58
1040.05
1016.39
1047.67
1063.59
1093.41
1028.21
1093.82
1073.02
1099.97
1093.73
1099.97
1020.53
1093.81
1093.83
1099.97
1093.81
1098.46
1099.97
1099.69
1099.84
1093.83
1093.82
1093.83
1099.97
1087.9
1090.79
1099.97
1099.97
1099.97
1093.78
1099.91
1093.83
1099.95
1093.84
1099.96
1063.18
1088
1099.98
1063.14
1068.65
1099.97
1042.18
1075.45
1087.22
1097.01
1062.48
1084.67
1098.93
1085.96
1094.81
1016.06
1099.14
1093.65
1099.73
1087.98
1010.65
1099.99
1088
1088
1099.98
1099.97
1093.84
1099.82
1099.79
1087.99
1088
1099.98
1088.01
1099.99
1099.99
1088
1099.87
1093.82
1093.83
1093.81
1099.97
1088
1099.97
1099.99
1088
1088.01
1088
1099.99
1088.01
1099.91
1088.01
1088
1099.96
1087.99
1099.98
1099.97
1099.95
1099.98
1093.83
1067.61
1099.99
1099.97
1099.99
1087.89
1099.99
1099.8
1099.98
1099.98
1041.74
1088
1099.98
1099.99
1087.3
1088.01
979.233
1099.99
1099.98
1087.99
1093.82
1099.97
1099.97
1082.39
1057.23
1081.96
1068.54
1089.3
1086.64
1070.43
1069.43
1099.56
1099.54
1099.95
1099.92
1099.97
1093.82
1093.82
1099.96
1098.09
1096.53
1099.92
1086.85
1099.92
1099.64
1096.97
1097.01
1099.97
1097.01
1093.83
1093.77
1097.01
1099.96
1096.97
1093.77
1099.96
1093.48
1083.52
1077.48
1099.94
1093.79
1099.9
1093.79
1099.97
1099.97
1093.8
1034.5
1099.97
1093.83
1099.97
1093.78
1099.97
1099.97
1099.97
1071.04
1095.35
1090.15
1092.92
1085.56
1096.84
1056.21
1097.71
1052.74
1060.35
1093.75
1099.41
1016.81
1099.53
1041.31
1099.89
1011.81
1099.56
1099.97
1093.83
1099.89
1093.8
1093.81
1099.97
1099.64
1093.77
1099.97
1099.96
1093.84
1099.96
1093.82
1093.79
1099.92
1099.94
1093.78
1093.82
1099.96
1099.96
1093.83
1093.82
1099.75
1099.8
1099.97
1093.83
1093.82
1093.82
1093.82
1093.83
1099.95
1093.82
1099.97
1093.82
1092.57
1093.59
1099.97
1099.97
1093.69
1099.97
1099.97
1087.46
1093.76
1099.97
1093.8
1050.16
1096.99
1093.83
1070.87
1099.97
1071.44
1099.97
1076.49
1099.97
1099.97
1085.32
1066.77
1089.05
1085.1
1056.09
1078.46
1069.8
1098.96
1056.81
1074.26
1096.99
1099.92
1099.92
1099.92
1095.48
1099.92
1096.95
1096.98
1099.16
1096.89
1087.09
1099.92
1099.75
1096.94
1098.58
1096.97
1096.97
1096.89
1099.92
1099.92
1092.45
1099.92
1096.89
1099.92
1097.05
1099.89
1096.91
1099.84
1097
1099.86
1099.92
1095.99
1096.47
1097.9
1099.92
1096.99
1099.93
1099.92
1087.1
1093.76
1092.54
1092.83
1077.99
1091.24
1091.98
1099
1078.7
1079.67
1098.74
1096.96
1058.68
1099.5
1099.79
1096.91
1096.79
1099.94
1098.95
1096.96
1096.99
1099.59
1060.8
1099.29
1099.54
1096.99
1097
1099.71
1096.95
1099.96
1099.92
1099.97
1099.97
1093.83
1099.92
1099.97
1096.97
1093.82
1093.82
1099.97
1093.81
1097.01
1099.96
1093.79
1093.81
1093.8
1099.93
1097.01
1093.8
1097.04
1093.66
1099.92
1099.96
1096.98
1099.97
1087.27
1099.92
1099.97
1096.82
1099.96
1093.31
1099.97
1084.95
1099.96
1093.75
1099.92
1099.91
1099.92
1099.92
1088.62
1093.23
1084.54
1081.7
1092.88
1070.61
1089.79
1096.78
1098.33
1098.53
1099.91
1099.92
1099.92
1099.91
1088.2
1099.77
1097.71
1079.17
1098.15
1098.57
1093.69
1098.46
1099.83
1094.57
1098.58
1099.82
1099.93
1099.82
1095.79
1099.24
1099.83
1098.52
1098.98
1099.05
1096.98
1096.98
1099.92
1099.92
1097.01
1099.92
1096.79
1099.92
1099.92
1096.9
1099.92
1098.59
1096.48
1095.84
1099.85
1098.68
1091.11
1085.26
1094.93
1099.06
1097.37
1075.08
1098.95
1063.72
1097.43
1055.83
1098.98
1099.9
1098.52
1067.07
1096.96
1099.43
1098.56
1099.38
1098.54
1099.92
1096.96
1097
1096.93
1098.5
1096.88
1099.89
1097
1099.92
1099.92
1099.82
1099.89
1099.92
1099.76
1096.91
1099.94
1096.95
1099.92
1096.96
1096.97
1096.96
1096.93
1099.91
1099.81
1099.81
1096.95
1096.94
1097
1099.92
1099.92
1096.26
1098.56
1090.5
1099.92
1096.96
1099.92
1099.91
1094.17
1096.94
1080.56
1097
1099.92
1099.83
1094.81
1099.92
1099.92
1099.92
1096.86
1087.43
1092.2
1097.83
1099.83
1099.84
1099.83
1098.52
1099.83
1099.87
1099.81
1098.46
1098.5
1087.11
1082.09
1099.27
1083.82
1099.3
1099.84
1099.84
1097.75
1098.51
1099.33
1098.58
1099.7
1098.56
1098.58
1099.83
1098.51
1099.83
1098.52
1098.5
1099.82
1099.83
1098.62
1099.83
1099.83
1094.64
1099.81
1098.44
1099.64
1099.63
1099.26
1099.48
1099.6
1099.32
1096.79
1095.47
1099.78
1099.83
1099.78
1098.04
1088.47
1098.03
1099.56
1097.87
1097.93
1098.47
1078.6
1099.86
1097.89
1097.65
1098.52
1098.5
1098.54
1080.98
1098.76
1098.45
1099.04
1090.02
1099.92
1092.31
1099.92
1099.83
1099.29
1098.52
1099.83
1099.83
1098.54
1098.58
1098.46
1098.64
1099.82
1098.49
1098.51
1099.81
1099.93
1096.95
1096.94
1099.9
1099.83
1099.82
1098.55
1096.98
1098.55
1098.4
1094.47
1099.92
1099.78
1099.83
1096.64
1098.53
1096.79
1099.92
1098.56
1098.51
1099.83
1099.83
1099.83
1098.46
1094.25
1098.57
1089.19
1096.2
1096.26
1099.83
1098.39
1098.52
1098.5
1099.83
1097.98
1098.7
1099.21
1099.06
1096.06
1099.52
1095.62
1099.71
1095.2
1089.57
1099.26
1090.75
1096.76
1097.46
1099.82
1099.26
1099.26
1099.83
1099.31
1099.62
1097.29
1099.63
1099.32
1099.84
1099.32
1099.64
1097.79
1099.84
1099.29
1099.69
1099.67
1099.27
1099.31
1099.65
1099.6
1098.37
1099.3
1099.33
1099.63
1099.26
1099.64
1099.37
1098.53
1099.56
1098.62
1099.45
1098
1084.69
1099.78
1079.68
1097.71
1099.82
1099.28
1086.93
1098.05
1099.65
1099.84
1098.46
1099.64
1099.83
1099.82
1099.52
1099.83
1098.51
1098.53
1098.51
1098.61
1099.84
1099.75
1099.8
1098.52
1098.52
1099.83
1098.49
1098.5
1099.83
1098.43
1096.27
1099.84
1097.32
1098.51
1099.83
1099.84
1098.17
1099.82
1097.57
1099.83
1099.32
1099.71
1099.65
1098.11
1092.51
1093.51
1099.39
1095.51
1096.1
1099.65
1099.28
1099.27
1099.64
1099.28
1099.24
1098.7
1099.26
1099.66
1093.2
1098.94
1099.29
1099.6
1098.59
1099.64
1099.26
1099.64
1099.3
1099.28
1099.24
1099.64
1099.64
1099.65
1099.24
1099.29
1096.08
1099.05
1095.09
1091.99
1099.65
1098.08
1099.61
1099.78
1099.63
1099.83
1099.63
1099.63
1098.33
1098.38
1099.83
1099.27
1099.7
1098.98
1096.34
1099.7
1099.38
1092.28
1099.55
1091.1
1090.06
1099.61
1094.99
1099.63
1089.82
1099.63
1096.1
1099.83
1093.46
1094.92
1096.86
1099.65
1099.66
1099.21
1099.67
1099.67
1099.19
1098.89
1099.67
1099.25
1099.65
1099.84
1099.38
1099.02
1099.16
1098.93
1099.67
1099.39
1099.66
1099.3
1099.37
1099.27
1099.68
1099.28
1099.36
1099.26
1099.24
1099.65
1099.65
1099.27
1099.63
1099.64
1099.27
1099.29
1099.68
1099.63
1099.26
1099.63
1099.26
1099.17
1099.25
1099.09
1099.64
1099.64
1099.19
1099.26
1099.64
1099.67
1099.19
1099.64
1098.75
1099.64
1099.48
1099.59
1099.64
1099.65
1099.27
1099.66
1099.24
1099.23
1099.19
1099.55
