895.042
907.804
1004.5
746.205
1094.54
1093.16
1069.15
894.729
893.956
892.573
890.27
886.658
881.244
873.534
862.97
848.839
830.123
806.629
782.841
783.448
807.314
829.818
846.371
857.639
864.71
867.774
864.695
885.261
834.843
819.002
834.528
835.125
816.828
832.313
892.01
869.765
877.095
853.456
916.368
937.854
917.392
918.835
946.452
926.457
850.516
875.627
870.948
893.14
806.718
774.109
803.634
807.496
780.419
821.559
929.267
901.916
891.937
858.918
966.761
1007.54
965.992
969.52
1023.87
986.439
864.933
911.006
925.237
907.5
673.188
527.267
533.858
534.447
527.444
697.371
986.56
1029.96
1045.15
1049.85
1051.47
1052.02
1052.22
1052.29
1052.32
1052.33
1052.33
1052.33
1052.33
1052.33
1052.33
1052.33
1052.33
1052.33
1052.33
1052.33
1052.33
1052.33
1052.33
1052.33
1052.33
1052.33
1052.32
1052.32
1052.31
1052.28
1052.24
1052.16
1052.02
1051.77
1051.34
1050.63
1049.51
1047.83
1045.4
1042.04
1037.55
1031.63
1024.24
1016.47
1015.63
1021.4
1025.51
1026.58
1023.84
1016.19
1003.51
967.845
933.644
921.243
913.094
909.017
960.98
993.981
1024.41
1047.75
1064.62
1076.67
1085.1
1090.77
1094.43
1096.68
1098
1098.76
1099.18
1099.4
1099.52
1099.58
1099.61
1099.62
1099.63
1099.63
1099.63
1099.63
1099.63
1099.63
1099.63
1099.64
1099.64
1099.64
1099.64
1099.64
1099.64
1099.64
1099.64
1099.64
1099.64
1099.64
1099.64
1099.63
1099.63
1099.63
1099.63
1099.63
1099.63
1099.63
1099.63
1099.63
1099.63
1099.62
1099.62
1099.62
1099.62
1099.61
1099.6
1099.59
1099.58
1099.57
1099.56
1099.55
1099.53
1099.51
1099.48
1099.45
1099.41
1099.37
1099.32
1099.28
1099.23
1099.17
1099.12
1099.05
1098.97
1098.87
1098.76
1098.63
1098.49
1098.34
1098.2
1098.06
1097.92
1097.78
1097.62
1097.43
1097.22
1096.99
1096.74
1096.45
1096.08
1095.53
1094.63
1093.1
1090.52
1086.31
1079.79
1070.16
1056.56
1037.92
1012.85
981.107
947.648
938.659
912.154
967.134
1099.56
1098.7
1099.51
1090.81
948.791
855.529
1099.56
1099.56
918.314
1099.16
1064.8
1065.12
1065.1
1096.45
1062.19
1094.92
1099.36
1085.81
1065.13
1098.97
1064.83
1046.15
1099.46
931.598
1029.99
1048.19
910.016
926.252
867.182
978.232
872.971
1099.56
1099.57
1099.55
1099.56
1099.56
971.036
1099.54
1065.13
1065.13
1065.12
1098.48
1097.32
1097.96
887.717
1099.54
1049.73
1037.38
1037.99
941.349
973.276
876.271
896.778
1099.52
869.499
919.759
974.924
1099.55
1065.13
1099.56
929.181
1098.82
1035.95
961.931
1033.83
980.083
943.842
945.512
826.806
994.647
894.53
907.028
1057.9
1069.71
1064.96
1099.27
1065.09
1065.12
1097.63
1065.12
1096.94
1065.03
1095.85
1064.09
1092.52
1099.42
1062.8
945.707
1099.49
1099.09
1065.13
1065.13
966.193
1098.73
1098.32
1065.13
940.52
912.889
911.826
1099.33
948.821
1099.56
951.543
1076.89
1096.64
930.239
1099.56
875.043
1099.56
1099.56
1099.56
885.838
1099.56
842.876
1099.56
1099.56
1099.56
1099.57
903.923
877.579
1001.82
1036.74
911.885
1028
946.764
851.9
955.064
1099.33
1099.33
945.168
929.174
1099.32
938.682
1099.33
1098.58
949.157
1073.16
961.694
957.425
1099.34
1099.33
1073.16
1097.52
1041.63
1049.73
924.281
941.917
973.673
953.282
878.714
1043.56
1024.88
1012.1
1054.41
1056.09
1066.01
914.946
852.069
1060.43
1079.32
1085.21
1064.54
1094.03
1096.17
1065.08
1097.14
1065.12
1097.79
1065.13
1096.7
1099.21
1064.95
1065.12
1065.11
1097.48
1095.47
1065.11
1063.35
1065.13
1089.97
1099.03
1065.13
1098.14
1065.13
1098.61
1099.32
1099.54
929.54
1065.02
1099.44
1058.44
893.055
1099.51
1099.53
868.726
1002.43
1099.48
977.432
943.383
1099.4
1064.3
951.588
1065.13
926.834
1098.9
919.14
1099.55
994.211
971.386
881.325
1097.95
1099.11
1099.45
1094.42
1099.56
1099.54
952.039
1099.56
871.67
1099.56
1099.56
912.174
1099.56
1099.56
928.71
937.871
1099.57
1099.56
896.657
846.563
1099.56
1099.57
950.744
959.606
1099.32
1017.37
937.505
923.251
1039.2
986.195
876.803
965.774
1046.44
1042.01
976.661
978.804
1098.5
1099.28
1090.93
963.931
1099.33
1068.07
1077.81
980.734
1095.59
1094.32
1072.53
1073.11
1098.86
1073.16
1092.11
1098.88
1073.07
1073.16
1099.1
1098.16
1046.18
965.473
1020.93
1099.31
1029.82
1099.3
1073.15
1096.44
1008.39
1099.27
1099.21
1052.45
996.311
1023.2
1054.63
1004.56
1061.53
946.96
1077.54
1098.69
1073.15
1068.26
1012.17
946.507
977.026
955.352
1099.33
966.271
919.415
1099.33
1099.33
1099.33
1046.57
925.964
1010.57
904.464
1027.1
1003.73
938.024
1049.96
963.001
951.719
1084.19
1088.23
1069.98
1071.24
1073.14
1095.82
1073.16
1096.69
1073.15
1093.51
1094.68
1073.16
1072.81
1097.72
1073.16
1073.16
1099.13
1098.37
1098.47
1096.03
1073.16
1073.16
1097.27
1099.25
1099.02
1095.02
1001.66
1073.15
1072.48
1072.97
945.187
1099.15
978.233
952.464
973.718
1096.52
1099.11
969.535
1099.33
1099.33
1099.33
960.951
962.162
1099.32
951.923
1099.33
1099.33
947.614
946.24
1099.32
955.813
955.353
1099.33
1099.33
922.241
1099.33
965.059
1099.33
969.396
1033.57
1048.1
954.013
904.903
997.757
978.005
1074.87
984.651
1018.91
989.875
1098.87
995.025
1098.89
982.693
1079.89
1009.6
1098.88
1008.15
1074.92
1097.36
1091.33
1092.56
1080.54
1080.58
1080.59
1098.37
1054.13
996.456
1098.88
1098.87
1098.89
1080.52
1093.84
1080.59
1095.47
1056.14
1098.53
970.562
1073.16
1097.9
987.874
993.877
1098.87
931.895
1031.35
1065.3
1068.23
967.914
1056.48
1085.56
1035.81
1067.72
952.845
1081.12
1077.03
1090.68
1072.04
981.541
1098.79
1073.13
1073.16
1098.04
1097.13
1080.6
1093.94
1092.96
1060.06
1028.03
1099.28
1019.47
1099.23
1099.06
1071.31
1092.87
1080.58
1080.56
1080.19
1096.99
1073.15
1098.48
1098.96
1072.91
1002.65
980.04
1099.18
1073.16
1095.32
1073.15
1073.06
1096.23
1073.15
1098.26
1098.88
1097.78
1099.22
1001.71
998.514
1099.33
1098.86
1099.33
966.148
1099.33
1094.4
1099.31
1099.31
964.799
1031.45
1098.89
1099.33
961.765
966.129
948.485
1099.33
1099.31
996.409
997.408
1098.88
1098.89
1000.46
1012.68
1043.61
992.813
1056.85
1054.84
1008.08
999.733
1091.09
1089.31
1098.1
1098.08
1097.99
1080.5
1080.57
1096.41
1070.18
1079.83
1098.12
1019.29
1095.05
1087.52
1085.56
1086.39
1098.89
1049.31
1058.28
1077.47
1086.32
1098.67
1086.31
1050.28
1098.74
1064.97
1016.31
991.817
1098.39
1079.35
1093.51
1080.53
1098.66
1098.54
1012.32
984.542
1098.88
1017.16
1098.85
1021.79
1098.88
1098.89
1098.88
1000.17
1069.72
1061.92
1071.73
1033.14
1065.45
952.917
1078.51
986.538
983.927
1078.45
1084.97
982.661
1088.53
986.276
1096.28
981.541
1089.87
1097.59
1080.57
1093.15
1080.55
1080.56
1098.24
1090.85
1074.12
1098.31
1098.75
1058.83
1098.65
1063.49
1079.29
1094.22
1095.01
1080.52
1080.58
1096.93
1096.76
1080.59
1080.38
1091.8
1092.22
1098.42
1080.57
1080.57
1080.37
1080.47
1054.42
1095.88
1080.57
1098.89
999.339
993.075
986.7
1098.83
1098.89
988.817
1098.89
1098.87
998.849
1003.52
1098.99
1058.06
986.328
1046.56
1020.72
988.675
1098.86
991.537
1098.88
1000.84
1098.89
1098.88
1049.54
983.279
1057.18
1029.25
953.908
1037.22
1014.88
1082.88
1014.7
1015.43
1047.72
1098.09
1098.17
1098.12
1027.55
1094.16
1050.16
1077.95
1085.31
1033.36
1016.16
1098.18
1088.29
1086.25
1071.73
1086.25
1086.3
1084.56
1097.35
1096.93
1027.75
1098.08
1069.87
1098.07
1077.39
1097.45
1086.19
1090.83
1086.36
1091.71
1097.66
1076.23
1060.94
1079.48
1095.58
1086.34
1098.19
1098.1
1017.66
1065.94
1062.77
1047.67
993.167
1059.67
1067.47
1086.04
1009.88
1002.85
1076.17
1084.98
1014.7
1087.24
1094.32
1083.96
1082.31
1097.44
1083.56
1085.87
1086.23
1090.37
1015.05
1085.93
1087.07
1086.33
1086.33
1087.99
1086.27
1096.19
1097.09
1098.14
1098.88
1060.25
1094.57
1098.6
1086.3
1080.57
1054.98
1097.81
1080.54
1051.35
1096.59
1069.17
1080.06
1080.55
1094.52
1086.4
1080.54
1077.01
986.052
1098.13
1098.78
1045.08
1098.89
1021.33
1098.07
1098.89
1025.68
1098.47
989.487
1098.88
1015.85
1098.82
1037.17
1098.12
1098.02
1098.13
1098.14
1023.81
1051.91
1023.88
1006.37
1065.06
975.872
1056.03
1020.03
1085.92
1089.02
1097.42
1097.95
1098.14
1093.64
1021.67
1094.03
1075.03
1037.12
1077.43
1090.5
1038.14
1056.98
1097
1039.94
1090.59
1096.94
1096.42
1096.87
1054.45
1080.02
1091
1090.4
1081.83
1084.72
1086.33
1076.8
1097.49
1097.96
1076.84
1096.85
1020.45
1098.13
1098.06
1056.05
1098.13
1071.91
1073.54
1071.44
1097.23
1087.17
1033.69
1009.82
1071.37
1086.39
1063.4
1013.4
1079.81
1014.95
1078.87
1014.35
1084.14
1096.84
1089.61
1015.24
1086.07
1086.54
1090.5
1080.67
1090.45
1096.06
1086.28
1086.37
1081.51
1090.36
1083.15
1092.6
1076.56
1097.01
1097.62
1089.94
1097.29
1093.88
1088.34
1086.18
1098.29
1074.48
1097.22
1079.62
1086.3
1086.16
1085.48
1093.43
1089.79
1089.55
1086.26
1086.23
1086.38
1098.12
1098.17
1025.64
1070.82
1026.19
1098.16
1046.1
1098.18
1097.88
1028.17
1041.22
1015.49
1051.09
1098.1
1097.01
1041.71
1098.12
1098.08
1098.14
1063.12
1016.53
1041.74
1051.55
1096.99
1097.1
1097
1090.4
1097.02
1097.27
1088.7
1081.66
1072.61
1033.61
1036.49
1091.81
1037.54
1093.43
1097.15
1093.12
1058.58
1090.36
1083.66
1090.59
1086.22
1090.53
1086.8
1094.58
1090.37
1096.16
1087.73
1089.95
1095.57
1095.01
1086.25
1097
1096.92
1046.22
1095.89
1069.7
1095.46
1084.23
1093.31
1081.56
1083.83
1083.85
1050.09
1044.85
1096.51
1096.59
1095.95
1080.07
1029.22
1082.99
1091.06
1074.27
1069.21
1087.82
1036.66
1095.81
1076.79
1075.56
1090.16
1089.91
1090.34
1037.38
1078.76
1078.13
1079.52
1037.48
1097.75
1037.78
1098.06
1097.03
1093.42
1090.4
1097.03
1092.16
1090.48
1090.61
1088.87
1087.11
1089.17
1090.31
1090.34
1088.55
1096.7
1085.95
1086.24
1093.12
1094.64
1089.89
1090.49
1086.32
1086.78
1051.33
1038.82
1098.16
1096.62
1096.85
1022.7
1070.32
1018.62
1098.14
1067.61
1062.73
1096.99
1097.01
1096.85
1075.03
1038.17
1070.57
1023.51
1073.26
1072.79
1097.03
1047.86
1090.21
1090.33
1097
1080.04
1084.85
1090.47
1086.34
1054.84
1090.64
1064.52
1093.38
1065.05
1052.68
1092.46
1053.73
1067.65
1068.36
1096.67
1092.8
1093.05
1096.99
1080.35
1082.16
1056.29
1095.42
1093.56
1097.13
1093.6
1095.41
1059.38
1093.83
1093.43
1095.82
1090.33
1093.32
1093.55
1095.52
1080.13
1047.68
1083.58
1092.08
1095.12
1084.58
1095.07
1091.71
1090.44
1082.69
1090.71
1080.05
1072.6
1035.57
1094.99
1036.5
1076.14
1096.39
1093.27
1037.25
1069.16
1095.5
1094.53
1089.43
1084.73
1095.9
1096.19
1082.18
1095.28
1090.3
1087.12
1090.39
1090.7
1096.85
1087.39
1088.43
1084.38
1090.41
1094.8
1088.3
1090.33
1097.02
1078.26
1048.31
1096.9
1050.92
1070.79
1097.06
1097.15
1051.1
1096.9
1057.3
1096.98
1082.42
1095.27
1086.46
1080.34
1035.73
1043.79
1092.43
1066.53
1055.39
1095.49
1093.38
1093.33
1095.44
1077.18
1073.42
1070.39
1093.28
1090.6
1048.56
1068.22
1093.46
1080.32
1066.94
1095.43
1093.27
1095.46
1091.99
1083.43
1088.76
1095.46
1095.35
1095.03
1085.63
1090.34
1063.17
1088.24
1065.85
1054.06
1095.35
1062.14
1080.78
1088.12
1095.42
1097.09
1095.24
1095.42
1049.59
1046.64
1097.02
1083.76
1095.85
1085.88
1060.23
1094.77
1089.74
1051.13
1092.23
1052.17
1052.45
1093.69
1065.39
1094.47
1053.13
1094.9
1067.17
1096.88
1054.3
1054.78
1055.82
1095.52
1088.24
1069.9
1089.52
1095.64
1075.28
1071.58
1095.67
1093.26
1095.56
1094.29
1093.85
1072.9
1092.88
1071.89
1090.6
1078.51
1095.59
1093.48
1078.54
1093.27
1095.11
1093.37
1093.81
1093.29
1092.6
1093.91
1090.6
1093.23
1093.17
1090.83
1093.33
1092.07
1095.09
1092.4
1092.42
1091.76
1093.08
1068.23
1093.27
1068.53
1095.44
1095.16
1067.59
1093.32
1095.48
1095.65
1067.29
1095.44
1067.41
1095.43
1079.66
1080.47
1091.24
1095.52
1092.22
1095.06
1092.85
1087.17
1066.87
1080.32
