930.852
935.322
1024.74
801.085
1098.35
1098.33
1093.36
930.704
930.523
930.252
929.723
928.692
926.685
922.969
916.399
905.578
889.453
868.698
845.413
846.328
869.915
890.273
904.413
911.133
910.811
905.05
897.998
916.602
823.29
786.062
813.333
815.345
786.739
827.988
937.187
909.229
899.003
865.381
975.068
1016.54
974.287
977.88
1033.17
995.095
871.498
918.372
932.894
914.992
677.802
530.079
536.749
537.345
530.258
702.297
995.078
1039.02
1054.4
1059.16
1060.79
1061.35
1061.55
1061.62
1061.65
1061.66
1061.66
1061.66
1061.66
1061.67
1061.67
1061.67
1061.67
1061.66
1061.66
1061.66
1061.66
1061.66
1061.66
1061.66
1061.66
1061.66
1061.66
1061.66
1061.67
1061.67
1061.67
1061.67
1061.66
1061.66
1061.66
1061.66
1061.66
1061.66
1061.66
1061.66
1061.66
1061.66
1061.66
1061.66
1061.66
1061.66
1061.66
1061.66
1061.66
1061.66
1061.66
1061.65
1061.64
1061.61
1061.54
1061.41
1061.14
1060.61
1059.63
1057.88
1054.96
1050.55
1044.72
1037.82
1037.31
1043.31
1047.49
1049.1
1047.18
1040.8
1029.66
992.626
957.213
946.599
939.743
936.312
995.001
1026.01
1052.06
1071.64
1084.37
1091.84
1095.9
1098
1099.04
1099.54
1099.77
1099.88
1099.93
1099.95
1099.96
1099.96
1099.97
1099.97
1099.97
1099.97
1099.97
1099.97
1099.97
1099.97
1099.97
1099.97
1099.97
1099.97
1099.97
1099.97
1099.97
1099.97
1099.97
1099.97
1099.97
1099.97
1099.97
1099.97
1099.97
1099.97
1099.97
1099.97
1099.97
1099.97
1099.97
1099.97
1099.97
1099.97
1099.97
1099.97
1099.97
1099.97
1099.97
1099.97
1099.97
1099.97
1099.97
1099.97
1099.97
1099.97
1099.97
1099.97
1099.96
1099.96
1099.96
1099.96
1099.96
1099.96
1099.96
1099.95
1099.95
1099.94
1099.93
1099.92
1099.91
1099.9
1099.89
1099.88
1099.86
1099.84
1099.82
1099.79
1099.75
1099.71
1099.68
1099.64
1099.59
1099.53
1099.4
1099.14
1098.59
1097.43
1095.11
1090.67
1082.62
1069.11
1048.65
1021.81
990.427
1056.29
952.119
895.852
1099.96
1099.87
1099.95
1098.02
984.703
1075.19
1099.96
1099.96
963.793
1099.95
1075.46
1075.49
1075.49
1099.62
1074.93
1099.4
1099.95
1097.34
1075.49
1099.94
1075.49
1075.49
1099.96
984.778
1055.51
1071.89
920.823
959.333
1075.47
1075.49
849.596
1099.96
1099.96
1099.96
1099.96
1099.96
1075.49
1099.96
1075.49
1075.49
1075.49
1099.91
1099.79
1099.87
1075.49
1099.96
1068.49
1068.91
1061.06
988.058
1005.09
945.491
961.985
1099.96
1075.49
955.367
877.386
1099.96
1075.49
1099.96
1003.59
1099.93
1057.89
995.701
1056.85
1021.11
988.598
989.065
897.886
1026.5
961.047
968.81
1073.35
1090.58
1084.55
1099.95
1075.49
1075.49
1099.83
1075.49
1099.72
1075.48
1099.52
1075.36
1099.03
1099.96
1075.49
1075.49
1099.96
1099.95
1075.49
1075.49
954.577
1099.93
1099.9
1075.49
972.612
1073.14
947.152
1099.94
986.284
1099.96
987.671
1091.94
1099.53
980.183
1099.96
853.351
1099.96
1099.96
1099.96
888.703
1099.96
1075.38
1099.96
1099.96
1099.96
1099.96
1075.48
874.326
1030.34
1061.13
973.531
1050.78
989.698
923.015
973.945
1099.92
1099.92
979.671
1082.46
1099.92
1082.69
1099.92
1099.9
980.772
1082.71
1040.44
926.413
1099.92
1099.92
1082.71
1099.82
1065.8
1072.88
990.338
1003.26
1019.05
988.875
950.265
1063.9
1052.35
1048.23
1071.52
1082.5
1085.14
969.204
923.637
1074.38
1095.03
1095.95
1075.43
1099.28
1099.57
1075.49
1099.76
1075.49
1099.85
1075.49
1099.67
1099.95
1075.47
1075.49
1075.49
1099.81
1099.47
1075.49
1075.22
1075.49
1098.48
1099.95
1075.49
1099.88
1075.49
1099.92
1099.95
1099.96
1075.49
1075.49
1099.96
1075.49
1075.49
1099.96
1099.96
1075.49
1075.49
1099.96
901.247
1012.01
1099.96
1075.49
983.576
1075.49
1068.72
1099.94
958.539
1099.96
1075.49
876.609
1074.65
1099.76
1099.92
1099.95
1099.04
1099.96
1099.96
938.193
1099.96
862.463
1099.96
1099.96
935.044
1099.96
1099.96
987.304
975.627
1099.96
1099.96
911.703
1075.45
1099.96
1099.96
1075.48
929.312
1099.92
1044.33
987.029
980.672
1062.79
1016.4
944.936
998.832
1068.57
1064.14
1019.88
1020.62
1099.84
1099.92
1098.07
1016.99
1099.92
1081.49
1094.73
1069.53
1099.54
1099.2
1082.64
1082.71
1099.83
1082.71
1098.86
1099.91
1082.71
1082.71
1099.92
1099.88
1082.7
1004.9
1082.7
1099.92
1082.71
1099.92
1082.7
1099.7
1082.71
1099.92
1099.92
1074.77
1004.21
1050.2
1082.13
1045.58
1078.4
1001.24
1092.26
1099.91
1082.71
1082.7
1082.71
978.841
1036.95
955.098
1099.92
1082.7
1082.62
1099.92
1099.92
1099.92
1069.85
991.108
1047.61
973.384
1053.96
1033.89
999.438
1070.36
1015.32
997.322
1097.01
1098.12
1082.1
1082.41
1082.71
1099.6
1082.71
1099.73
1082.7
1099.04
1099.29
1082.71
1082.68
1099.84
1082.71
1082.71
1099.92
1099.9
1099.9
1099.64
1082.71
1082.71
1099.8
1099.92
1099.92
1099.38
1082.71
1082.71
1082.71
1082.7
978.118
1099.92
1077.79
984.799
1020.74
1099.51
1099.9
1011.02
1099.92
1099.92
1099.92
1038.79
946.086
1099.92
988.356
1099.92
1099.92
1082.02
982.844
1099.92
936.329
986.266
1099.92
1099.92
1082.67
1099.92
1029.75
1099.92
1017.79
1058.95
1070.68
1010.87
973.22
1028.97
1029.7
1087.32
1006.03
1082.4
1024.28
1099.83
1065.56
1099.83
1003.32
1088.64
1088.23
1099.83
1088.68
1094.06
1099.8
1098.54
1099.06
1088.72
1088.71
1088.72
1099.83
1075.94
1066.02
1099.83
1099.83
1099.83
1088.66
1099.36
1088.72
1099.61
1088.73
1099.79
1028.64
1082.71
1099.86
1025.97
1008.52
1099.83
997.36
1057.26
1080.35
1090.27
1026.06
1075.16
1096.1
1068.35
1086.17
990.263
1096.27
1088.02
1098.63
1082.57
996.772
1099.91
1082.71
1082.71
1099.87
1099.79
1088.73
1099.11
1098.96
1082.7
1082.71
1099.92
1082.71
1099.92
1099.92
1082.7
1099.17
1088.71
1088.72
1088.67
1099.77
1082.7
1099.83
1099.91
1082.71
1082.71
1055.42
1099.92
1082.71
1099.47
1082.71
1082.7
1099.68
1082.7
1099.89
1099.83
1099.73
1099.91
1088.53
1006.34
1099.92
1099.83
1099.92
1010.02
1099.92
1099.05
1099.92
1099.92
974.238
1082.71
1099.88
1099.92
1028.27
1080.85
985.611
1099.92
1099.92
1082.69
1088.64
1099.83
1099.83
1045.46
1041.38
1067.2
1041.36
1078.01
1075.12
1046.71
1044.07
1098.14
1097.95
1099.75
1099.65
1099.82
1088.71
1088.7
1099.73
1092.69
1091.59
1099.65
1051.44
1099.57
1098.07
1093.11
1093.23
1099.83
1092.93
1088.71
1088.65
1093.23
1099.82
1093.17
1088.65
1099.81
1084.22
1061.42
1046.75
1099.72
1088.55
1099.32
1088.67
1099.83
1099.83
1077.26
1011.27
1099.83
1087.49
1099.83
1088.65
1099.83
1099.83
1099.83
1015.55
1087.43
1080.28
1086.02
1067.46
1089.59
1015.46
1092.76
1021.9
1027.68
1088.38
1097.29
999.691
1097.88
1013.96
1099.46
998.034
1098.04
1099.81
1088.71
1099.25
1088.69
1088.69
1099.83
1098.34
1088.64
1099.83
1099.82
1088.73
1099.82
1088.7
1088.67
1099.43
1099.55
1088.66
1088.71
1099.78
1099.77
1088.72
1088.7
1098.74
1098.91
1099.83
1088.71
1088.7
1088.69
1088.7
1088.72
1099.66
1088.71
1099.83
1088.67
1068.11
1063.56
1099.83
1099.83
1062.03
1099.83
1099.83
1058.33
1071.13
1099.86
1088.68
1019.56
1093.08
1085.73
1027.78
1099.83
1016.53
1099.83
1029.81
1099.83
1099.83
1072.14
1036.63
1077.78
1066.23
1015.99
1061.96
1042.85
1095.87
1030.05
1047.64
1090.36
1099.64
1099.66
1099.65
1081.45
1099.52
1093.13
1093.18
1096.61
1086.09
1057.38
1099.66
1098.41
1093.13
1095.98
1093.17
1093.17
1093.05
1099.65
1099.65
1071.26
1099.64
1093.05
1099.67
1093.29
1099.54
1093.08
1098.88
1093.21
1099.11
1099.64
1090.09
1088.29
1093.29
1099.6
1093.2
1099.67
1099.65
1052.69
1084.76
1082.54
1080.08
1048.14
1080.13
1083.8
1096.32
1052.24
1052.04
1094.78
1093.03
1031.45
1097.72
1099.04
1092.83
1092.4
1099.66
1095.88
1093.12
1093.19
1098.17
1034.29
1097.01
1097.79
1093.2
1093.21
1098.29
1093.14
1099.7
1099.65
1099.82
1099.84
1088.72
1099.54
1099.83
1093.17
1088.71
1088.71
1099.81
1088.7
1092.53
1099.75
1088.67
1088.69
1088.69
1099.48
1093.24
1088.68
1093.27
1061.48
1099.65
1099.83
1093.13
1099.83
1052.88
1099.65
1099.83
1083.87
1099.8
1066.48
1099.83
1056.95
1099.83
1088.62
1099.65
1099.62
1099.65
1099.66
1057.59
1081.37
1064.46
1056.46
1083.53
1034.96
1077.38
1083.02
1095.18
1095.92
1099.58
1099.64
1099.66
1099.47
1067.36
1098.96
1092.11
1056.76
1093.37
1096.13
1076.44
1093.02
1099.31
1076.07
1096.15
1099.29
1099.64
1099.31
1086.02
1096.22
1099.1
1096.03
1095.86
1096.26
1093.19
1093.19
1099.65
1099.66
1093.24
1099.65
1082.49
1099.65
1099.66
1093.05
1099.65
1095.81
1089.97
1088.58
1099.39
1096.36
1074.75
1060.76
1087.55
1096.5
1090.25
1048.53
1095.63
1036.49
1092.48
1028.83
1096.01
1099.51
1095.97
1040.62
1093.14
1097.43
1096.11
1096.61
1096.06
1099.62
1093.16
1093.22
1093.11
1096
1093.03
1099.27
1093.22
1099.65
1099.65
1099.03
1099.54
1099.5
1098.45
1093.08
1099.72
1093.13
1099.65
1093.15
1093.16
1093.16
1093.11
1099.43
1098.73
1098.76
1093.14
1093.11
1093.22
1099.65
1099.66
1083.43
1096.02
1064.29
1099.66
1093.13
1099.67
1099.59
1077.25
1088.37
1053.43
1091.72
1099.66
1099.32
1076.97
1099.65
1099.67
1099.65
1093
1055.19
1078.06
1090.12
1099.31
1099.35
1099.32
1096.03
1099.32
1099.47
1098.94
1095.9
1095.98
1067.75
1060.66
1097.61
1063.54
1097.82
1099.36
1099.25
1088.55
1096
1097.71
1096.14
1098.22
1096.11
1096.16
1099.33
1096
1099.31
1096.03
1095.98
1099.31
1099.32
1096.23
1099.31
1099.31
1082.53
1099.21
1092.92
1098.74
1098.2
1097.72
1096.95
1097.5
1097.76
1085.61
1079.69
1099.15
1099.31
1099.17
1093.64
1069.14
1094.21
1098.15
1092.43
1092.1
1095.67
1055.81
1099.34
1092.69
1091.98
1096.01
1095.96
1096.06
1059.45
1094.99
1094.19
1095.72
1072.03
1099.62
1074.97
1099.65
1099.33
1097.8
1096.03
1099.33
1099.19
1096.08
1096.16
1095.9
1096.28
1098.98
1095.96
1096.01
1098.91
1099.65
1093.14
1093.12
1099.37
1099.32
1098.76
1096.08
1093.18
1096.09
1092.02
1076.12
1099.66
1099.18
1099.32
1083.63
1096.02
1082.28
1099.66
1094.86
1094.01
1099.31
1099.32
1099.33
1095.9
1076.42
1095.43
1069.57
1089.5
1089.51
1099.33
1091.62
1096.02
1095.98
1099.32
1093.54
1095.61
1097.34
1096.51
1086.37
1098
1086.49
1098.73
1085.63
1073.89
1097.66
1076.17
1089.27
1090.8
1099.29
1097.67
1097.71
1099.34
1097.28
1098.01
1087.58
1098.72
1097.85
1099.36
1097.87
1098.72
1088.75
1099.3
1097.79
1098.88
1098.75
1097.73
1097.85
1098.76
1097.82
1091.43
1097.76
1097.89
1098.7
1097.71
1098.73
1097.98
1096.04
1097.26
1096.23
1096.68
1092.6
1064.37
1099.07
1057.27
1092.19
1099.26
1097.76
1067.83
1092.09
1098.76
1099.34
1095.9
1097.84
1099.31
1099.28
1097.1
1099.31
1096.01
1096.05
1096.02
1096.22
1099.37
1098.53
1098.85
1096.03
1096.03
1099.32
1095.96
1095.98
1099.32
1095.85
1083.09
1099.36
1088
1096
1099.34
1099.36
1091.32
1099.28
1088.07
1099.32
1097.53
1098.94
1098.4
1093.81
1076.89
1079.88
1098.04
1086.49
1085.75
1098.77
1097.76
1097.74
1098.73
1096.9
1096.44
1093.49
1097.7
1098.76
1079.99
1094.7
1097.8
1097.82
1092.82
1098.74
1097.71
1098.73
1097.82
1097.74
1097.66
1098.74
1098.73
1098.76
1097.65
1097.77
1087.36
1096.75
1085.51
1078.47
1098.74
1090.11
1097.89
1098.74
1098.71
1099.34
1098.71
1098.72
1091.71
1091.35
1099.32
1097.72
1098.9
1096.27
1087.59
1098.9
1097.59
1078.59
1098.25
1076.55
1074.71
1098.54
1085.24
1098.65
1074.42
1098.68
1087.81
1099.32
1081.09
1083.69
1086.97
1098.77
1098.56
1096.01
1098.67
1098.81
1095.27
1093.99
1098.82
1097.69
1098.78
1099.33
1098.01
1094.43
1097.48
1094.06
1098.77
1096.63
1098.79
1097.81
1096.39
1097.72
1098.85
1097.75
1097.98
1097.71
1097.66
1098.76
1098.74
1097.73
1098.71
1098.74
1097.73
1097.78
1098.86
1098.69
1097.71
1098.71
1097.7
1095.69
1097.7
1095.37
1098.73
1098.71
1095.75
1097.72
1098.74
1098.81
1095.71
1098.73
1093.72
1098.73
1097.18
1097.75
1098.73
1098.76
1097.74
1098.8
1097.67
1097.64
1095.68
1097.55
