0.0950446
0.120864
0.169805
0.14837
0.184108
0.168171
0.156949
0.163677
0.189469
0.320151
0.192428
0.180608
0.184485
0.229204
0.227415
0.228981
0.226862
0.227345
0.237425
0.339549
0.217704
0.233049
0.267138
0.309661
0.253557
0.269161
0.276931
0.285256
0.290617
0.291255
0.29281
0.19021
0.182755
0.179447
0.17385
0.178512
0.250781
0.152393
0.167009
0.180101
0.353711
0.327263
0.308472
0.355249
0.285302
0.348878
0.34476
0.289798
0.220268
0.421697
0.278782
0.346692
0.351159
0.360416
0.320367
0.387763
0.391171
0.343373
0.307461
0.317914
0.26116
0.166902
0.323644
0.267911
0.360429
0.406293
0.43579
0.373342
0.21414
0.330729
0.305695
0.449823
0.152691
0.297566
0.397697
0.3513
0.498354
0.370815
0.195427
0.327117
0.4582
0.173794
0.393727
0.279258
0.489439
0.333504
0.176768
0.329227
0.320939
0.340708
0.408617
0.306462
0.203033
0.356789
0.496773
0.304873
0.280176
0.387992
0.434115
0.158629
0.31645
0.249404
0.317341
0.335149
0.336024
0.170971
0.34204
0.321065
0.349625
0.300221
0.33228
0.333434
0.183897
0.415817
0.363016
0.262529
0.299599
0.289963
0.339304
0.184655
0.388423
0.334091
0.336098
0.199079
0.339753
0.431213
0.292176
0.287487
0.357263
0.275574
0.234028
0.286399
0.29227
0.270471
0.303553
0.373847
0.347215
0.35238
0.172975
0.332198
0.163615
0.300099
0.375754
