0.0048128
0.00479616
0.00463362
0.00486504
0.00932156
0.00851039
0.00794187
0.00828015
0.00960389
0.0160281
0.00970079
0.00907393
0.00924693
0.00877924
0.00873222
0.00884275
0.00876595
0.00881281
0.00934455
0.0143758
0.0083753
0.00915172
0.00818564
0.0102295
0.00755005
0.00832751
0.00872194
0.00914244
0.00941563
0.00945419
0.0095361
0.0094334
0.00910148
0.0089702
0.00871643
0.00897959
0.0125746
0.00768803
0.00844299
0.00911429
0.0174835
0.0163187
0.015532
0.0178545
0.0140429
0.0173068
0.0172919
0.0146549
0.0111327
0.0208885
0.0140955
0.0174358
0.0173208
0.0179477
0.016189
0.0191965
0.0194436
0.0170315
0.0153068
0.0158145
0.0130352
0.00841077
0.0162222
0.0133998
0.018082
0.0203816
0.0218522
0.018755
0.0108868
0.016652
0.0154121
0.0226109
0.00776465
0.0150271
0.0199862
0.0177501
0.0247233
0.0184636
0.00983833
0.0163181
0.0228837
0.00880333
0.0197781
0.0140537
0.0244456
0.0168007
0.00900915
0.0163041
0.0159432
0.0170192
0.0203638
0.0153589
0.0102951
0.0178497
0.0248613
0.0153171
0.0141403
0.0194531
0.0216505
0.00801381
0.0157702
0.0124607
0.0157859
0.0166972
0.0166907
0.00862277
0.017015
0.0161684
0.0176547
0.0150336
0.0163975
0.0164913
0.00912035
0.0204375
0.0179505
0.0132741
0.0149861
0.0144801
0.0169946
0.00914501
0.0192601
0.0169023
0.0168721
0.0101066
0.0168564
0.0217302
0.0145742
0.0144817
0.0178578
0.0139235
0.0117945
0.0143925
0.0146807
0.0135404
0.0148808
0.0185432
0.0173944
0.0178349
0.00879813
0.0167152
0.00835585
0.0149499
0.0185944
