0.0114627 -0.0115826 -0.00688943 0.0028915 -0.00336166 0.0067484 -0.00900007 -0.00625103 -0.0002307 0.00257321 0.00296173 0.0146037 0.00756182 0.0100861 -0.00749192 0.00752541 -0.00574034 -0.000941019 -0.00411878 -0.003794 -0.00653306 -0.000149879 0.000638894 -0.00471432 0.00387625 -0.00487582 -0.0134745 -0.00507298 -0.00899593 0.00301293 -0.00332024 -0.000462291 0.00273079 0.00496917 -0.00133124 -0.00175425 0.00212987 0.000439239 -0.00278082 -0.00412792 0.00344335 -0.00711702 -0.00310522 -0.00205372 -0.00373217 -6.38051e-05 -0.00833327 -0.00250991 -0.000605856 0.00294291 
-0.00309063 0.000147115 0.000597329 -0.00391407 0.00344199 0.00417353 0.010823 0.00542817 -0.000264726 0.000712629 0.00631202 0.00327551 -0.00510134 -0.00365714 -0.00347218 0.00173361 -0.00283688 -0.00333388 -0.0029897 0.0072203 0.00177801 -0.00286023 0.00584027 -0.00496034 0.00646922 -0.00394506 0.00507072 -0.00198939 0.00397516 -0.000997299 -0.0103714 0.00210182 -0.00272228 0.00265274 -0.00634311 0.000285836 0.000134984 0.00325193 0.000840875 0.000162648 0.0015756 0.00201876 -0.0032115 0.00605362 0.00820698 -0.00514527 0.00365421 0.0122061 0.0121351 0.00850464 
-0.00533669 -0.00571309 -0.00410894 -0.00299686 0.0104905 -0.00365354 0.00299609 -0.00492142 -0.00343364 -0.00677839 -0.000245726 0.00765963 0.00327444 0.00671971 -0.00382948 0.00207867 0.000720768 0.00500557 0.00164718 0.00389165 0.00189158 0.00277304 0.00170173 0.00961094 0.00109347 -0.00456315 0.00724308 -0.00560558 0.00600722 0.00506328 0.000131107 -0.00190202 0.00225419 -0.00439902 -0.00895215 -0.000475986 -0.00424812 0.00017072 -0.0022177 0.00529279 -0.0030484 0.00230289 0.00348436 -0.0125008 0.00178191 -0.0103448 0.00558944 0.000592842 0.00037831 0.000825271 
-0.0025898 -0.00223074 0.00049208 -0.0107327 -0.0084972 -0.00765293 -0.000750817 -0.00261893 0.00339133 -0.00083145 -0.00755277 -0.0096291 -0.00700974 -0.00608482 -0.00706993 -0.00341941 -0.00433738 -0.000221151 0.000256521 -0.00558863 -0.00484319 0.00256738 0.00131563 0.00257874 0.00601228 0.0080834 -6.53623e-05 -0.00412233 0.00522317 -0.00333537 -0.00455518 -0.00725013 -0.00115138 0.00487875 -0.00416334 0.00920421 0.00298927 0.00279444 -0.000645819 0.00803391 0.003225 0.00877799 0.000428029 -0.00413391 -0.000211443 -0.0159396 -0.00382629 -0.00764728 -0.00335185 0.00109495 
-0.00155122 -0.00677349 0.00953449 -0.00791046 -0.00290286 -0.00522068 -0.00199415 0.000246154 0.00214222 -0.00617487 3.90857e-06 0.00089085 -0.00141936 -0.00895407 -0.0019283 -0.00340287 0.00444366 0.00743863 -0.00075767 0.00238813 0.00610145 -0.00226115 -0.00200295 -0.00182568 0.002978 -0.00230062 0.0111772 -0.0032381 -0.00595504 -0.000722325 0.00451032 -0.00141202 0.00100505 -0.0060252 0.0013375 -0.00696177 -0.00546276 -0.0055902 -0.00437716 0.00078592 -0.00142888 -0.00273343 -0.000540606 -0.000399447 0.00400919 0.0146689 0.00552916 -0.005489 -0.00236657 -0.00660139 
0.0082749 -0.0135009 0.00686252 -0.0135391 0.0045143 -0.00124263 -0.0112843 0.00435394 -0.000877184 -0.000723732 -0.00640388 0.00873901 -0.00327101 0.00685838 0.00519839 -0.00241631 0.00698679 0.0021108 0.00757937 0.000325094 -0.00323157 0.00314651 0.00624893 0.00381297 -0.00249348 0.00931147 -0.00148351 0.00169242 0.0028504 -0.00158949 -0.00124588 0.00306699 -0.00262765 -0.00558597 0.00170258 0.0026313 -0.0122718 0.00851096 -0.0053512 -0.00134072 0.00155825 0.00355143 0.00751349 -0.00160332 0.00106699 0.0052251 0.000927093 -0.0106267 -0.00487139 -6.12006e-05 
0.00107854 -0.00621634 0.00190268 -0.00306184 0.0034718 0.00411042 -0.00253834 -0.0084149 0.00663521 0.00384474 -0.0122521 -0.00126375 -0.00118048 6.09566e-05 0.00069916 0.00478761 0.00527475 0.000468556 0.000678714 -0.000685784 -0.00657285 0.00179286 -0.000114208 0.0012653 0.000316039 -0.00259791 0.00383062 -0.00238507 0.00952364 0.00212433 -0.00104595 -0.00273604 -0.00470544 0.00133754 0.00132143 -0.00154575 0.00671437 0.000975032 0.000154308 -0.00163301 0.00721575 0.00289672 -0.000887391 0.00404679 0.00501063 0.00705459 -0.000103863 -0.00328956 -0.00523554 -0.00500505 
0.00427682 -0.00841673 0.00216738 0.00249402 -3.89962e-05 0.00708569 0.0064551 -0.00168331 -0.00118616 -0.00200254 -0.00493394 0.00499669 0.00342739 -0.00196258 -0.00412351 -0.00219292 -0.00824395 -0.000485654 -0.0030701 0.00257031 0.00784046 -0.00607794 0.00909046 -0.00103972 8.48665e-06 -0.00736072 0.00713019 0.00122464 -0.00444771 0.0060429 0.000755474 -0.00323371 0.00182313 0.00430507 -0.00125392 -0.00578285 0.00717974 -0.00517597 0.00394684 -0.00016044 0.00209833 -0.00802148 -0.00794596 -0.00201571 0.00362386 -0.00445421 0.0102526 0.00205271 0.00246057 -0.010318 
-0.0067681 -0.00894148 -0.00620164 0.00272378 -0.0107322 0.00141942 0.00523263 0.00630652 0.00413207 -0.000485221 -0.00126047 0.00929473 0.00589896 0.00557601 0.00413926 -0.00056001 0.0011524 -0.00567412 0.00741541 0.00110847 0.0119088 0.00306323 0.00675911 0.00155888 0.00198847 0.00291944 -0.00186708 0.0128372 0.00191847 -0.000891357 0.011438 -0.00415764 -0.00238247 0.00174294 0.00320207 -0.0014257 -0.0082873 4.26937e-05 -0.00270435 -0.00733702 -0.00263747 0.00734144 0.00370737 0.00463849 -0.000600512 -0.00195652 0.0133466 -0.00423258 -0.00398142 -0.000664577 
0.0025841 -0.00321216 -0.00026272 -0.00229861 -0.00323816 -0.00811627 -0.0054061 0.00169492 -0.000640012 0.00504088 0.000801882 0.0023738 -0.00295132 -0.00669903 0.00732216 0.00241019 0.00212728 -0.00380238 0.000508509 -0.00471902 -0.00132662 0.00130549 -0.002941 -0.000217297 -0.00144936 -0.00109378 -0.00300826 -0.000104711 0.000802332 0.00514959 0.00168497 0.00327883 -0.00547405 0.00331461 -0.00531741 0.00694091 0.00738407 0.00576577 0.00600837 0.00172758 0.00556946 -0.00206473 0.00147472 -0.0018225 -0.00458493 0.00666015 0.000324099 -0.000512194 -0.000108762 0.0107886 
-0.00257943 0.00820488 0.00601101 -0.00379143 -0.00176307 0.000243417 -0.00134758 -0.00635036 0.0102806 0.00583182 -0.00236395 -0.000138331 0.00540271 0.00130048 0.00584831 0.00373956 0.000162115 0.00395239 0.000460587 -0.00710066 -0.00746572 -0.00687124 -0.00619864 0.00532756 0.00159908 0.00337358 0.00146318 0.00805545 -0.00301803 -0.00056097 -0.00066402 -0.00394663 -0.00957029 0.00678871 0.00174909 -0.00050574 -0.00209285 0.00426013 -0.00176324 -0.000535691 0.00843293 -0.00732694 0.00718984 -0.00365548 -0.00240743 0.00144827 0.00168837 0.00200477 -0.00424226 0.00508949 
0.0120715 0.0103273 0.00716233 -0.00155816 0.0021365 0.00498701 -0.00148111 0.00816266 0.000861835 -0.000685764 0.0014378 0.00284192 0.0049857 0.00204416 -0.00395978 -0.00133773 0.00117729 -0.00484137 -0.00798144 0.00794987 0.00411234 -0.00342811 0.00591272 0.00427431 0.000209092 0.00150043 -0.00577265 0.00348727 -0.00584944 0.00113944 -0.00710114 -0.00498905 -0.00204947 0.00193486 -0.00556654 -0.00709103 0.0020003 7.06413e-05 -0.0016038 0.00100635 -0.00354031 0.0008857 -0.00710663 0.00808215 -0.000296889 -0.000523376 -0.00509538 0.0049323 -0.00629845 0.0119364 
-0.00112624 -0.00222333 0.00457058 -0.00754093 -5.46088e-05 -0.0016215 -0.00408012 0.00553824 0.00168816 0.00275241 0.00103495 0.00453552 0.00278929 0.00118908 -0.00758241 0.00698567 0.000410117 0.00492054 -0.00841539 0.0115544 0.00677435 0.00445094 0.00572414 0.00974322 -0.00281528 0.00131176 -0.00497648 0.00220867 -0.00639476 -0.00386978 -0.00240223 0.000922653 0.0014424 -0.0114879 -0.00435387 -0.0041264 0.00137616 -0.00237478 -0.00522315 -0.00412944 0.00880541 -0.00738604 -0.000148824 -0.00697942 -0.000747934 0.000932076 -0.00635552 -0.00651432 0.00467938 -0.00482091 
0.00265437 0.0024752 -0.000128036 0.00654608 -0.00352545 0.00289971 -0.000718201 -0.00228087 0.000938849 0.000567899 0.00229506 -0.00749865 0.000873253 -0.000869496 0.00470696 -0.00313194 0.00202334 0.00607372 0.00878275 -0.000246734 -0.00417671 -0.000937754 -0.000199832 0.00431864 -0.00259818 -0.000172007 -0.00930137 -0.00496137 0.00265039 0.0019037 -0.00350844 0.00202347 -0.00464642 0.00681566 0.00363739 0.00234607 -0.00322853 -0.000396326 0.00327642 -0.0074605 -0.0015162 -0.00104903 0.00105301 0.0013453 0.0040431 -0.00111661 -0.00830055 -0.00279295 -0.00271474 -0.00670312 
0.00902654 0.00586828 -0.00735889 0.00161911 -0.0041398 0.00480968 -0.00305264 0.00525108 0.000876008 -0.00379479 -0.00711351 -0.00405551 0.00726703 0.00900648 0.00923177 0.00297013 -0.00177115 -0.0147712 -0.000548 -0.000972175 0.0025911 0.00286253 0.00124684 0.0034111 -0.00356298 0.00242752 -0.00124213 -0.00634631 -0.00559692 -0.0110428 0.00148408 0.00339324 -0.00644305 -0.00647648 0.0128101 -0.0107729 0.00781097 0.00213715 -0.00723452 0.00195855 -0.000792408 0.00618305 -0.00257064 -0.00946614 -0.000271693 -0.00308424 -0.00247453 -0.00663658 0.00546258 0.0012378 
0.00846002 0.00139549 -0.00303437 0.00493776 -0.00186152 0.00021066 -0.00128486 -0.00957067 0.0104668 8.64455e-05 -0.00234143 -0.0073039 -0.00247292 0.00242595 0.0084736 -0.00736319 -0.00960458 0.00377581 0.00480599 -0.0066587 -0.00496308 -0.00107197 0.0046668 0.00209404 -0.00114551 0.0116863 -0.0013262 0.000580884 0.00127573 -0.00209798 0.00263273 0.00416409 0.00166719 0.00196898 0.00251839 -0.00750433 -0.000584052 0.00581601 0.00511916 -0.0033953 -0.00196136 0.00029704 0.00310451 0.00115314 -0.00768113 -0.000377873 0.00156679 -0.00213407 0.00427815 -0.000202424 
-0.00925572 0.00445872 0.000862407 0.00361114 -0.00298605 -0.000128077 -0.00141975 0.0058424 -0.00743244 0.00261361 0.00196017 0.0102705 0.00220342 0.00173996 -0.000774051 0.00107732 0.000380452 0.00289846 0.000138681 -0.00119926 -0.00227629 -0.0057815 0.00187009 0.00126302 0.00228888 -0.00809804 0.00632924 -0.000509525 0.0102628 -0.000110529 -0.00753018 -0.008157 -0.00490756 0.00288956 -0.000154618 -0.0123313 -9.11785e-05 0.00624791 0.00334082 -0.00510335 -0.00236898 -0.00203213 -0.00320304 0.000420391 -0.000149552 0.000745339 -0.00213721 -0.00538648 0.000851873 0.00495675 
0.00346522 -0.00409521 -0.00135419 0.001023 0.00828948 -0.00109008 0.00438899 -0.000809362 -0.00107017 0.00346811 -0.00422678 0.00201691 -0.000929425 0.00150445 0.000424383 -0.00397237 0.000773845 0.00862091 0.00397139 0.00742547 -0.000578272 -4.1394e-05 0.003317 -0.00574736 0.00988714 -0.00363614 -0.00164836 -0.00203411 -0.0027089 -0.001643 -0.00397641 0.00671711 0.0065912 -0.00302587 -0.00824249 -0.0014075 -0.00658614 -0.00480092 -0.00257844 0.00417247 0.00344515 0.00157266 -0.00596491 0.0090228 -0.00416762 0.0034524 -0.0100741 -0.0059065 0.00422514 0.00264821 
-0.00427124 0.00590915 0.00162587 0.00385504 -0.00569534 0.00319412 0.00109906 0.00435783 -0.00454229 0.00497485 0.00869796 -0.0105734 -0.000870387 -0.00223685 -0.00732222 -0.000803761 0.00117026 -0.00459475 0.00222488 0.00225279 0.00510296 -0.00102641 0.0035212 -0.000841305 0.00170632 -0.00398304 0.00599284 -0.00216777 -0.010998 -0.00439947 0.00241721 -0.000956006 0.00076911 -0.00284051 -0.00247932 -0.00339168 -0.00904473 -0.00422978 0.00717161 -0.00344639 0.00824924 -0.00857109 0.00641276 -0.00395024 -0.00539121 -0.00808244 -0.00101914 0.00297146 0.00768045 0.00548954 
-0.00317616 0.00423403 0.00220912 6.61772e-05 0.00273789 -0.000685505 0.00497222 -0.000456702 6.83889e-05 -0.00321986 -0.00118438 -0.0011361 -0.00114883 0.00239701 0.00583251 0.00139527 -0.00876165 -0.0056839 -0.00727813 0.0028737 0.00251565 -0.00430609 0.0071918 0.00270438 0.00230735 0.00103524 -0.00727451 0.0143098 0.00738404 0.00771098 0.00981036 0.00543761 -0.000194779 7.72031e-05 -0.00393153 0.0107198 0.00037917 0.00278271 -0.00355456 -0.000353395 0.00565143 0.0073906 0.00107052 -0.00148678 0.006443 -0.00336331 -0.000620678 -0.0118973 0.00795973 0.00132161 
0.000104168 -0.000517695 0.0090669 -0.00170584 -0.0037457 -0.00538112 0.00444025 -0.0069953 -0.00147377 0.00350659 -0.00432982 0.000548134 0.00617885 -5.33589e-05 -0.00132364 0.00143331 0.00213447 -0.00765314 -0.000888329 0.00455995 -0.00357466 0.0001887 -0.00381521 0.00646625 0.00485406 0.000277902 0.0025255 -0.000124401 -0.00514569 0.00534936 0.00933677 -0.00222448 0.00610409 0.00527712 -0.0038962 0.00189894 -0.00419243 0.00117395 -0.00215403 -0.00195384 0.0100541 0.00324612 0.00110221 -0.00365767 0.000221469 0.011742 -0.00973073 -0.00246979 0.0102833 0.00120308 
0.000881518 0.00167167 0.00756787 -0.00100611 0.00251567 -0.00437707 -0.00464083 -0.00316259 -0.00652576 -0.00109273 0.00293593 0.000986153 0.00189247 0.00648195 0.00808238 -0.0041229 0.00154693 0.00054919 0.00292661 -0.00238644 -0.00758638 0.000966306 -0.00615779 -0.00317085 0.00315627 -0.00307759 -0.00217044 -0.00482133 -0.00209302 0.000664744 -0.00395934 0.00693892 0.000842163 0.00262563 0.00589729 0.0101015 -0.00091146 -0.00231706 -0.00145048 -0.00560102 0.0106988 -0.0114351 0.000448739 0.000918345 -0.00141941 -0.00297476 -0.00892715 0.00409607 0.00578256 -0.00263682 
0.00963678 -0.00376189 -0.00358847 -0.00402887 -0.00222812 0.00359434 -0.0135125 0.00114263 0.00710462 0.00149504 -0.00981898 0.00516063 -0.0134491 0.00506671 0.000457668 -0.00116747 0.00900222 -0.00742105 -0.00541973 0.00244495 -0.00141911 0.00425133 0.000698404 -0.00616497 -0.00150365 -0.00311003 -0.00385063 -0.0051757 -0.0040065 0.00162175 -0.000938589 -0.000505418 -0.000391694 -0.000286569 0.001165 -0.000130515 0.00305276 0.000501388 -0.00727318 -0.00651429 -0.00144139 0.00108885 0.000741489 0.00258535 -0.00355194 0.011896 -0.00733074 -0.00200463 0.00513544 0.00264781 
-0.000371523 0.0118841 -0.00332031 0.00890336 -0.00262371 0.00786186 0.00506501 0.00206777 -0.00156319 -0.00205278 0.00629668 0.00175407 0.00753328 0.00373784 -0.00100729 0.00804547 -0.00431484 -0.00608635 0.000362006 0.0113592 -0.00377593 0.00169912 0.00113881 -0.00503651 0.00208985 -0.00666806 0.0114512 0.00206035 -0.00956021 -0.00290133 0.00370295 0.000588252 -0.000657677 0.000662429 0.00169331 0.000699072 -0.00271388 0.000505542 -7.67055e-06 0.00252866 -0.00828378 -0.000317954 0.00520637 -0.00737119 0.000509877 -0.00278706 0.00039823 0.00150838 -0.00306936 0.00579402 
0.00356542 0.00346314 -0.00351286 0.000496134 -0.0020343 0.00901428 -0.00841349 0.00530674 0.00693368 0.00230171 -0.00843197 -0.00200969 0.00107507 0.00444449 0.00248486 -0.00315331 0.00198087 -0.000275465 0.0036416 -0.00580616 -0.00444149 -0.00101661 0.010678 0.00355447 0.00388544 -0.0079396 0.00492222 0.0109615 -0.00100674 -3.103e-05 -2.78026e-05 -0.00135543 0.0013855 -0.00189533 0.000325453 0.00860333 -0.00420229 0.00171541 0.00270015 0.00401016 0.00147312 -0.00339585 -7.80309e-05 -0.00390901 0.00120824 0.00232916 0.00134431 -0.00240491 -0.0024723 -0.00736163 
0.00163473 0.00162325 -0.00236327 0.00382399 -0.00102557 -0.000887895 -8.67285e-05 0.0035973 0.0078333 -0.00807063 -0.00732708 0.00673459 0.00310577 0.000169843 0.0213204 -0.00167395 0.00115557 0.00572207 0.00240813 -0.00252806 -0.00484109 0.00400962 -0.00770042 0.00134292 -0.0101779 0.0104799 0.00863057 0.000324806 0.00276692 -0.000278661 0.00195503 -0.0124071 -0.00582666 -0.00362287 -6.53623e-05 0.00558893 -0.000619828 -0.00200113 -0.00565685 0.00171404 -0.00462596 -0.00547323 0.000922456 0.00123643 0.00721567 -0.00113444 0.000709513 0.00288193 -0.00375249 0.011973 
-0.00188069 0.00278484 -0.00805607 -0.00993269 -0.000751648 -0.00493338 -0.000801986 0.00470832 0.0107407 -0.00122451 0.00336503 0.00152908 -0.00870308 0.00836805 -0.00636822 -0.00201528 0.00126095 0.00313084 0.000395829 0.00496491 0.00371671 0.00399023 -0.000944917 0.00790046 -0.00176091 0.00629639 -0.00295426 0.000734544 -0.000486485 0.00584452 0.00388394 -0.00050444 -0.000263083 0.00881336 0.00563963 -0.00441307 0.000702308 0.000636978 0.001152 -0.00847734 0.000883627 0.00139819 0.0100928 0.00194595 -0.00306188 0.000907731 -0.00593508 -0.000975133 0.00124879 0.00173487 
-0.00233067 -0.00393784 0.00926663 0.00682179 -0.00686657 -0.00692347 0.00276857 0.0068645 -0.00302067 -0.00374475 0.000930295 -0.00259672 0.00307556 -0.00400934 0.00181174 0.00103331 -0.00655139 0.00332616 -0.0100554 -0.00531365 -0.00470467 0.000859639 0.00375959 -0.00383549 0.00388268 0.00618787 0.00123732 0.00628271 0.00223176 0.00411048 0.00188379 0.00247949 0.0092982 0.000184604 0.00564166 -0.00424072 0.00509611 -0.00368164 -0.00623425 -0.00966784 0.00594034 -0.00301015 -0.000133828 -0.00312028 -0.00488786 -0.00519297 0.00501044 -0.00343085 0.000637241 0.000879529 
0.00101851 -0.00623749 0.00622736 0.00610156 0.00602046 -0.00514268 -0.0105252 -0.00302102 0.000685659 -0.00394644 0.00138124 0.00164268 0.00578025 -0.000619612 -0.00542996 0.0116494 0.00547182 0.0016698 -0.000320824 -0.00646261 0.005139 -0.00552934 -0.00819216 -0.00269424 0.00386575 -0.000390936 -0.00105472 0.00214122 0.00621023 -0.00394896 0.00459197 -0.00679226 0.00175062 -0.00682342 -0.00177064 0.003883 0.0066446 0.001673 8.07643e-06 0.00108971 -0.00794844 -0.00467298 -0.00372228 -0.00308708 -0.00850374 0.00685477 -0.0028263 -0.000386941 0.0126602 0.00351218 
0.0044344 0.00255587 -0.00134993 -0.0170422 0.00290645 0.003722 -0.0131658 0.00218558 0.00131523 -0.00253584 -0.00552256 0.007279 -0.00147782 -0.00310186 -0.000338319 0.00107352 0.00196919 0.00651779 -0.0102759 0.0100695 -0.00201064 -0.000923279 0.00776154 -0.00723082 3.95389e-05 0.00181206 0.00277482 0.000671618 0.00766206 -0.00394068 -0.0104539 -0.00535824 0.00553364 0.00298936 -0.00865469 -0.0075407 0.00391134 -0.00300523 -0.013543 -0.001352 0.00475316 -0.00538531 -0.00610717 0.000725756 -0.00627898 -0.00121238 -0.008981 -0.011776 0.000454959 -0.00322297 
0.00253698 -0.00588565 0.0019892 -0.00160509 0.00277231 0.00578291 -0.00272449 0.00276783 -0.00319546 0.011885 -0.00438668 -0.000341406 -0.00446565 0.00642036 0.00300895 0.00707574 -0.00887908 0.0100279 0.0068427 -0.0103463 -0.00201895 0.00341483 -0.00166871 -0.000669026 -0.00274186 0.00858802 0.000403101 0.00159896 0.00215459 -0.00584998 -0.00618293 -0.00235304 -0.00806008 0.00360337 -0.00552098 -0.000585941 -0.00427935 -0.00676245 -0.00342412 -0.0010513 -0.000869955 0.00618392 -0.0020945 0.00691355 0.0018591 0.00253214 -0.00185268 0.00155227 0.000914291 0.00140947 
-0.00127103 0.00835384 -0.00429491 -0.000129861 -0.00244882 -0.00309107 0.00141584 0.00899396 0.000834529 0.00154756 -0.0046917 -0.00613871 -0.0043201 0.00222565 0.00103448 -0.000185568 -0.0109725 -0.000753655 -0.0067965 0.00839371 0.00147282 0.00260853 -0.00974057 -0.000200842 0.00503347 0.000466299 0.000918765 -0.00301814 -0.00017998 0.00542959 -0.00291775 0.00902342 -0.00405668 0.00580667 0.00596431 0.00845453 0.000110032 0.00141489 -5.87044e-05 -0.00187292 -0.00584322 -0.00588134 -0.0052843 0.00124474 -0.0036831 0.00803677 0.00108475 0.00417148 0.0045496 0.00256536 
-0.00183393 0.00156653 -0.00291043 0.00225388 0.00324379 -0.00645772 -0.00576679 -0.00039249 -0.00403233 -0.00384315 -0.00685669 -0.00272006 -0.00111931 -0.00298443 -0.00423649 0.00466944 0.00266765 0.00594605 0.000232414 -0.000131439 -0.00681156 0.00634662 0.0137659 0.00536577 0.00266221 0.00142306 -0.00111592 0.000617749 0.000651688 0.000387719 0.00300068 -0.00182646 -0.00118649 0.00102955 0.00210212 -3.20018e-05 0.000438016 -0.00310124 -0.00508105 -0.00855579 0.00290376 -0.00354988 -0.00219846 -0.00248124 -0.0108391 0.00261338 -0.00328756 0.00173055 0.00679895 0.000436558 
0.00470388 -0.0018085 0.00542922 -0.00369918 0.00178064 0.00350574 0.000863824 -0.002939 0.00495654 0.00267793 -0.000402203 -0.00998854 -0.0136311 -0.00432169 -0.00336706 0.00506147 -4.34242e-05 -0.000776906 -0.00418681 0.00894879 -0.0119004 0.00164963 -0.000110046 0.00437808 -0.00240952 0.00496904 -0.00166485 -0.00862425 -0.00281362 0.000401929 -0.00454085 0.00666213 0.00762362 0.000905078 -0.00220044 -0.0049198 -0.00798118 -0.00757853 0.00522737 -0.00181408 -0.00300019 0.000843606 -0.000281141 -0.000453925 -0.00400296 0.00898282 -0.000485973 0.00174225 0.000235184 0.00787919 
-0.00396886 -0.00456672 0.00128734 0.00542968 -0.00461133 -0.00203011 -0.0100987 -0.00249309 -0.00672598 0.00221793 0.00585794 -0.000523318 0.00355916 0.00233558 -0.0148747 0.00121676 -0.0097618 -0.00241381 -0.00285767 0.00584434 0.000474724 0.00109934 0.00283771 -0.00172564 -0.00689065 -0.00195159 -0.00945106 0.000135254 0.00342239 -0.000728286 0.00371191 0.0049429 -0.00934917 -0.00850152 -0.00900446 -0.00476686 -0.00622694 -0.00374872 -0.0082858 -0.00261502 -0.00728307 0.00554549 -0.00114344 -0.00204042 -0.00449322 -0.00504608 -0.00539289 -0.00403576 -0.00323935 -0.00173049 
-0.000625883 -0.00767106 -0.00395676 0.00545168 0.00486041 -0.00283844 -0.00232043 0.000736475 -0.0024275 -0.008234 -0.00108513 0.00107534 0.00299626 -0.000799928 0.00470558 0.0010603 -0.00183162 0.0023314 0.00604955 -0.00355545 -0.00773455 0.00616045 -0.00164105 0.00196998 -0.00487693 0.00646763 -0.000947564 0.000806676 -0.0057925 -0.00212902 -0.00695976 -0.006619 0.00347129 0.00208468 0.00819875 0.00528247 -0.00254517 0.00189695 -0.0102185 -0.0110259 -0.00808706 -0.00577283 1.45487e-05 -0.00935474 0.00165928 0.0109048 0.00113648 -0.0106491 0.00374963 -0.00226341 
0.00112836 0.0152235 0.0064407 -0.00205735 -0.000299194 8.43728e-06 -0.00518107 0.00569376 -0.00292594 -0.00529434 0.0141843 0.00471062 -0.00329823 -0.00101245 -0.00156228 -0.00191273 0.000163091 0.00414092 -0.00316691 -0.00504193 -0.00103895 -0.00651156 0.00484476 0.00319479 -0.00324444 0.00344431 -0.00159194 -0.000772125 -0.00365345 -0.00957681 -0.000987025 -0.00137982 0.00440019 0.00443204 -0.00239505 -0.00391333 -0.00587928 0.00261062 -0.00684505 -0.000854717 0.0037327 0.0113598 -0.000150224 0.00787825 0.00432837 -0.00234406 -0.00221895 -0.00671008 0.00143938 0.0092737 
-0.00641989 -0.00309315 -0.000484303 0.00180042 -0.00321532 -0.00607343 0.000317502 0.00341655 -0.00399661 0.00581592 -0.00766132 -0.000484652 -0.0046767 0.00386867 0.00209992 -0.00515426 -0.00343059 0.0102866 -0.000826413 -0.00283953 0.00474562 0.00897021 -0.00178118 0.0031204 0.00329187 0.000865181 0.00178329 -0.00447903 -0.0072254 0.00718665 0.000762692 0.00543397 0.0110215 0.00550753 0.013975 -0.00832871 0.0015918 0.00037458 -0.00578189 -0.000860219 0.00452029 -0.00334767 -0.0014526 0.0017045 0.000308504 -0.00295287 0.0108609 -0.00409325 0.00202568 0.00632617 
0.00259012 -0.00184531 -0.0024621 -0.000279283 -0.00842908 -0.00729164 0.0055849 0.00604697 -0.00158301 0.00168512 -0.00430157 -0.00092442 -0.00257672 0.00274267 0.00276097 -0.00607237 0.00261655 0.00320347 -0.00536047 -0.00434268 -0.000767782 -0.00851149 0.00246354 -0.0125237 -0.000618125 -0.00687783 0.00696139 0.00284408 0.00209442 0.00483847 0.00132098 -0.00314343 -0.00153564 -0.00239422 -0.00220074 0.00327965 -0.00435577 -0.0057361 -0.0104369 -0.00343695 -0.00253984 -0.000605503 -0.00309219 -0.00122217 -0.0134492 0.00555005 -0.000416575 -0.00412143 0.006313 -0.00190466 
0.00469338 -0.007862 -0.00503668 0.00279358 0.00641442 -0.00296354 -0.00290967 -0.00218456 0.00438905 -0.00402119 0.00448783 -0.00409935 -0.00066715 0.00081463 -0.00164051 -0.00356973 -0.00153465 -0.00568132 -0.00657468 -0.00654713 0.00899485 0.00554604 0.00909188 -0.00150329 -0.00515585 -0.00192991 -0.00772677 -0.00307622 0.00407817 0.00114302 -0.00470541 -0.00116501 -0.00549926 0.00100623 -2.20597e-05 -0.00297608 -0.00566444 0.00637753 -0.00262437 -0.00289514 0.000837776 0.00240053 -0.00331917 -0.0094414 -0.000386453 0.00021041 -0.0072921 -0.00191777 0.000158138 0.00224177 
-0.00234877 -0.00356323 0.00645747 0.0055986 -0.00157225 -0.00308407 -0.00338708 0.00489385 -0.00032279 -0.00380201 0.00229385 -0.000519174 -0.000692807 0.00321096 -0.00568982 0.0056973 -0.00190917 0.000795403 -0.00352261 -0.00100466 0.00179952 -0.00393285 0.00118467 -0.00229312 -0.00159463 0.000899292 0.00780706 -0.000405535 0.00734474 0.00745597 -0.00274945 -0.00374584 -0.0130527 0.00866166 0.00176676 -0.00898435 -0.00569478 0.00123701 -0.00331437 0.00256452 0.00564346 0.00579523 -0.00765022 -0.00317051 -0.00154934 -0.000849441 0.00580736 0.00106748 -0.000516323 -0.004346 
0.00154477 0.00792761 -0.00576109 -0.00635124 -0.00150172 0.00566793 0.00495465 0.00447931 0.00452829 0.00282798 0.00487135 -0.00232259 0.000645411 0.00344537 -0.00179898 -0.00806019 0.0012906 -0.000962331 0.00648074 -0.000189149 0.00400795 0.00260047 0.0103786 -0.00653777 0.00806474 0.00517643 0.0025645 0.00498296 -0.00427496 -0.00260015 -0.00754015 0.000274341 0.00092494 -0.00279156 0.00833876 0.000922089 -0.00725146 0.00158258 -0.00642659 -0.000497357 0.00998304 -0.000537097 0.0067222 0.00274607 -0.00456699 0.00826268 -0.00344711 -0.00615818 0.000806307 0.000790538 
0.00196383 0.0090728 0.00712536 -0.00101412 0.00707022 0.000658801 0.0141556 -0.00184372 -0.00800708 0.00494881 0.00206636 0.00161357 -0.00375463 -0.00604585 -0.00128164 -0.000221409 0.000106679 -0.0011864 -0.00217385 -0.0110484 -0.00375051 -0.00993678 0.0154567 -0.00921388 0.00403858 -0.00181156 -0.00461265 0.00617731 0.00133009 0.00300853 -0.00219292 -0.00735804 -0.00118578 -0.000873622 0.000118478 -0.0072397 0.00200939 -0.00115366 0.00273841 -0.000353542 -0.00993762 4.52846e-05 0.00150671 -0.00604304 -0.00488793 -0.00297345 0.00519446 0.00499569 -0.00250823 -5.20337e-05 
0.000755931 0.0021584 -0.000729463 -0.00652014 -0.00115759 -0.000360381 0.00211689 -0.0030045 0.00401415 -0.00685857 0.00263125 0.004074 0.00247086 0.00435162 0.00452246 -0.00182675 -0.000598933 -0.00457715 0.00185049 -0.00383784 0.000137333 5.5194e-06 -0.00632974 0.00137009 -0.00524235 0.000961859 -0.0015654 0.0030001 -0.000999585 0.00165835 -0.00524888 -0.000812933 0.00667043 -0.00332802 0.00283974 0.00121103 0.00452413 -0.00518058 0.00141132 -0.00471636 -0.00310646 -0.0135061 0.0135279 -0.00632113 -0.0019654 0.000732883 -0.00428929 0.00385522 -0.00265562 0.00133059 
-0.00183289 -0.000713199 -0.00281135 -0.00175237 -0.000312125 0.000813084 0.000505259 -0.000904058 0.00522487 0.00685129 -0.00679877 0.00373136 0.00618404 0.00574389 0.00385841 0.00281545 0.00145992 0.00173204 -0.00765694 -0.0149263 -0.00672261 0.00322526 -0.0017661 0.00562472 -0.00363557 0.00324846 0.00229001 -0.00465189 0.00213412 0.00127651 0.00275227 -0.00174982 -0.00239613 0.00744462 0.00581033 -0.00991459 -0.00461893 -0.00449522 0.00179147 -0.00539826 0.00636363 0.00304567 0.000968997 -0.0115972 -0.012745 0.0113929 0.000613399 0.00339268 0.000323536 0.00491333 
-0.00256236 0.0031998 0.00205447 0.00159924 0.0100716 -0.00444908 -0.000475453 0.00770051 -0.0010958 0.00944173 0.0103387 0.00480573 0.00588918 -0.000506279 -0.00179395 -0.00748051 -0.000988083 0.00124631 0.00346071 -0.00106243 -0.00581552 -0.0108948 0.00594719 -0.00621575 0.00162818 0.00567194 0.00162825 0.00157334 0.0118992 -0.00177854 -0.000503586 -0.00511387 -0.000269627 -0.0131577 0.00544781 -0.00261907 0.00452212 -0.00566371 -0.00191791 -0.00169634 -0.00952862 -0.00316267 0.0102357 0.0101938 0.00372122 0.00110226 0.000496788 0.00697452 0.00122688 -0.00787424 
-0.00168477 -0.00788565 0.00831703 0.00537046 0.00261397 -0.0020576 -0.00215874 -0.00131252 0.00300877 0.00353467 0.00190838 -0.00277986 0.00311536 0.00613932 -0.00983921 -0.00780212 0.0022103 -0.0061679 0.00402122 0.00381305 0.00249728 0.00461901 -0.000562868 -0.00316964 -0.00071161 0.00347745 -0.00230719 -0.00219477 -0.00721397 -0.00585396 -0.0025654 0.00438405 0.00255699 -0.0128925 -0.0111213 0.00362486 -0.00252088 0.00644653 0.00442875 0.00511184 -0.00470487 0.00160108 -0.00113453 0.00153409 0.0068129 0.00826518 -0.000674577 -0.00578589 -0.00585035 -0.00364689 
-0.00191637 0.00211001 -0.0103505 0.00627866 -0.0061506 -0.00258855 0.00445086 -0.00448222 0.00184745 0.00417223 -0.00154123 -0.00700762 -0.0010699 0.00425764 -0.0112999 -0.0103781 0.00315174 -0.00139916 -0.00579614 0.00577154 0.000242252 -0.00711932 -0.000380923 0.00304654 -0.0061143 -0.000817544 -0.0014442 -0.00571852 -0.00460114 -0.00833608 -0.00130988 0.0061148 -0.00530715 -0.0122446 0.00372963 -0.000449234 -0.00811061 0.00343025 -0.00312701 0.00412086 -0.0033065 -0.0106489 -0.00158121 -0.000899992 0.000363584 0.00141556 -0.012827 0.00305053 0.00215753 -0.00262915 
-0.0010194 0.00258063 0.00117007 0.0057249 -0.000624626 0.0062209 0.00215001 -0.00847875 0.00401349 -0.00289361 -0.000332023 -0.0036697 -0.000600946 0.00333449 -0.00032492 0.00941306 -0.00468577 0.00619634 -0.000108512 0.0045019 -0.000298835 -0.0042687 0.00539815 0.00219442 0.00310249 -0.00374616 0.00343724 0.00180931 -0.00670203 -0.00082246 -0.00450604 -0.00335357 -8.38006e-05 0.0044222 -0.00506056 -0.00152834 -0.00730225 -0.00644911 0.00323483 -0.000824437 -0.000787026 0.00264557 -0.00571899 -0.00353258 0.00637989 0.00325759 -0.0095863 -0.000708923 0.00347945 -0.00261601 
0.00624775 0.00675351 0.00895048 -0.00430895 0.00334366 -0.00303465 -0.0100457 0.000950047 -0.00303214 0.000577025 0.000398012 0.00400988 0.00548498 0.000846926 0.00848651 0.00933645 -0.00788727 -0.00169642 -0.0079488 -0.00727557 0.00670421 0.00524279 -0.0049162 -0.00512068 -0.00366327 -0.00458685 0.00208184 -0.00360024 0.00737052 -0.00200721 0.00926269 0.00302229 -0.00119837 -0.00335937 -0.00415683 -0.00841186 -0.00801789 -0.00729663 -0.00801294 0.00159022 0.000949411 0.00597929 -0.00208909 -0.00274985 0.00188433 -0.00522424 -0.000712465 -0.00101156 0.00537599 0.00600764 
-0.00131954 0.000714864 -0.0134498 -0.000656132 0.00296057 -0.000891692 0.00576419 0.00226283 0.00479705 -0.00166271 0.000699519 0.00228575 -0.00208995 0.00176419 -0.0046718 0.00164401 -0.00246903 0.000322932 -0.00261738 -0.00689352 0.0068854 -0.0106056 0.000599969 0.0035848 -0.00654175 -0.00722169 0.0106902 -0.010181 -0.0017021 0.00528487 -0.00653273 -0.00476874 0.00255503 -0.00170731 -0.00507933 0.00100731 0.00061259 -0.00213972 0.00423345 0.00384347 -0.00492328 -0.00441933 0.00330635 -0.00628126 -0.00286365 0.00568574 -0.00587733 0.00509615 0.00500806 -0.00772255 
-0.00239266 -0.00122522 0.00323395 -0.0027451 0.00938145 -0.0170836 0.00607171 0.00279777 0.00651419 -0.00912938 -0.0106341 -0.00642867 0.0108784 0.000259215 -0.00331449 0.00162849 0.00280652 -0.00250498 -0.00402429 -0.00539471 0.0029601 -0.00433686 -0.00499505 -0.00233621 0.00372632 0.00024913 0.00463638 -0.000517765 0.00299402 0.00795191 -0.00032028 -0.0056957 0.00632424 0.0035696 0.000389933 -0.00384212 0.00963434 -0.00340039 0.00321768 -0.00642164 0.00587724 0.00553046 0.00387285 0.000780569 -0.00239707 0.00599045 0.00547184 -0.00793394 -0.00568806 -0.0010969 
0.00182278 0.000692361 -0.00134186 -0.00123574 -0.00761704 -0.00882608 -0.00137685 -0.00857975 0.00291604 -0.0120525 -0.000257094 0.00864997 0.00305936 0.00375577 -0.00327751 -0.000138063 -0.00121482 -0.0100593 0.00751517 -0.00758068 -0.00144675 -0.0047174 0.00228151 -0.00391887 -0.00564043 -0.00235586 -0.00156782 -0.00413415 -0.00296532 0.00168029 -0.00248405 0.00779913 0.00356868 -0.00750158 -0.00356928 0.00522827 -0.00821243 -0.00566389 0.00198539 -0.00226661 0.000908124 0.000752376 -0.0038786 0.0130083 -0.00281473 0.00154091 -0.00134752 -0.000620387 0.00201241 0.00219338 
-0.0010115 0.000931095 -0.00407223 0.00797083 -0.004876 0.00391346 0.00570975 -0.00584343 0.00409521 0.00244707 0.00369309 -0.00612385 0.000789915 -0.00578101 0.000642406 0.00643113 0.00177679 -0.00821806 0.00225463 0.00294089 0.00247167 0.00801868 -0.00229739 0.000215954 -0.00539493 -0.00483984 -0.0044905 -0.00433965 -0.00579753 0.00439581 -0.0111076 -0.00296762 0.00375669 -0.00187777 -0.000162503 0.00105208 0.00442776 -0.00450822 0.000857874 -0.00562804 -0.00315661 -0.00295362 -0.00394912 -0.000409023 0.00846249 -0.00289415 -0.00215279 -0.00815447 0.00367177 0.00493878 
0.00617119 -0.00349614 -0.00694598 0.00620424 -0.0046392 0.00272466 0.00702269 -0.005948 0.00583641 0.000943551 0.00638543 -0.00236769 0.00411258 0.00183982 0.00208909 -0.00950914 -0.000930451 -0.00571081 -0.00150085 -0.00148131 -0.0047383 -0.00372682 -0.0011118 0.00483715 0.00282161 -0.00258924 0.000165533 -0.00626022 -0.00163406 0.0061126 0.00765821 -0.0043716 -0.001053 -0.013877 0.0138154 0.00810615 -0.00766022 0.00432963 -0.00450103 0.00234332 0.000570921 -0.00578586 0.00385619 0.000686265 -0.00179216 -0.00680533 -0.00289398 0.00634958 0.00521455 -0.000169054 
-0.00191558 -0.0102094 -0.00183364 0.00235536 -0.00188372 -0.00525849 -0.000863618 -0.0019381 -0.00456344 0.00415107 -0.0014553 0.00339424 0.000453144 -0.000604451 0.00241011 0.0015308 0.000170811 0.00235742 -0.00042412 -0.00136248 0.00357606 -0.00376362 -0.00126371 -0.00281991 0.00192523 0.00174835 -0.00595964 0.00181183 0.00182247 0.00200395 -0.000260258 -0.0016934 0.00557182 -0.00677535 -0.00161913 -0.00221484 -0.00186735 -0.0052778 -0.00732167 0.00267257 0.00941304 0.000711482 -0.00109479 0.00119783 -0.000660254 0.00236178 -0.00102656 0.0106191 -0.00529781 0.00377771 
0.00533606 -0.00263198 0.00172973 0.00483605 0.00825459 -0.00377159 -0.0025642 -0.0012553 0.000969632 0.00636141 -0.000573177 -0.00358798 -0.00120929 -0.0122969 -0.000936509 -0.00521759 -0.00813906 -0.00445654 0.00129897 0.00132511 -0.00196149 0.00327749 0.0130755 -0.00252027 -0.000856693 0.00640923 -0.00249097 -0.00807354 -0.00151091 0.00172082 -0.00334699 -0.00338273 -0.00465716 0.00974844 -0.00389959 -0.00162927 0.000909232 0.00517509 0.00792608 -0.00377717 -0.00103106 0.0088453 -0.00677476 0.00628454 0.0122843 0.00509822 -0.000506251 0.00200126 0.00261981 -0.00286148 
0.000879894 -0.00222706 -0.00399289 0.00333048 -0.00212969 0.00406888 -0.00232963 0.00155652 -0.00280262 0.00656619 0.00369824 -0.00656026 -0.00343473 -0.000492004 0.00210761 0.00113522 -0.00356541 -0.00258419 0.00442255 -0.00186301 0.00390711 -0.000801022 -0.00413881 0.000875532 8.00501e-05 0.000313889 0.00728273 0.00080437 -0.000170953 -0.00319215 -0.00159225 -0.00930177 0.00523105 -0.00147891 -0.0020119 0.00292319 7.88356e-05 -0.00323071 -0.00122829 0.00150227 -0.00881571 -0.00830801 -0.0011739 -0.00089985 0.00500517 -0.00624681 0.000337944 0.0164952 0.00422788 0.00611293 
-0.00196808 0.0007892 0.00486261 -0.00274565 -0.00154599 0.000667686 -0.00691703 0.00508491 0.00902197 0.00166585 -0.0024478 0.00686344 0.00506229 -0.000239025 -3.78471e-05 0.00142856 -0.00709522 -0.00440138 -0.00266011 -0.00922778 -0.00586217 0.00565972 0.00160733 -0.00264321 -0.00258029 -0.00320297 -0.000369473 -0.0038854 0.00650192 0.007477 0.000355857 0.000922883 -0.00422438 -0.00807852 0.00501028 0.00168712 0.00403394 0.00052883 0.00317302 0.00758969 -0.00181907 -0.00155793 -0.0016923 -0.0125118 -0.000735927 0.00108053 0.00261339 0.00119641 0.00547738 0.00594766 
-0.000931258 -0.00150995 -0.0105169 -0.00298399 0.000389206 -0.00172391 -0.00880378 -0.00135468 0.00464579 0.00354588 -0.00272437 0.00462816 -0.00148348 0.00160343 0.00385919 0.0035592 0.000642489 0.000270976 0.00909178 -0.00903072 -0.00387714 0.00642101 0.00466525 -0.00518909 -0.000871972 -0.00093104 -0.00114406 0.000555037 -0.00609514 0.00336034 -0.0126758 -0.00941184 -0.00452872 -0.00017285 -0.00385562 0.00511312 0.00317333 0.00110145 -0.000224063 -0.00475221 0.00020529 0.000724326 0.000830309 0.00403397 -0.00299845 -0.00765982 -0.00171913 -0.00777783 0.00285507 -0.000350074 
0.00240997 -0.00435038 -0.00123964 0.0017941 0.00406296 0.00353816 0.00408933 0.00623186 -0.00164361 0.00303109 0.000102336 0.00646657 0.000696934 0.00060008 -0.003354 0.00364605 0.00148066 -0.00431753 -0.00376124 0.00922316 0.00308892 0.00588357 0.00244528 0.00293869 -0.000254694 0.00657612 -0.00123822 -0.00470759 -0.00342574 0.0022967 -0.0046276 -0.00257614 0.00243746 0.0049604 -0.0052655 0.00222782 0.0023712 0.00642999 0.00257816 0.000971186 0.00261992 -0.00585863 0.0027473 0.00959128 0.00442379 -0.00614309 -0.00327789 0.00046638 0.00814921 -0.00332333 
-0.00181796 -0.002198 0.0085397 -0.000209198 0.00602606 -0.00209262 0.00886863 0.00345249 0.00106135 -0.0021578 -0.00370189 -0.00616374 0.00144647 -0.00307236 0.00586005 0.00126639 -0.00734145 -0.00231569 0.00317281 0.00139247 0.00496599 0.00143537 0.00486925 0.00154889 -0.00339346 0.00198831 -0.000327341 0.00426801 -0.00185293 3.78492e-05 -0.0054357 -7.14535e-05 0.00473187 0.00429939 -0.00203702 0.00448952 0.00773598 -0.00887499 0.000224921 -0.000157915 -0.00419934 -0.00510113 0.00175083 -0.00681265 -0.00404004 0.00290671 0.00480762 -0.00800003 -0.00383056 -0.00604711 
-0.00513998 0.00496942 -0.00864278 -0.000672829 0.00355395 -0.00896454 -0.00688198 -3.67999e-05 0.00175518 -0.00288465 0.00551979 -0.00219856 0.00205978 0.0142977 0.00233651 0.00331983 0.00677215 -0.00497479 -0.000313406 -0.00057352 0.00314638 -0.00233174 0.00276901 -0.000166313 0.00916527 0.00635123 0.00253772 -0.00323904 0.00374401 0.00156318 -0.000569686 0.00338252 -0.00911328 0.0106745 -0.00300368 0.00211142 -0.00680811 0.00354502 0.00278282 0.00525453 0.000957675 0.00042654 -0.0121499 0.00291099 0.00784689 0.0140592 0.00423859 -0.00162418 -0.00301354 0.00813851 
-0.00759063 -0.00747337 -0.000839135 0.00129596 0.00330316 -0.00485025 -9.65809e-05 0.00776529 0.00498 0.00145159 -0.00266024 -0.00256263 0.0053137 -0.00563575 0.00340223 -0.00261247 0.00596462 0.00566738 0.000121963 -0.0127841 -0.00136153 -0.00256222 -0.000316849 -0.00292761 -0.00326283 0.000752133 -0.00258429 0.00651509 -0.00014262 0.00526986 -0.00353515 -0.00440655 -0.00213295 0.00550775 -0.00615551 -0.00598997 0.00217095 -0.00854141 0.00335556 -0.00286146 0.00918435 -0.0066534 0.00111289 -0.0130825 0.00340236 0.00111437 -0.000268028 0.00742021 0.00384286 -0.00258722 
-0.00844279 0.00217865 0.00509437 0.000821269 0.00203745 0.0119528 -0.00754011 0.003949 -0.00106654 0.00112818 -0.00263281 0.00253361 0.00831125 0.00168724 0.00510336 0.000969257 0.00539616 -0.000874183 0.0031834 -0.00477948 8.10276e-05 -0.00723853 0.0067962 0.00107464 -0.00013781 -0.00333201 0.00103105 -0.0058252 -0.00555923 -0.00375934 0.00283728 -0.00247167 0.00536237 -0.0113075 0.00483506 -0.00222687 0.00353123 -0.000589632 0.000763571 -0.0104476 -0.00028633 0.000608922 -0.00114282 -0.00283429 -0.00269026 -0.00613889 0.00451915 0.0054971 0.00459222 -0.001669 
0.00537674 0.00170182 0.000528859 -0.00137795 0.00296191 0.00276566 -0.00343068 -0.00222548 0.00222184 0.00117339 -0.0022516 0.00610808 0.000966302 0.00336069 0.00193413 0.000177491 -0.00115157 0.00878991 -0.0123326 -0.00639609 -0.00188892 -0.000202245 0.00394221 -0.000583216 -0.00638699 0.00102508 0.00115782 0.00757669 0.00245099 -0.00670709 -0.00527403 0.00417104 -0.000244906 0.0119768 -0.00710552 0.00213891 0.00373001 -0.00518695 -0.00313404 -0.00565044 -0.00878165 -0.00150425 0.00151738 0.00287644 -0.000648954 0.0038612 0.000180814 -0.00219812 -0.00175837 -0.00560651 
0.0153081 -0.000933316 -0.00308003 0.00312326 -0.000670918 -0.00471669 -0.0011391 -0.00462164 0.000874356 -0.00195936 -0.00658659 -0.00253992 0.00507646 0.000852695 -0.00332835 0.00393428 -0.00169365 0.002555 -0.00994039 -0.00281991 -0.00189793 -0.0051244 -0.00392347 0.00150296 0.00151279 0.00962087 0.00419032 0.00607278 -0.000951608 -0.00299496 -0.00329403 0.0108412 -0.00409194 0.00137477 -0.000706102 -0.00655878 0.00482752 -0.00311952 0.00450923 -0.00667835 -0.00114232 -0.00637448 -0.00249786 0.00116081 0.0049929 0.00471028 0.00849676 0.0139921 -0.00191511 0.00624382 
-0.0114567 -0.000331226 0.00972705 0.00277696 -0.00231497 -0.00522554 0.00406783 0.000333887 0.000471044 0.0105824 0.00227703 0.00104363 -0.00553035 -0.00138705 -0.00791571 -0.00842961 -0.000882808 -0.00128217 0.00154551 0.0054082 0.00387496 -0.0103901 0.00138904 -0.00422785 0.00619264 0.00309411 0.00418648 0.00353104 0.00478639 -0.00537719 0.00096781 -0.0104875 -0.0020319 -0.000695597 -0.00738558 -0.00107893 0.00207645 0.0017867 0.00200726 0.00133449 0.000124188 -0.000324618 0.00203121 -0.00393697 0.00375617 -0.00402518 -0.00107489 -0.00072909 -0.000678354 -0.000779398 
0.00720234 -0.0121072 0.000791028 -0.00498475 0.00343083 0.0030025 0.00238184 -0.000279462 0.00816483 0.0015289 -0.00103761 -0.00439863 0.000619081 -0.00206573 0.0160012 0.00229819 0.000310149 0.00430135 0.00672595 -0.00536539 -0.00976883 -0.0016394 -0.00368338 0.00285719 0.0042073 0.000407218 -0.00753253 -0.00345156 0.00257892 0.000181322 0.00725944 -0.00284592 0.00368069 0.00611132 0.00125346 -0.00395514 0.00425519 -0.00731431 -0.00503278 -0.000723673 -0.00265863 0.001845 0.00888891 0.0035301 0.00304741 -0.00929932 -0.00197453 -0.00672969 -0.00122332 -0.00710968 
0.000734988 0.0149342 0.00181146 0.00309431 -0.00262711 -0.000203546 0.00670186 -0.00414263 0.00130946 -0.00530877 -0.0018667 -0.00707753 -0.00328935 0.00242319 -0.0016422 0.0152531 0.00296557 0.0023764 -0.00434115 -0.00162993 -0.00240835 0.00423462 0.00325996 0.00139283 -0.00788746 0.00461356 -0.00321965 -0.000174314 -0.00376666 -0.004679 -0.00495478 -0.00567982 -0.00375454 -0.00232679 -0.00357995 -0.000621838 -0.00232248 0.0106095 0.00901105 0.0078996 0.00363354 -0.00218533 -0.00116891 -0.0016294 -0.000733923 0.00282207 -2.4556e-05 0.00199361 0.00775614 -0.00110922 
-0.00112547 -0.0065961 0.00608993 -0.00150902 0.00129182 0.00193828 0.00138455 -0.00622326 0.00351664 -0.00432952 -0.000646146 0.00967124 -0.00619339 0.000602522 -0.0025376 -0.00395869 0.00301731 -0.00512294 -0.00297466 0.00436803 -0.000975062 -0.000389841 7.32067e-05 0.00848653 0.00152401 0.00306618 0.00313796 -0.00331873 -0.00128477 0.000939383 -0.00589438 -0.00728128 0.00677559 -0.000520389 -0.00265174 0.00407071 0.00419779 -0.000669331 0.00146565 -0.000634111 -0.00264937 0.00437528 0.00338542 0.00486679 -0.00237048 -0.000307584 -0.00231226 0.00454089 -0.0050002 -0.0013568 
-0.00810253 0.00433461 0.00169231 0.00395321 4.9805e-05 0.00309614 -0.00156076 -0.00703039 0.00185116 -0.00123863 0.00163276 0.000520435 -0.00164077 -0.00302302 0.00717099 -0.00414861 0.00138037 -0.00709373 0.000669304 -0.00323401 0.00235637 0.0032947 0.00942995 0.000375155 0.00602231 -0.00489655 0.00547967 -0.00137714 -0.00647802 0.0110098 -0.0109174 -0.00839477 0.00693207 0.00642001 0.00482782 0.00237409 0.00759441 -0.0024834 -0.00204095 0.0016921 0.00124263 -8.28762e-05 -0.00227456 -0.000748622 -0.00255373 0.00813341 -0.010282 -0.00894507 -0.00158127 0.00179045 
0.00404302 0.00927477 0.00480848 0.0156731 -0.00208967 0.00602255 -0.00249859 0.00517374 -0.0029931 0.00162647 0.00159955 0.0116624 -0.00492862 0.00258755 -0.00313433 0.00428884 0.00165581 0.00526122 -0.00320157 -0.00671959 -0.00630466 -0.010014 -0.00513607 -0.00267389 0.000899968 0.00330887 0.00177266 -0.00127315 -0.000260053 -0.00780511 -0.00394281 0.00327127 -0.0004533 -0.00108837 0.00819046 0.00232114 -0.00337247 -0.00881786 0.0147393 -0.00320596 0.0019933 -0.0097401 -0.00753318 0.00135844 0.00321441 -0.00685566 0.00480759 -0.00561868 -0.00268495 0.00538955 
0.00187017 -0.00656659 0.00613982 -0.00339182 -0.00869184 0.00105523 -0.00390002 -0.00389177 -0.00259521 0.00100989 -0.000697316 0.00725879 -0.00054033 -0.0113462 0.00591647 0.00100678 -0.000545527 -0.00186961 0.00329931 -0.00431588 0.00182925 0.0062535 0.0015182 -0.00417255 -0.00456001 0.006526 -7.37177e-05 -0.00473689 0.00240486 0.00558931 -0.00207616 0.00938258 0.00385713 -0.0114466 0.00350488 0.00122386 -0.000279282 0.00185678 0.00178054 -0.00468372 0.00461886 0.00588826 -0.00457992 0.00489647 0.00289198 0.00476446 0.00882458 0.00775625 0.000929754 -0.00415544 
-0.000405645 -5.27283e-06 -0.00566308 -0.00318057 -0.0017055 0.0015501 -0.00501685 -0.0077819 -0.00696809 -0.000984297 -0.00365596 -0.00310584 -0.00105161 -0.00589017 0.00354705 0.00698272 -0.000906535 -0.00091555 0.00766741 0.00313872 -0.00607823 -0.0071236 0.00572227 0.00338091 0.0124278 0.000833448 -0.00487716 -0.00798777 0.00560181 0.00115186 -0.00741741 0.0011445 0.00568659 -0.00367567 0.00207748 -0.00533911 -0.00201351 -0.0104914 -0.00126556 0.000809242 0.00977066 0.000140264 -0.00615759 0.00281289 -0.00123706 -0.000221392 -0.0049246 -0.0013573 -0.00752606 -0.011328 
0.00235455 -0.00370559 0.000476872 -0.00021685 0.00384141 0.00777868 0.00416315 -0.00193628 -0.00157759 0.000786285 0.000158479 -0.004622 0.00431314 0.00181918 0.00487529 -0.00734097 -0.00406076 -0.00108808 -0.00420468 -0.00253531 -0.00785384 -0.00319074 0.00673979 0.00465161 0.00566199 0.00688732 -0.00634647 -0.0109535 -0.00327677 0.00138293 0.00154102 -0.00799003 0.00447222 -0.00389753 0.00664345 0.00879829 0.00351649 0.00755107 0.000245906 -0.00252735 -0.00409259 0.00202493 -0.00626645 -0.00307958 0.000242169 0.0102552 -0.00201391 0.00746248 0.00145245 -0.00042191 
0.00279499 0.0114446 0.00966032 0.000137443 -0.00531447 -0.00700769 -0.00145371 0.00390697 0.00227598 0.00573226 -0.00100531 -0.00726009 -0.00708592 -0.00347162 -0.00981578 -0.00122428 -0.00878443 0.00626176 -0.0043336 0.00106366 0.002478 -9.71631e-05 -0.000903075 0.00503351 -0.000443629 -0.00281472 0.00131956 -0.00914197 -0.00189031 0.00329842 0.00491643 0.0028131 -0.00470447 0.00618275 -0.000258856 0.00164035 0.000385448 0.00461684 0.00633419 0.00316245 0.00479662 -0.00299502 0.00305529 -0.00439356 0.00610959 0.00364528 -0.00615192 -0.00308233 0.00691067 0.00727974 
0.00888902 0.00602276 -0.000902585 -0.0146141 -0.00104242 0.00164073 0.00733728 -0.000681262 0.00853285 -0.0051026 -0.0028498 -0.00014151 -0.00947376 -0.00274367 0.0064905 0.00331413 0.000173153 -0.00372686 -0.00216776 0.00173841 0.000609885 -0.00240085 6.1445e-06 -0.0101543 -0.00311183 0.000567582 -0.00343488 0.00355858 -0.00554395 0.00154073 -0.00101637 0.00026307 0.00569215 0.000291407 -0.00204983 -0.000424515 -0.00613951 0.00364913 -0.00325658 -0.00378652 -0.00286207 0.00270032 0.0115957 0.000911003 -0.00260129 0.0026044 0.00158314 -0.00219709 0.00362313 0.00324261 
0.00300808 -0.00236079 0.00631508 0.00320486 -0.00506242 0.00141196 -0.00152093 -0.0144777 -0.000368187 0.00382637 -0.00925676 -0.00081175 0.00149539 -0.00443257 -0.0026826 -0.00335443 0.00392192 -0.00276116 -0.001265 -0.00456579 0.00537927 -0.000563714 0.0014243 0.00606576 -0.0131021 0.00526817 0.00456291 0.000640951 0.00568225 -0.00551749 -0.00127083 -0.00453766 0.00315398 -0.0020066 0.00165584 0.00725156 0.000813213 -0.00162028 0.0112268 0.00402991 0.00377168 0.00592845 -0.00651569 0.00470079 -0.000316175 -0.00431312 0.00599466 0.00297503 0.00459655 0.00158903 
-0.0080025 -0.00106494 -0.00236875 -2.59215e-05 0.00380945 0.00266895 0.00831877 0.000202577 -0.00344491 -0.00337385 0.0034964 -0.00105674 0.00772268 0.00656351 0.000824144 0.000494767 0.000934936 0.00341046 0.00425727 0.00361551 0.000504346 -0.00386216 0.00145775 -0.00580753 0.00691201 0.00480756 -0.00147748 -0.00471289 -0.00286319 0.00230414 0.000702605 -0.00907811 -0.00331107 -0.00204049 0.00127783 0.00680263 0.00129342 0.00126026 -0.00527292 0.000461557 -0.0100743 -8.87793e-05 -0.000399701 -0.00545102 0.00977816 -0.00215131 0.00329773 -0.00221959 -0.00346949 -0.00637595 
-0.00611589 -0.00780979 0.00586558 -0.00713791 -0.00839638 -0.00381411 0.00883427 0.00623808 -0.00582106 -0.0024359 -0.00250431 0.00099868 -0.00336775 0.00594784 -0.000628622 -0.00106872 0.000863075 0.0134771 0.00631217 -0.00885353 -0.00178851 -0.000931935 0.00359158 -0.00759037 0.000738837 -0.00605822 -0.00169683 -0.00124665 0.00746628 0.00617672 0.00388765 -0.00634307 0.00759235 0.00264146 0.00723672 -0.00350794 -0.00336433 0.00204457 -0.00226738 -0.00162811 -0.00175948 -0.00359631 -0.00739001 -0.00164614 -0.000155902 0.00545168 0.00164563 -0.000497572 0.00741044 -0.0119259 
0.0101057 0.00856463 0.00604974 -0.00381142 0.0096275 -0.00382576 0.00154359 -0.00134753 0.00203439 0.000341833 0.00534824 -0.00774769 -0.000443343 9.95075e-05 -0.00668343 0.00352997 0.00785584 0.000629867 -0.00194096 -6.45081e-05 0.0012365 0.00363968 0.00476228 0.00105356 0.000434139 -0.00095994 -0.00311358 0.00301303 0.0130688 -0.0024293 0.00227627 0.00176324 0.00488552 -0.0098205 -0.00345753 0.00388466 0.00112608 0.00833534 -0.00423182 0.00416674 0.00835601 0.00421358 0.00509937 0.00789983 0.00208514 -0.00174239 -0.00446153 0.00119996 0.00163078 0.00919653 
0.000616632 0.00306871 0.00291378 0.0088488 -0.0106703 -0.00124112 0.00190525 -0.00695906 -0.00535385 0.00142242 -0.0058727 0.0051462 -0.00532277 0.0129286 -2.92569e-05 -0.00310438 0.00684268 -0.00257357 0.00451017 -0.00508036 0.00306166 0.00174907 0.00381786 0.00639218 0.00312261 -0.00127336 0.0042331 0.000857128 0.00351386 -0.00853499 0.0015141 0.00530803 -0.000845413 -0.00117027 -0.00322558 0.0082277 -0.00915217 0.000274238 0.00379644 0.00132636 1.26512e-05 0.000933619 -0.000547566 -0.00209733 -0.000397176 0.00264237 0.00732646 -0.0042068 -0.00347989 -0.00351134 
0.00995547 0.011676 -0.00281693 -0.0016869 0.00724438 -0.000460211 -0.00180636 -0.0103583 0.00494778 -0.00471338 0.00528666 -0.00625994 -0.00120279 -0.00302175 0.00153243 -0.00177931 -0.00203158 0.00475103 0.000100183 0.00500107 -0.007905 -0.000635216 -0.00364383 0.00506795 0.0085787 0.00111259 -0.00159919 0.00361745 -0.000167497 0.00524997 0.0147462 -0.0034353 0.000810397 -0.000170514 0.00120671 -0.0027987 -0.00325416 0.00414875 -0.00311387 -0.00101759 -0.00622061 -0.00107239 0.0087691 -0.0053671 0.00401527 0.00674035 -0.00160116 -0.00849903 -0.00334188 0.00761989 
-0.00702458 2.9423e-07 -0.000617365 -0.00676472 0.00195257 -0.00308208 0.00271826 0.00372132 -0.0154435 -0.00361143 0.00554696 -0.00460571 -0.00344168 0.00243583 -0.000859808 -0.00507344 0.0105715 -0.00940451 0.00134372 0.00637104 0.00397945 -0.00266637 -0.00180381 0.00390605 -0.00743559 0.0106623 -0.00139807 0.0110383 0.000715917 -0.00297133 0.00645394 -0.00936126 0.00132796 0.00174892 0.00677894 -0.00323968 0.00247635 0.00997483 -5.42936e-05 -0.00607241 0.00363672 -0.00662628 0.00838829 0.00205782 0.00255304 -0.00959578 -0.00429681 -0.00311552 0.00540333 -0.00958258 
0.00360818 0.0107923 -0.00144187 -0.000473269 0.00656432 0.00353132 0.00128434 0.00539618 0.00565719 -0.00500598 0.0034222 -0.00106574 0.000607407 0.00819848 0.000873941 -0.00275334 0.00130963 -0.0100752 0.00436783 0.00323966 -0.00382386 0.00304162 -0.00394922 -0.00084764 -0.00395324 -0.00698243 -0.00720976 -0.00222362 0.00269282 0.00119072 0.00291754 -0.0090145 -0.00101969 -0.0025523 -0.00838561 0.00109764 0.00185925 0.00954993 0.00175157 0.00136829 0.00221295 0.00235023 0.00310131 -5.3352e-05 -0.00118185 -0.0050313 0.00164924 0.00636545 -0.00690706 0.0039435 
-0.00618699 0.0014575 -0.00928603 0.00184905 -0.00716427 -0.00738116 -0.013197 -0.00194337 0.00429161 -0.00213662 0.00212401 -0.00557107 -0.00543026 -0.00558511 -0.00413827 0.00391136 0.00627899 0.00299774 0.0098151 -0.00801879 -0.00704368 0.00512691 0.00173912 0.00174631 -0.00738488 -0.00320011 -0.00161526 -0.00658208 0.000551484 -0.00870411 0.00501102 -0.0112682 -0.00737777 0.00350482 0.00141294 -0.0132726 -0.00600444 0.00174007 -0.00192227 -0.00675868 0.0061476 -0.000652369 0.00556094 0.00784558 0.00578089 -0.00610108 -0.00897658 0.00148602 -0.00319385 0.000111385 
-0.00483272 -0.0030704 -0.00566332 0.00645777 -0.00183096 0.00087568 -0.000841074 -0.00421218 0.00390405 0.0033027 0.00378434 -0.00337983 0.00252606 -0.00525565 0.000553352 0.00152244 -0.00446763 0.000278372 -0.00669916 -0.00792489 0.00236053 0.00612801 0.00461647 0.000115104 0.00664793 0.00131453 -0.00101295 -0.00327771 0.00398661 -0.0083216 -0.00599764 -0.00189931 -0.00389424 -0.000784959 -0.00774475 0.00224113 0.000489416 0.00650756 -0.000460539 -0.00264061 -0.00218753 -0.00411301 -0.00311083 -0.00623578 -0.00353129 0.000462877 -0.00385052 -0.0085173 0.000339836 9.61362e-05 
-0.00712636 0.00444183 0.00562957 0.00531836 0.00458216 -0.00294023 -0.00474727 0.0034305 -0.00134845 0.00195268 0.00141605 -0.0010652 -0.00612615 0.00553824 -0.00375871 -0.000111331 -0.00150472 0.00164214 -0.000443881 -0.010236 0.0100319 -0.000677158 0.000527258 0.0058566 0.000901569 0.000499937 0.00586627 0.000284516 0.00593253 0.0147351 0.001623 -0.00173314 -0.000201197 -0.000189172 -0.00165316 -0.000625326 0.001679 -0.00285487 -0.00343557 0.00214756 -0.00113938 -0.00439506 -0.00220946 -0.00792534 0.0088167 0.0025649 -0.00406489 -0.0124683 0.00459969 -0.00366736 
0.00100587 -0.00362954 0.00327435 -0.00666671 -0.000909593 0.00464314 0.0138675 -0.00395338 0.0014525 0.00233372 -0.00594975 0.00405965 -0.00701517 -0.00373974 -0.00425896 -0.0149221 0.00114858 0.00632099 0.00115858 -0.000173436 -0.00120084 0.00233251 0.00219243 -0.00363868 0.00188712 0.00886691 -0.00309536 -0.00336273 -0.0034844 0.00170814 -0.000784168 -0.0090338 -0.000310993 0.0126193 -0.00110764 -0.00711982 0.00292105 0.00478466 -0.00169807 -0.000365001 0.00354252 -0.00541298 0.00389247 0.00145791 -0.00535446 -0.00092761 0.00209891 0.0069663 0.00847622 -0.0021249 
-3.12639e-05 -0.00697008 0.00723494 -0.00110739 0.00401744 0.00531525 -0.00647338 0.00227665 -0.00120588 0.00377441 -0.00440147 -0.00302936 0.00286786 -0.00420937 -0.00208549 0.00516793 0.00709934 -0.00114233 -0.00252353 0.00690698 -0.0032615 -0.000189739 -0.0017749 -0.000387702 0.000837326 -0.0021956 0.0121186 0.00225246 -0.00217343 0.0039082 -0.0036833 0.00946524 -0.00124394 -0.000920052 0.00422737 -0.00260226 0.00388271 0.00363694 0.00625358 -0.00314184 0.0053975 0.00552367 -0.00215485 -0.00464446 0.00238995 -0.00454659 -0.000480884 0.0110349 0.00660508 0.00113653 
0.0029803 -0.00677991 -0.00154451 0.00368379 -2.61868e-06 -0.00211152 -0.00202231 -0.00371529 0.000461786 -0.00198187 -0.00441023 0.0061971 0.00287303 -0.00827462 -0.00171532 -0.000148654 0.00236255 0.00459175 0.00121459 -0.000707889 0.000210267 0.00385841 0.000732947 -0.00637034 -3.28928e-05 0.00238739 0.00265711 -0.00544082 -0.002645 0.00175727 -0.00984772 -0.00319758 0.000300947 -0.00076471 0.00385211 0.00489703 0.0109277 -0.00534856 -0.00400697 -0.00283911 0.00424463 -0.00377383 0.00502779 0.00556054 -0.00421058 -0.00209331 -0.000831554 0.00782631 0.00384382 -0.00369658 
0.00476619 0.00293471 -0.000470883 0.00525021 -0.00369369 0.000985291 -0.00208649 0.00410015 0.000524379 -0.00385162 0.00395329 -0.00359005 -0.00580981 -0.00185545 -0.000431345 0.000656932 -0.000236772 -0.00279907 0.00893877 -0.00684577 -0.004976 -0.00292751 -0.00123029 -0.00416917 -0.00354357 0.00457337 0.00546427 0.00187764 0.00511734 -0.00207952 -0.0078471 0.0127552 -0.00207718 0.00598688 0.00351387 -0.00861845 -0.0121923 0.00926687 -0.00778666 4.08127e-05 -0.00648122 0.000995709 0.00362556 0.00630963 0.00221357 -0.00832074 -0.00392935 -0.000936914 0.00516027 0.00207368 
0.00154012 0.00135841 -0.00406446 0.00254825 -0.00573739 -0.00356249 -0.00398639 -0.00208604 0.00639809 0.00239938 0.0100353 -0.00678859 -0.00322295 -0.00445752 0.00464063 0.000676748 0.00192659 -0.00537378 -0.00161553 0.00416763 0.000436013 0.00382807 -0.00283546 0.00519232 -0.00324735 0.00610597 0.00411626 -0.00420508 0.00537991 -0.00546445 -0.000906037 0.00787569 0.00434415 0.00568709 -0.00310505 0.00708782 0.000840741 0.00113644 0.00080218 0.00341561 -0.000245925 -0.00118023 -0.00131577 -0.00711286 -0.00245465 0.00225708 0.00368225 0.00778688 -0.00477723 0.00354511 
0.00272114 -0.00784849 -0.000348158 -0.000999414 0.0022793 0.00253346 0.00809426 -0.00404283 -0.0101086 0.00501709 -0.0017066 0.00155783 -0.0065154 -0.00181735 -0.00459734 -0.00641557 0.0095699 -0.00652674 0.00127601 0.00374868 0.00382896 0.00499447 -0.00152668 0.00930972 0.00413046 0.000675172 0.00756563 -0.00891524 -0.00304095 -0.00339551 0.00479529 -0.00267256 0.00382823 0.00252519 0.00347033 -0.00343425 -0.0075231 -0.0035592 -0.00103116 -0.0106655 0.00136781 -0.00610144 -0.00986144 0.00350936 0.00774414 0.00936712 0.00551981 -0.00633669 -0.0025138 0.00256606 
0.00559031 -0.000358188 -0.0051888 0.00938049 -0.00295985 -0.00287475 0.0097108 0.00611446 0.00273542 0.000927986 0.00145619 0.00167019 -0.000287545 0.00158046 -0.00750995 0.00267177 0.00146312 -0.00453606 0.00672849 -0.00172645 0.00336797 -0.000944728 0.00225295 -0.00466558 -0.0053211 0.00164028 -0.00862473 -0.00690793 -0.0045911 0.0117889 0.000530399 -0.00618608 -0.0045373 -0.00167969 0.00221027 0.00678177 -0.00120373 -0.00116802 -0.00365966 0.0047224 0.000786689 -0.00436799 -0.00370513 -0.00354653 0.00164553 -0.000595904 -0.0061136 -0.00849562 1.51558e-05 -0.000911942 
-0.00419866 0.00373371 -0.00366125 -0.000931735 0.00127171 -0.00684719 -0.00649433 -0.00145589 0.00450267 0.00214549 -0.00210395 -0.00270176 -0.00101786 -0.00321273 -0.00408719 0.00187136 0.0106013 -0.00752092 -0.00197786 0.0013535 -0.000260543 0.000437566 -0.00114935 0.00237857 0.00159179 -0.00147917 -0.00138978 -0.00115606 0.00714928 -0.00670011 0.00380215 0.00175379 0.0044694 -0.00627294 -0.00258996 0.00108487 -0.00499805 0.00521431 -0.00480549 -0.00568017 -0.00301204 0.00627081 0.0030911 0.00270859 0.00331898 -0.00265507 0.00434588 -0.00101019 0.00522203 0.00431604 
-0.00021514 0.00241256 0.00344119 0.00678943 -0.00315219 -0.00484436 0.00230714 0.00427004 -2.93355e-05 0.00648241 0.00141329 0.000943988 -0.00118398 0.00504785 -0.00065715 0.00375529 0.00126638 0.00246883 -0.00292683 -0.00529824 -0.00594279 -0.00286166 -0.0129825 0.00332706 -0.00673438 -0.00346492 -0.000636103 0.0141075 0.00553061 -0.00103594 0.00563055 -0.00449529 0.00559055 0.00175148 -0.0046401 -0.000410328 -0.00355252 -0.00465939 -0.000992906 -0.00163046 -0.00797481 0.00360392 -0.000716583 -0.00523198 0.00488276 0.00739919 -0.00777331 -0.00812429 0.00189884 -0.00539809 
0.00093166 -0.00274324 0.000450436 0.00171929 0.00897044 -0.00212781 0.000738182 -0.00224958 0.00567013 -0.00738001 0.00613614 0.00417996 -0.00137167 0.00193581 0.00261831 0.00468969 0.00539933 0.000757872 0.00710538 -0.000545579 -0.000728735 0.007355 0.00516752 -0.000470763 0.00197064 0.00388974 0.00239531 0.00224539 -0.000555492 -0.00500802 -0.00240688 0.00313761 0.0073732 0.00507565 0.00925772 -0.00119604 -0.0030945 -0.00129429 0.00349483 0.00389448 0.0126876 0.0101046 -0.00229964 -0.00376667 -0.00174893 -0.00209207 -0.00571878 0.00491313 -0.00410628 -0.00286267 
0.00109789 0.00636269 0.00243125 0.00128276 -0.000560954 -0.00192908 -0.00411468 0.00109753 -0.00951784 0.0062724 0.00320192 0.00582212 -0.00429285 0.016037 -0.00511841 -0.00140435 0.000356172 0.00220603 0.00899652 -0.00104034 0.000137298 -0.00792702 -0.00267012 -0.000290456 -0.00124536 0.0040962 -0.002325 0.00154049 0.00289821 -0.00359644 -0.00132496 -0.0140293 0.00223545 0.00415601 0.00746896 0.00751602 0.00443876 -0.00338935 0.00179219 0.0018622 -0.0069894 0.00132473 0.000197358 0.00331611 -0.00392575 0.00232399 -0.00181359 0.00392804 -0.0028479 -0.00294761 
