1059.24
1058.68
978.788
1050.31
1037.32
1036.65
1050.56
1059.18
1059.02
1058.74
1058.36
1057.87
1057.28
1056.58
1055.79
1054.89
1053.89
1052.8
1051.63
1051.66
1052.69
1053.75
1054.47
1055.06
1055.49
1055.73
1055.95
1055.89
1055.72
1055.43
1054.98
1054.59
1053.94
1053.22
1052.44
1051.53
1050.78
1049.78
1048.76
1047.74
1046.64
1045.77
1044.66
1043.58
1042.53
1041.43
1040.65
1039.61
1038.64
1037.67
1036.78
1036.14
1035.31
1034.5
1033.76
1033.03
1032.67
1032.04
1031.42
1030.87
1030.32
1030.23
1029.77
1029.3
1028.88
1028.47
1028.62
1028.27
1027.86
1027.51
1027.16
1027.51
1027.21
1026.8
1026.42
1026.08
1026.62
1026.3
1025.79
1025.31
1024.91
1025.65
1025.26
1024.56
1023.9
1023.4
1024.36
1023.86
1022.88
1021.92
1021.26
1022.53
1021.86
1020.44
1019.02
1018.14
1019.84
1018.94
1016.85
1014.68
1013.45
1015.77
1014.55
1011.31
1007.8
1006.04
1009.34
1007.58
1002.11
996.055
993.636
998.784
995.881
985.595
974.934
973.253
983.457
981.125
972.526
978.769
990.696
1003.03
1014.95
1025.71
1034.93
1042.18
1047.91
1052.61
1055.98
1058.01
1059.92
1060.86
1061.51
1061.91
1062.08
1062.05
1061.85
1061.51
1061.05
1060.5
1059.88
1059.19
1058.47
1057.72
1056.95
1056.18
1055.41
1054.64
1053.89
1053.15
1052.43
1051.73
1051.05
1050.4
1049.77
1049.17
1048.58
1048.02
1047.49
1046.97
1046.48
1046.01
1045.56
1045.13
1044.73
1044.34
1043.97
1043.63
1043.3
1043
1042.72
1042.45
1042.21
1042
1041.8
1041.63
1041.48
1041.36
1041.27
1041.22
1041.19
1041.2
1041.23
1041.31
1041.42
1041.57
1041.77
1042.01
1042.29
1042.63
1043.01
1043.44
1043.92
1044.45
1045.03
1045.66
1046.34
1047.07
1047.84
1048.65
1049.51
1050.4
1051.32
1052.27
1053.24
1054.23
1055.22
1056.22
1057.2
1058.18
1059.12
1060.03
1060.89
1061.7
1062.45
1063.11
1063.69
1064.18
1064.55
1064.81
1064.95
1064.95
1064.8
1064.5
1064.05
1063.43
1062.64
1061.68
1060.55
1034.58
1053.79
1039.12
1044.88
1058.54
1055.62
1060.79
1056.41
1032.37
1043.76
1042.04
1057.14
1044.94
1007.44
1026.11
1013.45
1061.64
1000.29
1064.12
1042.91
1064.88
1024.76
1046.98
1027.34
1028.05
1041.66
1058.55
1026.14
1061.17
1051.06
1043.91
1030.91
1030.17
1048.11
1051.3
1048.24
1041.34
1050
1046.67
1029.35
1041.14
1022.62
1022.34
1018.8
1051.25
1058.11
1054.16
1029.18
1041.06
986.427
1063.36
991.747
1059.63
1053.76
1054.94
1056.17
1041.11
1028.4
1057.2
1037.3
1054.12
1024.51
1043.1
1041.77
1048.58
977.773
1059.22
980.136
1061.6
1060.01
1060.29
1052.89
1060.14
1055.75
1056.37
991.936
1064.44
1061.34
1043.83
1026.26
1019.5
1056.15
1017.51
1059.96
1013.34
1063.05
1004.89
1064.75
1042.19
1027.19
1028.23
1041.31
1045.57
1026.22
1024.64
1035.85
1049.43
1052.2
1022.01
1057.06
1033.23
1052.99
1057.11
1055.81
1045.74
1055.23
1061.31
1059.81
1040.85
1053.39
1046.93
1044.49
1042.81
1042.53
1050.1
1041.83
1031.93
1041.64
1049.39
1052.68
1047.7
1030.67
1045.92
1042.97
1015.5
1057.06
974.205
1060.47
1054.1
1052.37
1051.93
1044.15
1057.14
1033.54
1041.54
1032.44
1042.24
1044.68
1058.31
1027.77
1043.18
1049.27
1047.23
1048.85
1025.41
1051.03
1026.81
1058.99
1056.99
1058.17
1060.74
1054.16
1055.2
982.182
1060.78
1062.57
989.55
1063.98
1059.13
1056.83
1054.07
995.414
1064.74
1061.12
1005.34
1064.49
1062.38
1013.55
1059.05
1018.87
1055.15
1021.48
1060.83
1044.36
1011.15
1018.6
1014.81
1057.14
1063.63
1025.98
1003.77
1025.85
1064.89
1046.26
1022.21
1053.17
1024.08
1050.33
1043.35
1041.09
1029.26
1027.09
1041.91
1027.39
1028.21
1041.19
1041.07
1028.98
1028.24
1041.47
1036.53
1035.21
1042.53
1027.27
1056.78
1024.35
1033.78
1047.76
1057.19
1041.22
1029.59
1038.26
1032.78
1059.2
1057.84
1056.37
1060.34
1045.3
1054.87
1039.95
1044.11
1049.1
1046.19
1051.98
1051.97
1043.42
1042.28
1042.94
1054.55
1048.81
1041.48
1044.91
1031.28
1050.64
1047.17
1030.45
1048.31
1041.35
1035.35
1059.14
1057.85
1003.79
1049.07
1055.18
1057.16
993.853
983.42
1061.13
1061.42
1056.6
1053.95
1058.62
1040.28
1045.79
1000.78
1064.56
1035.74
1058.85
1062.19
1010.36
1016.38
1040.73
1020.17
1064.31
1043.07
1028.34
1026.91
1041.6
1047.52
1029.38
1045.11
1031.33
1040.9
1030.98
1040.75
1023.06
1054.94
1030.33
1040.67
1040.85
1055.42
1050.49
1043.65
1063.8
1061.68
995.368
1058.05
1059.1
1044.1
1028.21
1029.3
1029.99
1058.01
1037.12
1051.36
1046.73
1032.01
1033.1
1048.29
1050.02
1041.76
1016.43
1057.28
1062.38
1056.21
1058.64
1054.61
1057.6
988.095
1059.65
1058.32
1064.7
1064.7
1003.92
1006.58
1017.66
1057.9
1021.15
1053.95
1023.51
1063.44
1061.44
1025.5
1012.03
1050.1
1027.16
1027.34
1041.35
1046.01
1045.32
1056.93
1022.13
1025
1051.99
1040.69
1042.24
1060.63
1030.16
1018.67
1028.81
1013.62
1057.6
1041.14
1035.23
1058.48
1037.91
1057.74
1055.3
1038.69
1051.28
1043.79
1043.11
1042.21
1047.25
1041.17
1055.01
1044.94
1042.51
1034.08
1056.52
1052.6
1050.32
1053.33
1044.53
1047.75
1032.81
1049.42
1044.08
1041.99
1060.25
1035.95
1005.19
1058.96
1056.31
1058.04
1059.17
1007.84
1059.44
1037.05
1053.48
1050.13
1039.05
1042.99
1057.62
1015.54
1035.37
1041.33
1033.65
1064.25
1044.26
1061.12
1058.51
1020.32
1023.63
1029.74
1041.1
1027.6
1044.29
1047.94
1045.57
1047.03
1025.98
1054.6
1027.67
1050.67
1031.95
1039.81
1059.1
1025.77
1049.2
1055.34
1051.52
1040.91
1057.24
1055.15
997.901
1064.26
1058.69
992.296
1058.92
1063.17
1055.51
1058.5
1064.4
1009.85
1064.57
1008.62
1058.77
1043.56
1028.39
1026.34
1048.34
1044.91
1029.58
1062.86
1063.93
1029.25
1029.68
1040.68
1030.65
1040.76
1041.9
1029.16
1057.55
1024.34
1021.41
1016.95
1052.97
1024.25
1040.62
1042.63
1028.47
1030.15
1036.38
1040.98
1027.17
1059.76
1019.41
1015.03
1055.94
1022.76
1046.74
1049.58
1057.19
1054.63
1034.93
1049.4
1042.8
1040.57
1045.36
1039.43
1050.64
1058.23
1053.27
1040.82
1046.17
1031.22
1055.96
1043.44
1041.23
1034.67
1055.81
1046.25
1041.02
1031.61
1034.48
1046.52
1043.66
1046.34
1049.83
1044.1
1060.58
1017.61
996.542
1062.08
1061.18
1055.12
1063.62
1053.44
1039.66
1042.62
1030.27
1028.83
1047.96
1063.84
1015.4
1046.91
1051.54
1043.69
1058.03
1021.26
1031.82
1042.08
1036.59
1031.36
1030.78
1025.08
1052.38
1027.57
1032.79
1040.08
1028.38
1061.34
1059.68
1045.33
1013.75
1055.57
1025.53
1040.18
1040.44
1037.7
1056.94
1041.56
1035.85
1040.42
1033.35
1049.03
1044.39
1045.17
1048.36
1050.56
999.575
1005.43
1062.87
1063.95
1058.04
1055.47
1059.59
1059.48
1011.8
1064.4
1059.17
1064
1059.58
1054.43
1058.23
1063.13
1043.66
1029.87
1056.56
1024.99
1028.59
1041.77
1061.87
1030.98
1041.42
1040.02
1032.1
1040.05
1031.25
1030.63
1053.64
1051.67
1026.43
1027.3
1045.6
1046.34
1029.35
1030.44
1060.3
1059.43
1040.84
1022.28
1022.95
1018.06
1019.16
1031.75
1049.73
1028.01
1042.67
1034.03
1043.33
1041.55
1051.27
1043.32
1039.82
1047.47
1045.99
1045.33
1038.35
1040.37
1032.49
1056.17
1036.12
1036.41
1054.42
1050.7
1052.52
1048.48
1047.35
1044.02
1041.11
1036.49
1059.89
1006.99
1062.45
1058.25
1050.3
1060.62
1063.57
1059.28
1057.16
1038.22
1045.15
1042.03
1040.13
1045.43
1045.05
1034.97
1032.95
1061.42
1039.49
1054.58
1041.51
1056.09
1028.38
1037.73
1032.13
1031.18
1032.46
1039.72
1040.77
1047.41
1043.36
1034.08
1039.36
1033.55
1038.83
1029.15
1054.26
1030.39
1050.14
1039.26
1013.37
1063.53
1050.55
1043.08
1031.92
1044.4
1039.8
1052.57
1018.89
1036.92
1063.07
1059.89
1044.32
1002.62
1055.35
1060.48
1060.16
1063.99
1020.06
1060.17
1064.26
1054.83
1018.71
1017.15
1053.96
1063.19
1022.34
1024.29
1062.54
1058.67
1060.67
1058.96
1026.4
1025.76
1057.07
1027.99
1048.82
1040.15
1042.17
1040.18
1032.26
1044.35
1040.29
1027.01
1029.08
1031.52
1043.11
1030.05
1037.11
1047.13
1031.14
1030.55
1028.32
1052.68
1031.71
1026.88
1033.37
1040.67
1046.49
1051.84
1035.7
1042.37
1050.52
1039.54
1044.78
1040.19
1052.91
1042.42
1041.82
1055.49
1040.28
1033.08
1047.35
1044.43
1046.08
1042.55
1049.49
1063.49
1061.95
1060.67
1009.03
1059.04
1050.52
1042.61
1024.68
1026.81
1049.26
1048.56
1040.74
1046.6
1061.04
1050.4
1063.05
1060.13
1060.87
1030.14
1055.48
1040.53
1042.94
1052.49
1033.95
1042.05
1042.03
1038.4
1063.02
1057.47
1043.02
1031.52
1063.85
1062.1
1031.36
1033.07
1039.55
1039.21
1033.72
1041.16
1040.93
1040.32
1039.44
1034.62
1043.14
1038.22
1029.16
1044.45
1042.14
1035.02
1061.96
1060.54
1011.19
1050.55
1063.33
1060.63
1063.99
1060.46
1021.83
1059.76
1062.69
1049.73
1027.48
1057.95
1023.36
1059.84
1030.55
1056.53
1030.87
1042.53
1032.01
1031.55
1032.68
1031.77
1032.55
1049.2
1033.21
1040.44
1039.41
1043.68
1038.87
1045.81
1054.9
1028.74
1039.53
1033.89
1039.92
1032.81
1030.63
1032.23
1032.39
1047.43
1053.19
1051.18
1031.01
1029.52
1030.14
1045.66
1041.25
1044.47
1037.27
1048.45
1042.29
1035.33
1041.78
1043.17
1046.39
1038.83
1056.33
1037.64
1047.8
1043.23
1051.44
1039.97
1039.39
1042.85
1034.31
1053.59
1062.56
1046.37
1041
1040.17
1038.76
1033.95
1040.45
1038.61
1045.16
1035.31
1036.14
1061.5
1061.34
1033.36
1058.81
1035.06
1039.85
1041.86
1053.27
1032.47
1039.23
1033.83
1049.5
1033.27
1034.67
1040.03
1033.46
1038.4
1034.33
1034.08
1038.67
1039.1
1035.1
1042.7
1038.51
1062.44
1044.77
1056.88
1039.35
1042.28
1035.42
1055.6
1053.62
1038.74
1048.42
1050.45
1040.46
1038.2
1037.91
1044.57
1061.36
1023.28
1050.53
1063.34
1063.49
1025.81
1060.63
1050.16
1061.56
1062.66
1028.81
1028.09
1029.48
1059.52
1059.27
1060.1
1058.4
1057.21
1048.9
1056.36
1048.23
1043.85
1035.18
1031.18
1043.56
1042.42
1033.94
1033.9
1034.11
1034.85
1044.4
1031.98
1033.96
1045.96
1041.58
1032.31
1030.82
1048.29
1039.66
1052.48
1033.71
1029.86
1034.53
1041.19
1053.53
1040.99
1041.15
1038.35
1043.53
1036.86
1041.74
1040.52
1039.32
1039.91
1042.43
1040.84
1038.32
1035.8
1054.52
1038.74
1061.3
1020.3
1037.29
1039.19
1043.61
1034.06
1033.34
1038.88
1030.03
1030.99
1032.8
1044.79
1062.76
1045.08
1062.75
1045.24
1062.46
1061.38
1033.52
1060.27
1059.46
1058.64
1044.24
1033.73
1034.14
1044.12
1040.28
1042.93
1055.3
1039.13
1035.98
1039.64
1036.04
1038.92
1052.18
1041.36
1035.86
1039.48
1040.11
1035.76
1036.03
1038.61
1044.43
1041.92
1038.29
1036.04
1037.05
1037.21
1037.06
1036.42
1032.75
1052.54
1033.12
1051.31
1063.49
1061.49
1045.13
1061.04
1062.16
1044.46
1034.62
1058.02
1057.79
1039.51
1040.45
1034.07
1050.19
1038.52
1038.28
1054.87
1038.87
1034
1034.41
1033.27
1033.28
1038.33
1048.57
1046.79
1035.17
1033.58
1039.36
1034.21
1032.24
1040.64
1035.51
1049.47
1038.35
1047.37
1036.48
1040.31
1040.04
1045.41
1041.01
1054.31
1038.64
1039.73
1037.45
1041.69
1037.71
1061.79
1062.1
1036.27
1060.94
1057.12
1039.67
1035.26
1035.33
1039.25
1040.85
1041.45
1055.95
1035.48
1039.2
1062.26
1047.18
1035.97
1045.25
1049.29
1037.28
1035.71
1038.2
1035.9
1037.88
1036.45
1038.42
1037.2
1037.09
1036.9
1036.38
1062.91
1031.95
1061.55
1059.56
1039.51
1051.25
1043.66
1047.66
1038.92
1039.41
1037.1
1039.04
1044.5
1042.73
1039.02
1037.53
1039.2
1038.25
1062.91
1037.55
1038.85
1062.25
1039.3
1062.09
1061.79
1039.43
1062.06
1039.32
1060.88
1039.24
1060.25
1044.22
1058.78
1057.97
1056.23
1039.63
1041.12
1042.11
1040.59
1037.87
1053.93
1055
1038.02
1035.54
1037.68
1040.89
1036.43
1052.55
1035.35
1051.74
1039.64
1048.86
1038.15
1036.05
1049.92
1035.71
1037.22
1035.91
1036.43
1035.85
1035.62
1037.46
1038.82
1035.7
1037.53
1038.49
1035.89
1035.81
1037.28
1037.69
1035.68
1037.93
1035.66
1045.34
1035.83
1046.23
1038.29
1039.34
1042.83
1035.72
1037.52
1038.1
1044.47
1037.41
1048.18
1037.34
1047.9
1046.09
1038.2
1038.17
1035.74
1037.15
1035.62
1036.65
1043.63
1046.98
