1078.29
1091.21
1094.69
1066.02
1098.45
1058.75
1054.69
1078.19
1077.89
1077.4
1076.73
1075.91
1074.94
1073.86
1072.68
1071.44
1070.14
1068.83
1067.44
1067.54
1067.89
1069.8
1069.86
1069.49
1068.89
1068.11
1068.74
1067.53
1065.81
1063.97
1062.12
1062.21
1060.14
1057.48
1054.8
1052.35
1052.51
1050.02
1046.75
1043.51
1040.81
1041.58
1039.01
1035.24
1031.49
1028.76
1030.7
1028.22
1023.83
1019.06
1016.92
1019.66
1017.63
1011.96
1005.93
1003.78
1009.51
1007.3
997.764
987.936
987.022
997.738
992.368
970.965
951.998
950.452
949.001
950.928
953.831
956.977
959.842
959.386
962.167
966.027
970.127
973.504
972.207
975.331
980.374
985.931
989.914
987.087
990.552
997.809
1006.09
1010.64
1004.74
1008.87
1021.33
1035.08
1039.05
1027
1035.23
1062.97
1089.3
1094.64
1096.66
1097.38
1097.65
1097.74
1097.76
1097.74
1097.7
1097.65
1097.58
1097.49
1097.39
1097.26
1097.12
1096.95
1096.76
1096.55
1096.32
1096.07
1095.81
1095.54
1095.26
1094.97
1094.92
1095.07
1095.13
1095.1
1094.95
1094.67
1094.19
1093.2
1092.21
1091.72
1091.42
1091.26
1092.54
1093.73
1094.71
1095.56
1096.26
1096.86
1097.35
1097.77
1098.12
1098.41
1098.64
1098.84
1099
1099.13
1099.23
1099.31
1099.37
1099.42
1099.46
1099.49
1099.51
1099.52
1099.52
1099.52
1099.5
1099.48
1099.44
1099.38
1099.29
1099.18
1099.03
1098.84
1098.6
1098.31
1097.97
1097.57
1097.1
1096.58
1095.99
1095.34
1094.62
1093.85
1093.02
1092.14
1091.2
1090.21
1089.17
1088.09
1086.98
1085.86
1084.7
1083.52
1082.31
1081.09
1079.87
1078.65
1077.46
1076.29
1075.17
1074.09
1073.07
1072.12
1071.26
1070.49
1069.82
1069.25
1068.8
1068.47
1068.25
1068.16
1068.18
1068.32
1068.57
1068.93
1069.39
1069.94
1070.58
1071.31
1072.1
1072.94
1073.84
1074.76
1075.7
1076.65
1077.59
1078.5
1079.37
1080.17
1080.9
1081.52
1082.02
1082.39
1082.59
1082.62
1082.45
1082.08
1081.48
1080.66
1079.58
1010.51
1057.39
1024.95
1098.16
1098.83
1099.3
1097.77
1064.56
999.717
1096.86
1092.58
1070.21
1069.13
1097.65
1021.57
1097.96
1076.4
1097.02
1079.98
1072.33
1082.24
1036.35
1067.85
1005.66
994.15
1076.73
1076.17
1094.99
1095.57
1049.46
1035.71
986.327
971.795
1044.32
1099.51
1099.41
1088.61
1099.5
1099.12
975.885
1086.38
1062.68
1090.24
1097.92
1068.08
1072.62
1069.52
978.517
1084.07
1096.05
1081.96
1095.41
1077.96
1092.99
1069.68
1072.67
1081.62
985.388
1067.62
1017.76
1099.41
1044.42
1095.68
1028.66
1067.59
1095.49
1092.58
1095.35
1080.54
1078.64
1079.14
1068.66
1093.76
1070.07
1070.52
1096.57
1082.49
1096.27
1070.54
1016.08
1097.01
1070.94
1098.02
1074.47
1097.84
1078.28
1097.38
1081.35
1074.42
1002.72
989.588
1079.15
1068.59
1023.61
1048.13
1014.76
1067.64
1068.47
1071.77
1066.95
1003.27
1055.25
1099.12
1061.78
1098.74
1059.97
1096.86
1098.4
1026.26
1099.45
1040.28
1097.79
1094.99
1094.25
1048.13
1091.67
996.351
1090.7
1099.48
1099.48
1099.34
979.243
1037.88
1093.99
1095.24
1073.91
1095.2
1079.46
1070.04
1052.92
1099.42
1097.68
1064.64
1005.78
1091.23
995.528
1093.93
1067.1
1068.79
1041.51
1033.21
1045.78
1099.32
1099.46
1078.84
1066.63
1095.39
1095.63
1072.44
1074.9
1079
1056.55
1071.01
1095.77
1094.73
1081.36
1096.32
1082.33
1096.32
1070.68
1069.86
1096.81
1082.45
1097.36
1097.52
1080.72
1077.36
1097.91
1073.53
1098.01
1070.19
1095.29
1075.44
1069.79
1097.75
1097.67
1098
1071.75
1079.17
1020
1097.21
1028.65
1081.87
1068.16
1081.91
1068.95
1054.09
1067.8
1071.39
1085.24
977.153
1009.59
1075.56
999.458
988.147
1080.39
1082.86
981.053
991.036
1077.93
1015.33
1013.73
1073.35
1004.12
1066.09
1041.38
1006.07
1067.66
1068.57
1087.51
974.048
1021.94
1001.8
1098.64
1098.99
1099.22
1098.12
1098.48
1099.36
1025.67
1097.36
1046.76
1098.95
1099.49
1051.71
1096.3
1093.44
1033.12
1058.72
1099.45
1089.68
1036.82
992.018
1099.51
1099.24
973.722
1044.13
1090.22
1094.56
1077.14
1075.08
1095.38
1093.43
1071.37
1092.72
1095.71
1095.64
1079.69
1080.21
1098.81
1099.27
1097.78
1026.44
1098.92
1097.02
1082.05
1014.14
1072.63
1076.66
1097.76
1098.15
1088.87
1098.26
1080.19
1069.22
1031.43
1058.1
1073.33
1065.9
1013.48
1036.9
992.997
1086.9
995.441
1084.61
1096.24
1069.04
1000.68
1082.11
1078.27
1095.74
1048.53
1094.75
1081.96
1079.76
1096.51
1071.83
1096.89
1067.7
1037.84
1018.43
1007.35
1067.2
1018.49
1050.38
1099.22
993.633
1002.68
1099.43
1099.47
1092.18
1095.59
1073.67
1081.02
1072.04
1094.82
1094.09
1072.27
1095.93
1077.18
1071.41
1081.81
1081.41
1097.24
1097.44
1098.21
1071.65
1098.19
1068.3
1093.86
1078.56
1075.66
1072.55
1097.88
1066.28
1049.69
1045.46
1074.52
1066.26
1066.62
1070.72
1097.99
1084.97
1067.09
1080.8
1071.13
1074.64
1002.97
1098.25
1024.71
1097.99
1065.79
1075.74
1011.5
1070.22
1020.34
1098.39
1099.09
1022.33
1099.45
1097.22
1096.1
1031.15
1041.98
1089.16
1058.47
1098.42
1094.71
1007.77
1062.93
1099.38
1047.86
1055.01
1098.08
1099.39
998.768
1099.47
1034.85
1093.08
1078.16
1095.1
1095.69
1076.08
1072.34
1093.87
1073.4
1097.18
1070.26
1020.08
1054.66
1099.34
1025.4
1096.8
1064.22
1097.95
1015.36
1092.04
1009.34
1081.39
1063.79
1074.46
1071.16
1098.36
1098.49
1057.51
1069.6
1095.83
1036.34
1099.41
1099.15
1099.38
1097.25
1067.25
1087.75
1064.23
1018.39
1077.79
1075.59
1066.84
1066.03
1058.76
1050.61
1089.98
1072.88
1094.98
1096.77
1082.11
1073.47
1096.23
1097.37
1081.61
1096.39
1071.12
1081.11
1097.41
1080.86
1097.61
1067.61
1068.41
1034.44
1062.19
1065.91
1063.41
1061.03
1077.64
1079.42
1016.13
1010.4
1083.36
997.992
1079.53
1072.2
1021.32
1070.09
1098.44
1098.42
1098.09
1067.65
1090.05
1072.05
1070.13
1028.19
1004.86
1016.52
1077
1053.92
1073.63
1098.27
1098.08
1069.85
1097.48
1066.02
1099.37
1098.62
1099.19
1013.52
1046.4
1095.44
1087.72
1098.69
1024.41
1099.46
1098.11
1099.34
1085.77
1039.41
993.642
1098.97
1096.69
1028.76
1009.39
1060.73
1099.09
1088.02
992.888
1011.79
1099.33
1097.82
1040.27
1094.4
1095.42
1077.88
1095.96
1096.01
1080.48
1078.89
1097.79
1078.51
1098.78
1085.41
1065.71
1047.81
1071.59
1063.19
1080.53
1097.29
1099.27
1051.58
1059.36
1069.22
1098.12
1069.62
1094.72
1024.34
1025.68
1035.91
1098.55
1099.05
1098.69
1010.23
1083.34
1096.26
1078.35
1074.95
1099.29
1097.8
1068.11
1097.95
1076.01
1073.36
1021.69
1062.5
1092.99
1017.1
1086.52
1008.83
1099.39
1098.54
1099
1044.32
1096.47
1096.33
1096.91
1081.04
1081.49
1073.27
1096.94
1072.16
1072.96
1097.62
1080.66
1069.06
1079.34
1071.26
1098.38
1065.92
1077.58
1064.32
1054.06
1069.05
1098.3
1075.4
1067.49
1075.54
1033.17
1068.52
1080.4
1016.19
1077.1
1028.18
1038.79
1066.41
1064.8
1096
1091.27
1063.16
1063.04
1064.51
1044.83
1073.36
1072.25
1070.79
1098.46
1098.49
1098.2
1098.29
1020.72
1063.8
1083.68
1096.18
1010.37
1034.39
1030.5
1099.23
1097.35
1027.11
1099.4
1099.25
1038.3
1023.52
1083.73
1012.01
1060.69
1023.44
1018.64
1056.69
1099.29
1052.65
1099.41
1042.28
1098.21
1091.04
1095.64
1076.77
1096.02
1080.29
1074.37
1095.19
1073.04
1078.21
1067.94
1062.83
1027.41
1099.32
1096.86
1089.24
1040.5
1058.99
1022.45
1040.65
1074.06
1029.59
1057.38
1095.43
1066.91
1098.57
1033.69
1060.86
1081.28
1049.87
1068.23
1063.51
1044.12
1098.85
1025.3
1080.5
1031.96
1073.79
1097.95
1065.59
1092.62
1061
1072.12
1097.01
1080.67
1096.98
1059.84
1066.59
1099.2
1086.73
1053.53
1096.34
1096.16
1080.59
1076.03
1096.03
1096.63
1097.4
1074.47
1074.83
1080.2
1097.96
1070.77
1080.07
1098.11
1097.77
1097.54
1098.6
1077.3
1098.26
1098.47
1076.59
1066.34
1072.87
1070.43
1098.65
1098.61
1068.06
1098.66
1063.44
1065.62
1066.57
1082.23
1014.06
1059.09
1074.68
1098.68
1067.98
1023.16
1064.98
1050.8
1025.31
1063.06
1030.64
1041.8
1079.45
1065.54
1072.58
1094.04
1034.07
1028.71
1099.3
1099.15
1022.76
1095.49
1049.64
1084.09
1098.8
1030.78
1098.93
1032.42
1093.89
1059.23
1085.21
1009.05
1099.23
1099.28
1099.32
1097.91
1047.77
1081.38
1079.39
1077.23
1096.36
1074.8
1095.88
1035.43
1097.64
1098.09
1098.74
1099
1092.6
1059.28
1076.18
1098.1
1076.89
1069.72
1072.31
1098.71
1059.95
1035.95
1099.22
1054.67
1078.46
1099.21
1061.09
1080.78
1079.7
1067.01
1054.11
1098.86
1079.02
1075.2
1078.35
1038.33
1069.62
1077.08
1029.72
1062.68
1032.17
1090.4
1082.75
1022.78
1098.63
1034.05
1096.68
1096.55
1099.08
1045.73
1078.6
1076.22
1096.69
1097.42
1079.53
1073.87
1079.69
1071.99
1097.05
1069.4
1076.29
1098.56
1098.26
1064.62
1098.38
1071.65
1098.77
1065.78
1098.81
1060.44
1063.61
1075.47
1045.11
1098.84
1047.28
1060.54
1036.14
1064.51
1070.99
1053.94
1071.46
1059.07
1065.44
1098.35
1079.8
1027.37
1066.92
1042.88
1090.05
1058.15
1052.69
1059.63
1063.84
1061.08
1084.22
1097.27
1094.69
1099.33
1094.58
1038.78
1033.36
1045.95
1097.43
1022.38
1096.21
1099
1042.28
1028.45
1061.02
1026.32
1099.17
1099.19
1052.91
1088.03
1081.52
1098.31
1023.63
1055.46
1079.66
1044.78
1098.43
1095.45
1085.46
1073.15
1096.95
1076.3
1054.36
1037.81
1034.18
1075.31
1073.54
1098.19
1066.59
1098.83
1093.5
1055.04
1057.75
1098.42
1042.37
1083.31
1057.51
1095.35
1048.92
1057.48
1089.78
1066.18
1054.78
1063.58
1063.14
1060.52
1043.14
1099.23
1082.39
1078.63
1098.52
1064.75
1099.09
1048.34
1099
1064.64
1062.51
1042.37
1048.13
1051.36
1098.78
1071.13
1067.13
1097.01
1075.87
1097.36
1097.79
1077.8
1079.15
1097.88
1071.08
1098.35
1073.57
1075.87
1098.52
1098.4
1098.62
1068.21
1069.64
1070.99
1068.34
1063.22
1098.88
1061.58
1099.09
1099.09
1098.9
1098.84
1099.15
1054.55
1075.75
1080.94
1058.6
1047.42
1054.05
1098.79
1070.68
1054.9
1061.88
1055.43
1087.16
1060.06
1058.28
1062.98
1085.51
1096.22
1050.72
1036.6
1056.44
1093.64
1099.13
1079.31
1037.09
1033.31
1033.74
1091.52
1034.93
1035.39
1099.23
1098.05
1077.89
1034.82
1058.19
1034.41
1077.46
1096.71
1096.62
1089.6
1040.38
1066.08
1091.79
1086.84
1097.05
1097.39
1097.97
1097.42
1078.43
1097.78
1076.46
1098.07
1075.46
1072.72
1098.37
1070.04
1068.98
1067.54
1098.82
1098.52
1098.64
1099.02
1042.2
1048.34
1060.86
1099.12
1084.73
1092.32
1086.77
1099.07
1056.04
1055.63
1082.44
1098.94
1049.75
1080.18
1088.58
1097.83
1049.31
1037.61
1042.43
1059.22
1074.94
1044.29
1073.37
1054.21
1098.05
1060.7
1097.51
1058.17
1078.56
1074.52
1098.32
1072.37
1074.77
1098.68
1098.75
1064.87
1066.16
1099.05
1056.89
1060.9
1057.97
1064.71
1066.89
1063.81
1061.81
1068.35
1052.68
1093.69
1096.64
1073.06
1056.83
1055.52
1040.26
1087.66
1059.35
1056.65
1098.66
1097.56
1035.95
1049.87
1076.65
1046.34
1033.55
1096.26
1094.55
1043.3
1098.61
1059.33
1084
1042.18
1066.43
1048.62
1097.04
1077.46
1077.19
1058.36
1071.83
1063.9
1098.94
1098.95
1098.98
1099.12
1042.16
1042.23
1063.39
1099
1050.5
1076.68
1048.94
1090.24
1050.22
1052.15
1080.59
1078.09
1095.5
1060.7
1042.75
1048.31
1097.19
1078.76
1071.81
1045.16
1050.89
1077.32
1097.7
1073.13
1068.53
1098.85
1054.82
1048.7
1056.18
1099.03
1091.02
1076.81
1099.11
1041.84
1038.9
1088.22
1043.39
1098.35
1097.41
1077.97
1062.35
1097.74
1075.96
1098.03
1075.04
1073.94
1098.26
1074.35
1098.45
1071.44
1098.61
1070.45
1098.93
1066.95
1065.41
1062.38
1099
1048.91
1042.53
1049.27
1089.15
1061.1
1062.12
1090.73
1098.97
1087.38
1056.24
1098.8
1058.63
1098.44
1057.18
1050.1
1054.04
1093.37
1096.91
1055.69
1076.18
1068.92
1091.8
1097.75
1093.25
1067.7
1059.35
1051.08
1074.21
1057.23
1051.99
1095.85
1062.42
1067.28
1055.49
1065.95
1054.19
1072.03
1046.55
1094.61
1047.71
1096.41
1098.74
1043.19
1098.9
1085.58
1092.11
1045.31
1083.85
1050.36
1082.21
1052.97
1051.11
1053.06
1094.49
1064.18
1070.38
1069.78
1046.54
1044.16
1052.03
