268.134
246.748
210.145
263.34
268.051
267.802
267.388
266.811
266.075
265.185
264.148
262.973
261.67
260.253
258.733
257.131
255.482
253.819
252.175
250.606
249.247
248.036
247.174
210.167
210.24
210.369
210.553
210.823
211.181
211.659
212.306
213.212
214.538
216.568
219.725
224.31
229.891
235.322
239.751
242.982
245.138
246.361
214.972
219.924
224.432
228.873
233.057
236.97
240.649
244.053
247.173
250.014
252.576
254.857
256.863
258.595
260.053
261.236
262.181
262.824
263.212
263.367
263.452
263.592
263.782
264.018
264.3
264.625
264.953
265.325
265.688
266.068
266.439
266.792
267.118
267.405
267.668
267.859
268.011
268.103
251.965
220.232
265.648
258.681
215.686
264.406
264.47
240.25
233.571
257.981
266.7
253.73
214.769
263.626
267.702
249.388
227.88
261.798
266.929
225.518
241.237
262.128
217.409
246.722
265.073
214.612
263.328
267.956
245.76
222.469
227.558
225.336
229.826
228.117
233.853
232.229
236.035
237.552
241.027
242.532
244.348
243.107
246.402
247.464
249.342
248.898
251.146
251.693
253.529
252.301
255.248
253.922
256.185
257.01
256.254
253.629
255.63
258.027
253.117
255.106
252.587
254.614
256.451
251.003
250.39
248.002
247.388
244.713
256.043
258.09
258.665
260.134
260.739
261.419
261.978
263.041
262.526
262.552
263.587
263.129
264.169
263.653
264.884
264.051
262.932
234.742
239.304
244.084
241.334
245.331
244.341
248.024
247.538
250.582
250.223
252.239
253.074
248.761
265.037
264.434
265.628
254.642
255.359
263.312
241.75
249.847
257.713
259.178
242.39
239.122
238.496
235.63
259.528
260.768
260.43
261.469
261.814
263.466
235.012
231.333
255.74
261.742
261.216
265.809
261.209
256.265
252.977
262.188
230.882
254.414
263.028
262.632
263.204
264.259
266.383
266.017
265.272
260.176
266.654
230.981
238.048
227.473
228.039
236.411
259.559
248.727
240.611
242.922
257.045
256.215
266.834
261.021
262.056
227.183
223.338
223.747
261.935
262.048
249.548
263.86
228.791
224.533
253.478
263.544
262.442
264.677
259.338
257.449
255.632
253.847
237.17
239.942
244.947
242.549
246.625
244.882
247.679
248.586
249.162
250.688
247.2
266.464
260.058
264.534
264.18
263.45
263.238
253.698
251.541
255.807
261.309
260.206
251.267
252.682
218.402
262.232
233.645
238.422
266.013
231.927
255.35
257.781
259.773
260.501
261.827
262.745
262.534
263.713
263.103
267.151
260.406
259.047
263.49
251.618
249.182
249.205
246.55
246.627
243.849
227.306
223.258
231.113
234.607
250.409
235.129
252.102
234.66
237.879
240.923
223.603
254.246
256.26
265.988
265.716
265.372
266.043
265.61
219.017
266.339
265.391
249.769
214.684
214.761
229.316
257.042
255.389
256.695
255.042
256.164
257.705
237.351
240.888
260.492
257.005
259.248
259.49
259.044
260.905
251.756
218.594
222.249
252.528
251.193
230.312
267.83
267.762
267.815
267.424
267.317
266.939
266.303
266.221
265.514
229.739
225.561
263.966
262.52
246.768
262.478
267.644
258.531
259.941
237.691
254.185
239.936
243.216
244.243
243.928
251.646
249.63
252.076
246.923
226.718
252.121
263.362
262.396
248.537
256.92
252.121
223.193
219.032
260.895
261.168
265.418
262.316
245.36
220.079
221.126
257.388
216.457
243.714
240.528
264.829
249.449
248.288
231.948
265.528
261.598
260.993
239.677
257.805
263.944
264.349
232.721
260.402
264.973
257.442
265.527
241.977
245.619
250.856
249.26
264.547
258.939
247.219
235.821
261.351
245.949
260.923
262.982
259.022
267.126
246.16
247.411
215.101
258.873
245.346
263.505
262.637
251.117
250.186
251.913
238.153
246.775
219.09
254.451
258.553
260.009
259.912
260.647
258.532
234.443
259.206
257.807
258.472
219.398
233.51
236.895
240.165
243.066
245.312
241.269
244.211
255.487
264.605
265.062
264.338
264.098
263.847
264.908
263.28
263.455
265.091
266.34
267.334
258.269
262.99
264.587
247.623
253.283
263.537
257.591
238.083
262.906
243.676
253.786
253.868
261.213
260.245
223.723
267.442
249.513
248.029
261.496
266.238
231.848
250.669
265.441
266.036
214.728
268.032
246.808
267.508
263.872
265.271
266.808
267.037
263.249
266.836
267.498
265.821
259.646
257.041
254.483
262.318
