281.957
266.514
213.414
276.368
281.892
281.697
281.375
280.927
280.359
279.675
278.883
277.993
277.016
275.97
274.855
273.701
272.536
271.383
270.265
269.217
268.329
267.519
266.885
213.471
213.661
214.003
214.52
215.314
216.488
218.268
221.047
225.391
231.602
238.937
245.981
251.838
256.393
259.841
262.412
264.276
265.546
266.281
219.689
226.181
231.912
237.434
242.566
247.258
251.586
255.512
259.044
262.206
265.013
267.478
269.619
271.448
272.974
274.202
275.178
275.84
276.237
276.401
276.504
276.673
276.902
277.186
277.524
277.909
278.299
278.736
279.163
279.604
280.032
280.437
280.809
281.137
281.432
281.65
281.82
281.922
264.363
237.627
279.135
274.79
222.975
277.683
279.113
251.162
257.491
270.812
280.357
271.288
220.198
276.736
281.492
268.37
236.252
274.789
281.009
248.714
263.036
277.336
228.371
258.56
278.46
219.403
276.375
281.78
265.963
243.228
247.048
242.507
246.611
243.018
250.244
247.174
250.978
253.63
256.884
259.168
260.061
258.115
261.415
263.037
264.294
263.294
265.706
266.513
268.137
266.655
269.614
267.973
270.806
271.179
270.174
267.317
269.288
271.847
266.516
268.516
265.714
267.795
269.669
264.391
263.45
260.969
259.981
257.07
269.089
271.329
272.688
274.038
274.804
275.223
275.918
276.872
276.241
276.619
277.523
277.305
278.192
277.924
278.969
278.409
277.48
248.531
256.385
261.3
259.165
262.847
262.536
265.664
264.779
267.78
267.089
269.145
269.572
266.708
279.234
278.253
279.653
271.174
271.322
277.945
253.747
262.602
270.809
272.305
254.896
251.19
249.994
247.14
272.774
274.01
273.572
274.615
275.044
277.105
245.885
241.454
268.641
276.512
275.878
279.874
274.285
272.354
269.945
277.053
244.387
270.167
276.565
275.843
276.496
277.835
280.336
279.948
279.531
273.234
280.638
240.57
249.095
236.704
238.045
248.683
273.296
262.094
259.849
262.439
272.602
271.592
280.69
274.045
275.141
235.864
231.48
232.674
276.276
275.643
266.035
277.349
239.772
234.558
268.953
278.259
277.4
278.334
273.551
270.424
268.427
266.648
257.612
260.58
264.479
263.019
266.017
264.978
266.927
267.339
267.967
268.833
266.762
280.291
273.054
277.987
277.556
276.691
276.435
266.371
264.052
268.545
276.527
275.697
269.484
270.257
225.687
275.557
246.34
252.463
279.815
250.404
270.498
272.825
275.199
275.532
274.866
275.836
275.585
276.911
276.165
280.935
275.94
274.852
276.637
264.04
261.486
261.395
258.442
258.666
255.549
235.707
230.632
240.421
244.686
268.979
245.116
270.182
245.053
248.63
252.2
238.243
266.834
268.99
279.533
279.282
278.874
279.67
279.275
225.85
279.941
278.834
267.859
219.737
220.523
253.511
273.61
272.44
273.281
272.102
272.76
273.876
250.485
254.377
276.108
271.853
274.015
272.396
271.957
273.869
264.427
232.471
234.545
267.681
266.972
251.483
281.636
281.629
281.698
281.365
281.232
280.987
280.49
280.369
279.876
241.902
236.982
277.276
275.532
263.586
276.932
281.49
271.928
273.318
260.624
267.162
252.688
256.31
257.969
264.786
265.362
263.398
266.034
259.199
239.777
265.002
278.269
277.473
264.595
270.329
268.254
230.838
225.469
274.557
274.521
279.841
275.459
259.734
228.869
231.47
270.276
225.225
255.152
251.574
278.174
261.949
267.673
242.785
279.303
275.07
276.124
254.664
272.202
277.678
278.783
244.426
273.92
278.853
271.054
279.442
256.232
261.946
264.955
268.181
279.047
271.966
261.022
253.51
275.564
264.576
273.918
276.125
272.587
281.01
259.439
266.156
221.552
271.827
258.132
276.902
276.067
268.533
265.566
269.439
256.809
266.641
225.282
269.334
273.149
274.396
274.826
275.184
273.742
254.178
274.542
273.493
274.238
225.541
255.515
258.949
261.754
263.978
265.605
252.851
256.191
272.062
277.965
278.487
277.654
277.308
277.003
278.437
276.381
276.528
278.818
280.042
281.077
274.416
276.028
279.156
267.231
270.864
278.347
270.433
248.73
275.927
255.196
270.816
266.473
276.565
273.21
231.069
281.408
261.672
267.463
274.498
280.473
241.146
269.223
279.753
280.145
219.415
281.867
266.641
281.273
277.125
278.873
280.559
280.743
276.279
280.853
281.303
279.533
275.426
273.191
271.543
275.335
