308.731
289.67
289.671
308.746
308.149
306.564
304.326
301.843
299.374
296.998
294.765
292.596
290.663
289.695
289.709
289.725
289.747
289.759
289.769
289.585
289.736
289.689
290.652
292.58
294.761
297.019
299.383
301.849
304.32
306.555
308.167
309.505
311.771
315.198
318.207
319.324
318.594
315.137
311.751
309.478
299.366
290.638
316.241
298.881
294.875
290.561
315.904
303.093
290.597
304.657
313.674
294.292
290.52
310.704
307.36
301.923
301.847
299.175
301.481
298.888
301.188
303.311
300.955
298.348
300.36
303.613
302.397
299.305
305.638
307.064
303.497
307.369
304.09
306.213
300.493
311.149
305.436
308.546
307.792
310.293
311.623
314.085
309.087
312.724
304.783
310.454
315.381
296.81
296.53
291.024
292.123
292.175
293.855
293.539
295.575
295.918
297.912
296.843
294.612
296.244
294.22
296.216
294.207
292.276
292.248
292.291
290.589
296.228
300.841
290.519
296.975
294.635
293.414
292.419
290.562
305.502
292.321
304.161
307.071
291.677
307.106
310.932
292.331
300.285
294.363
309.053
298.632
313.682
313.387
302.565
304.555
294.013
317.144
297.825
290.519
308.847
290.581
308.882
297.672
298.386
306.051
296.348
292.322
