1081.72
1091.81
1095.3
1068.54
1099.33
1073.12
1055.62
1081.6
1081.26
1080.7
1079.93
1078.99
1077.9
1076.68
1075.38
1074.01
1072.61
1071.2
1069.86
1069.47
1071.09
1069.73
1070.23
1070.73
1070.85
1070.41
1067.25
1066.22
1065.58
1064.67
1063.14
1058.3
1056.36
1055.27
1054.03
1051.91
1045.59
1043.14
1042.21
1041.26
1038.84
1030.81
1027.97
1027.83
1027.85
1025.05
1014.3
1010.91
1012.54
1014.71
1009.65
994.966
990.415
995.905
999.531
987.472
959.494
952.149
950.821
951.167
952.434
956.909
958.836
960.121
961.412
963.366
969.429
971.899
973.133
974.213
976.565
984.752
987.952
988.763
989.129
992.22
1004.08
1008.58
1008.02
1006.74
1012.14
1031.4
1037.95
1033.13
1029.56
1044.47
1081.68
1092.84
1096.13
1097.33
1097.79
1097.96
1098.04
1098.06
1098.07
1098.07
1098.07
1098.06
1098.06
1098.04
1098.03
1098
1097.97
1097.93
1097.88
1097.82
1097.74
1097.65
1097.53
1097.4
1097.24
1097.06
1096.85
1096.63
1096.39
1096.13
1095.86
1095.59
1095.54
1095.68
1095.75
1095.72
1095.58
1095.29
1094.83
1093.82
1092.8
1092.33
1092.03
1091.87
1093.21
1094.34
1095.34
1096.15
1096.83
1097.4
1097.86
1098.25
1098.56
1098.81
1099.02
1099.18
1099.31
1099.41
1099.48
1099.54
1099.59
1099.62
1099.65
1099.67
1099.68
1099.69
1099.69
1099.7
1099.7
1099.7
1099.7
1099.7
1099.7
1099.69
1099.68
1099.66
1099.64
1099.6
1099.55
1099.48
1099.38
1099.24
1099.08
1098.86
1098.6
1098.29
1097.92
1097.49
1097
1096.44
1095.82
1095.14
1094.42
1093.64
1092.82
1091.95
1091.03
1090.08
1089.1
1088.1
1087.08
1086.06
1085.04
1084.03
1083.04
1082.08
1081.16
1080.29
1079.47
1078.72
1078.04
1077.45
1076.95
1076.55
1076.25
1076.06
1075.97
1075.99
1076.11
1076.33
1076.65
1077.06
1077.55
1078.12
1078.75
1079.43
1080.15
1080.9
1081.66
1082.42
1083.16
1083.86
1084.5
1085.06
1085.52
1085.85
1086.04
1086.07
1085.9
1085.53
1084.95
1084.11
1083.07
985.266
1053.87
1009.91
1099.58
1099.17
1099.54
1098.25
1063.33
976.052
1099.32
1097.72
1070.98
1078.75
1098.02
1058.38
1098.25
1080.56
1097.5
1083.61
1082.36
1085.67
1086.46
1076.73
1039.27
1021.45
1086.47
1079.18
1095.62
1096.17
1048.5
1025.44
980.337
989.653
1037.86
1099.68
1099.69
1095.49
1099.69
1099.68
992.74
1094.02
1098.25
1098.35
1098.33
1075.33
1077.67
1075.76
1001.48
1092.38
1096.64
1085.39
1096.04
1081.23
1093.66
1073.43
1075.29
1090.52
1004.58
1069.97
1005.31
1099.61
1096.58
1098.99
1022.98
1075.85
1096.1
1093.25
1095.97
1083.97
1082
1082.58
1071.11
1094.37
1073.6
1072.81
1097.11
1085.91
1096.84
1080.45
1045.91
1098.35
1076.55
1098.3
1079.04
1098.16
1082.13
1097.8
1084.84
1084.39
1026.01
1013.02
1088.53
1077.99
1067.04
1097.66
997.559
1075.57
1075.37
1098.31
1067.65
973.754
1051.59
1099.4
1062.88
1099.65
1060.76
1097.41
1098.81
1020.04
1099.64
1037.5
1099.52
1098.75
1098.47
1044.33
1097.26
977.766
1096.74
1099.69
1099.66
1099.69
983.716
1034.79
1094.65
1095.88
1076.66
1095.83
1082.94
1072.49
1048.8
1099.61
1099.5
1063.07
995.587
1097.11
1002.49
1098.4
1076.57
1068.95
1075.84
1024.82
1041.46
1099.66
1099.66
1098.5
1073.42
1096.01
1096.23
1073.6
1077.55
1082.2
1054.47
1073.34
1096.38
1095.36
1084.81
1096.89
1085.75
1096.89
1071.71
1071.74
1097.32
1085.87
1097.87
1097.92
1084.26
1081.35
1098.21
1078.33
1098.32
1076.11
1098.35
1079.79
1079.57
1098.09
1098.34
1098.28
1077.08
1082.89
1051.09
1097.66
1077.22
1085.32
1077.32
1098.34
1075.52
1098.08
1075.4
1081.38
1093.23
997.039
1043.51
1085.43
1022.14
1007.59
1089.54
1091.47
1004.11
1018.45
1087.51
1001.96
992.276
1083.36
1032.71
1065.12
1093.71
978.002
1076.24
1071.24
1094.78
990.21
1007.4
974.088
1099.01
1099.3
1099.48
1098.56
1099.62
1099.58
1014.78
1099.43
1040.21
1099.67
1099.67
1051.02
1099.18
1098.12
1023.17
1057.35
1099.69
1096.15
1030
978.235
1099.68
1099.69
987.285
1038.32
1096.55
1095.19
1080.28
1077.97
1096.01
1094.1
1073.91
1093.39
1096.32
1096.25
1082.99
1083.59
1099.15
1099.51
1098.25
1015.96
1099.65
1097.52
1085.37
996.73
1077.08
1080.41
1098.14
1098.44
1095.98
1098.55
1083.58
1079.28
1060.28
1095.42
1083.51
1074.11
1036.28
1030.43
1009.11
1094.47
1015.15
1092.86
1098.58
1074.53
1020.09
1090.99
1087.89
1096.33
1045.11
1095.36
1085.32
1082.95
1097.07
1073.7
1097.43
1077.41
1069.75
1043.62
1030.01
1067.61
1003.97
1046.56
1099.66
1004.4
997.526
1099.66
1099.65
1097.6
1096.21
1076.18
1084.41
1073.43
1095.44
1094.7
1073.82
1096.53
1080.11
1072.87
1085.13
1084.73
1097.71
1097.88
1098.48
1076.34
1098.57
1074.1
1098.58
1082.08
1079.55
1098.36
1098.24
1073.42
1087.82
1082.16
1084.61
1075.14
1075.81
1075.67
1098.58
1098.55
1073.54
1089.97
1081.34
1078.7
1023.15
1098.51
1051.97
1098.32
1065.64
1085.72
995.179
1070.04
1008.1
1098.8
1099.38
1011.21
1099.63
1099.42
1099.15
1021.89
1035.53
1095.92
1057.03
1099.6
1098.7
994.589
1060.88
1099.59
1044.22
1051.42
1099.56
1099.67
1000.19
1099.66
1027.75
1098.03
1081.23
1095.72
1096.31
1078.88
1074.82
1094.48
1075.2
1097.69
1071.11
1011.43
1052.5
1099.54
1016.17
1099.36
1063.89
1098.34
1012.62
1097.73
1020.09
1084.56
1072.93
1077.91
1075.07
1098.65
1098.77
1085.97
1080.25
1096.44
1030.32
1099.61
1099.62
1099.62
1098.8
1072.08
1098.73
1070.2
1037.8
1087.87
1078.18
1098.02
1073.53
1057.16
1047.64
1096.63
1075.54
1095.6
1097.31
1085.44
1075.65
1096.81
1097.88
1084.98
1096.96
1071.34
1084.25
1097.89
1084.21
1098.02
1067.72
1078.32
1064.63
1097.22
1073.76
1072.16
1089.79
1081.25
1082.86
1039.72
1033.1
1091.94
1017.56
1088.94
1082.42
1047.66
1074.19
1098.78
1098.7
1098.45
1073.76
1098.58
1082.64
1080.3
1056.23
1026.73
999.795
1086.81
1092.36
1077.87
1098.54
1098.39
1075.06
1098.58
1074.57
1099.57
1099
1099.45
1014.22
1042.59
1098.95
1095.25
1099.63
1013.42
1099.64
1098.55
1099.55
1093.68
1032.98
1012.35
1099.28
1099.3
1018.85
994.516
1059.03
1099.66
1095.2
1006.43
1016.04
1099.62
1099.52
1035.34
1095
1096.04
1080.8
1096.57
1096.62
1083.79
1081.95
1098.26
1081.65
1099.12
1094.19
1075.81
1073.65
1096.93
1070.32
1083.5
1097.8
1099.48
1049.2
1067.87
1072.4
1098.51
1091.63
1098.82
1028.23
1046.56
1059.19
1098.83
1099.34
1098.95
1027.13
1092.22
1096.85
1081.17
1077.06
1099.57
1098.22
1072.68
1098.8
1086.21
1083.85
1012.51
1061.71
1098.16
1011.46
1094.45
1022.28
1099.58
1099.59
1099.61
1040.13
1097.04
1096.91
1097.45
1084.31
1084.69
1075.8
1097.48
1073.74
1074.55
1098.07
1083.78
1069.46
1082.46
1072.57
1098.78
1065.9
1080.78
1073.83
1081.79
1073.37
1098.79
1097.88
1077.98
1078.89
1055.71
1079.1
1089.91
1035.07
1087.18
1049.5
1062.77
1071.5
1070.41
1098.8
1098.78
1071.5
1070.97
1092.97
1069.91
1076.94
1075.99
1081.44
1098.73
1098.75
1098.53
1098.6
1040.66
1070.15
1098.63
1099.23
1017.97
1027.89
1023.31
1099.47
1099.46
1018.49
1099.61
1099.62
1032.84
1014.11
1092.35
1029.71
1059.45
1029.76
1011.02
1054.87
1099.51
1050.1
1099.6
1037.75
1099.56
1097.22
1096.25
1079.53
1096.63
1083.43
1076.78
1095.81
1074.26
1080.99
1068.09
1062.09
1025.23
1099.54
1099.39
1096.64
1036.54
1066.41
1035.29
1059.84
1076.87
1025.33
1055.87
1099.14
1070.4
1098.97
1041.36
1082.84
1097.88
1070.65
1079.58
1074.48
1040.68
1099.55
1041.7
1090.43
1049.77
1085.08
1098.98
1069.79
1098.94
1065.81
1083.32
1097.54
1083.7
1097.52
1068.89
1088.87
1099.56
1095.1
1051.42
1096.93
1096.75
1083.68
1078.5
1096.62
1097.19
1097.91
1076.21
1076.77
1083.11
1098.38
1071.46
1083.18
1098.55
1098.21
1098.02
1098.97
1080.06
1098.62
1098.78
1079.85
1066.2
1075.74
1073.48
1098.91
1098.88
1071.39
1098.97
1070.18
1076.92
1076.89
1091.28
1032.38
1067.05
1085.05
1098.93
1095.34
1043.57
1074.81
1077.58
1026.87
1070.58
1052.49
1066.32
1098.39
1070.85
1093.93
1098.8
1052.26
1020.95
1099.51
1099.41
1031.46
1099.06
1047.01
1093.24
1099.6
1026.06
1099.24
1025.57
1098.53
1057.98
1093.55
1024.57
1099.45
1099.54
1099.52
1099.5
1044.9
1084.61
1082.37
1079.89
1096.95
1077.06
1096.47
1030.88
1098.12
1098.5
1099.08
1099.29
1098.28
1065.74
1078.37
1098.54
1079.28
1070.41
1074.52
1098.99
1059.44
1035.94
1099.43
1053.67
1094.82
1099.46
1071.1
1091.6
1082.53
1069.35
1061.53
1099.11
1081.83
1077.98
1097.02
1057.19
1080.93
1087.65
1047.13
1073.38
1027.32
1097.28
1092.23
1037.15
1099.54
1040
1097.24
1097.12
1099.49
1062.06
1081.33
1078.57
1097.26
1097.93
1082.28
1075.35
1082.55
1072.94
1097.59
1069.82
1079.05
1098.94
1098.65
1064.16
1098.71
1074.6
1099.03
1068.21
1099.06
1070.01
1085.86
1095.73
1065.1
1099.12
1067.71
1065.78
1054.68
1075.67
1082.23
1060.61
1082.98
1065.99
1069.08
1098.98
1089.71
1044.34
1078.27
1062.46
1098.86
1079.82
1073.76
1065.66
1067.91
1065.2
1098.4
1098.99
1098.97
1099.53
1098.93
1034.62
1042.68
1042.81
1099.46
1033.29
1099.29
1099.53
1038.54
1025
1060.01
1025.82
1099.41
1099.41
1051.77
1095.93
1091.26
1099.53
1039.2
1053.64
1082.57
1043.13
1099.46
1099.22
1095.03
1090.9
1099.39
1087.47
1059.81
1053.44
1047.61
1077.11
1074.91
1098.6
1066.83
1099.11
1098.82
1063.99
1058.11
1099.14
1050.79
1097.28
1061
1099.11
1065.77
1068.72
1098.78
1078.54
1072.3
1081.68
1075.51
1072.65
1059.3
1099.44
1092.84
1081.26
1098.89
1066.17
1099.32
1054.05
1099.23
1067.23
1065.51
1051.99
1046.7
1050.15
1099.44
1083.22
1079.82
1097.55
1077.88
1097.87
1098.26
1080.27
1081.8
1098.33
1071.99
1098.76
1075.81
1078.19
1098.85
1098.76
1098.93
1068.67
1071.86
1073.2
1070.61
1063.05
1099.2
1061.24
1099.36
1099.34
1099.16
1099.09
1099.38
1062.75
1092.98
1096.24
1076.59
1063.99
1060.06
1099.13
1088.7
1059.89
1072.27
1076.8
1098.7
1065.7
1069.9
1067.13
1098
1098.98
1067.81
1035.71
1055.6
1098.65
1099.44
1090.39
1032.73
1044.17
1028.97
1097.82
1037.55
1036.55
1099.45
1099.45
1089.17
1049.19
1057.51
1038.62
1080.01
1097.27
1097.19
1097.42
1038.71
1084.18
1098.95
1095.92
1097.59
1097.9
1098.41
1097.93
1080.94
1098.25
1078.57
1098.51
1077.43
1074.11
1098.75
1071.11
1070.46
1068.98
1099.13
1098.87
1098.97
1099.29
1047.98
1053.13
1061.27
1099.35
1096.67
1098.48
1097.55
1099.37
1056.33
1065.25
1095.47
1099.4
1059.42
1094.04
1098.17
1099.37
1052.82
1036.19
1053.16
1074.27
1088.03
1057.6
1086.56
1068.91
1099.15
1063.55
1099.15
1060.56
1081.12
1076.1
1098.72
1073.51
1077.04
1099.03
1099.05
1064.89
1067.58
1099.29
1067.66
1079.02
1061.16
1077.09
1079.29
1066.54
1074.08
1086.46
1069.99
1099.06
1099.14
1084.85
1060.69
1060.12
1056.22
1098.48
1071.27
1074.42
1099.14
1099.43
1051.05
1048.6
1088.04
1044.74
1045.8
1099.32
1099.06
1041.64
1099.46
1059.72
1094.02
1049.28
1079.59
1055.36
1097.58
1079.87
1079.46
1073.15
1073.49
1064.45
1099.21
1099.19
1099.21
1099.34
1046.63
1045.51
1064.85
1099.25
1061.73
1078.78
1049.36
1098.59
1053.36
1052.61
1092.68
1092.5
1099.24
1075.91
1054.47
1062.95
1099.35
1091.24
1085.08
1059.06
1065.65
1079.56
1098.18
1074.88
1069.44
1099.14
1055.18
1052.76
1060.41
1099.37
1098.02
1089.65
1099.36
1040.16
1037.26
1096.72
1055.98
1099.4
1097.92
1080.35
1075.68
1098.22
1077.88
1098.47
1076.78
1075.5
1098.67
1076.2
1098.83
1072.66
1098.96
1072.02
1099.22
1067.71
1066.04
1062.85
1099.26
1056.68
1044.83
1058.02
1097.78
1063
1063.68
1098.33
1099.25
1097.03
1066.47
1099.29
1060.22
1099.25
1058.6
1060.59
1056.07
1098.97
1099.26
1057.79
1090.91
1082.18
1098.87
1099.29
1099.04
1083.19
1072.88
1062.95
1089.2
1070.75
1064.39
1099.22
1077.73
1080.57
1068.89
1081.39
1067.33
1087.25
1047.29
1099.15
1048.27
1099.31
1099.06
1044.79
1099.27
1096.1
1098.71
1046.21
1095.05
1050.72
1093.91
1055.23
1053.94
1065.87
1099.13
1079.56
1083.65
1085.19
1060.87
1045.33
1054.56
