315.685
293.856
293.852
315.694
315.141
313.598
311.347
308.725
305.987
303.284
300.783
298.519
296.473
293.84
293.857
293.881
293.897
293.906
293.893
293.999
293.838
293.852
296.475
298.5
300.779
303.303
305.99
308.724
311.339
313.588
315.149
316.299
318.303
327.483
336.421
337.708
335.547
327.745
318.242
316.291
305.949
296.396
323.165
305.384
300.905
296.266
323.399
310.007
296.275
311.602
320.736
300.273
296.247
317.479
314.287
308.756
308.57
305.676
308.055
305.286
307.652
309.788
307.37
304.609
306.734
309.985
308.867
305.641
311.972
313.23
310.081
313.681
310.745
312.819
307.068
317.396
312.134
315.154
314.173
316.573
317.455
320.191
315.054
318.525
311.141
316.38
323.249
303.028
302.68
296.881
298.029
298.077
299.8
299.462
301.612
302.019
304.231
302.973
300.566
302.319
300.162
302.29
300.154
298.175
298.151
298.189
296.307
302.389
307.584
296.272
303.242
300.63
299.353
298.337
296.291
312.47
298.22
310.711
313.366
297.571
314.03
317.75
298.25
306.747
300.329
315.641
304.949
320.036
320.295
309.309
311.38
299.967
325.041
304.033
296.244
315.669
296.341
315.698
303.999
304.696
312.883
302.452
298.229
