299.474
294.146
231.365
298.318
299.462
299.425
299.363
299.274
299.159
299.016
298.845
298.644
298.415
298.156
297.867
297.549
297.206
296.837
296.442
296.026
295.609
295.179
294.77
232.841
237.037
244.202
253.361
262.423
269.873
275.762
280.181
283.533
286.109
288.115
289.688
290.925
291.894
292.646
293.217
293.635
293.92
294.088
245.93
255.283
263.285
270.042
275.564
280.001
283.688
286.693
289.15
291.176
292.841
294.202
295.307
296.194
296.894
297.43
297.841
298.108
298.267
298.327
298.353
298.396
298.453
298.522
298.603
298.693
298.779
298.875
298.963
299.053
299.136
299.212
299.28
299.337
299.388
299.424
299.452
299.469
292.48
287.01
298.952
297.849
272.868
298.625
298.894
283.439
292.55
295.893
299.193
296.813
258.726
298.398
299.396
295.696
268.961
297.675
299.29
290.419
293.84
298.489
281.526
288.856
298.808
248.36
298.306
299.444
294.516
288.906
289.57
287.788
288.617
286.614
289.514
287.728
288.938
290.499
291.569
292.685
292.699
291.619
292.92
293.776
294.024
293.372
294.418
294.836
295.387
294.711
295.872
295.117
296.381
296.399
295.942
294.684
295.496
296.559
294.19
295.069
293.669
294.645
295.491
293.24
292.578
291.348
290.51
288.849
295.166
296.21
296.914
297.369
297.647
297.759
297.991
298.278
298.086
298.21
298.465
298.411
298.646
298.582
298.842
298.71
298.481
287.148
291.83
293.584
292.96
294.166
294.137
295.117
294.79
295.776
295.521
296.193
296.301
295.459
298.906
298.668
299.004
296.808
296.804
298.608
286.801
291.924
295.951
296.604
288.062
285.832
284.284
283.269
296.812
297.307
297.134
297.557
297.709
298.356
281.324
277.928
294.899
298.236
298.045
299.053
297.437
297.139
296.448
298.391
285.643
296.397
298.198
298.015
298.224
298.578
299.157
299.074
298.976
296.997
299.219
275.672
282.907
274.077
277.294
285.228
297.081
292.196
293.334
294.129
297.16
296.808
299.237
297.347
297.785
271.162
269.57
273.67
298.13
297.892
295.107
298.45
280.378
277.735
295.926
298.692
298.489
298.705
297.252
295.747
294.751
293.902
292.7
293.547
294.704
294.201
295.115
294.708
295.353
295.575
295.711
296.069
295.194
299.156
296.922
298.649
298.543
298.308
298.236
293.687
292.419
294.782
298.277
298.07
296.224
296.529
269.051
297.883
285.127
288.762
299.053
290.267
296.395
297.157
297.925
297.984
297.689
298.061
297.981
298.406
298.209
299.292
298.139
297.854
298.337
292.335
290.93
290.759
288.874
289.193
287.137
269.317
263.384
274.319
278.441
296.001
278.221
296.425
279.644
281.953
284.755
285.567
293.864
294.994
299.033
298.967
298.88
299.046
298.945
264.211
299.114
298.889
295.801
252.97
263.056
291.608
297.524
297.179
297.431
297.085
297.283
297.594
287.092
288.985
298.19
296.798
297.494
296.633
296.432
297.285
292.735
284.574
282.811
295.385
295.292
290.996
299.42
299.415
299.426
299.362
299.339
299.287
299.185
299.16
299.056
283.196
281.272
298.479
297.981
294.31
298.326
299.391
296.493
297.041
293.281
294.247
287.456
289.384
290.69
294.245
293.863
293.05
294.275
289.764
284.183
293.171
298.706
298.516
294.501
295.838
295.813
265.933
259.865
297.522
297.5
299.05
297.891
291.892
275.243
279.396
295.656
277.592
286.474
283.944
298.743
291.366
295.319
280.435
298.937
297.697
298.16
290.288
296.823
298.515
298.805
282.886
297.282
298.819
296.196
298.959
290.392
293.606
293.898
295.707
298.872
296.446
292.053
291.032
297.904
294.798
297.298
298.147
296.786
299.298
290.939
295.256
268.771
296.377
289.859
298.33
298.047
296.021
294.666
296.295
292.307
294.914
256.497
295.917
297.186
297.559
297.763
297.825
297.471
291.621
297.727
297.448
297.676
254.974
292.136
293.036
293.739
294.286
294.678
285.668
287.9
297.078
298.675
298.801
298.597
298.538
298.465
298.756
298.268
298.346
298.823
299.117
299.324
297.746
298.171
298.901
295.063
296.697
298.719
295.717
281.689
298.14
286.648
296.713
293.694
298.296
296.993
262.598
299.369
290.865
295.308
297.546
299.182
274.326
296.054
299.028
299.112
246.111
299.458
294.686
299.358
298.453
298.856
299.221
299.264
298.279
299.261
299.36
298.999
298.012
297.394
296.926
297.896
