287.933
274.948
215.578
282.592
287.879
287.715
287.444
287.069
286.592
286.02
285.358
284.615
283.803
282.935
282.011
281.057
280.097
279.148
278.224
277.354
276.608
275.906
275.316
215.673
216
216.602
217.555
219.101
221.547
225.48
231.396
239.026
246.984
253.956
259.54
263.874
267.219
269.793
271.749
273.192
274.186
274.765
222.748
230.196
236.624
242.683
248.248
253.255
257.808
261.876
265.489
268.687
271.498
273.944
276.051
277.839
279.322
280.509
281.45
282.085
282.467
282.624
282.725
282.891
283.115
283.391
283.719
284.092
284.47
284.889
285.298
285.719
286.125
286.508
286.859
287.168
287.443
287.647
287.806
287.901
270.857
250.611
285.274
281.949
229.309
283.88
285.545
257.39
267.941
277.222
286.437
279.062
224.191
282.955
287.504
276.645
241.432
281.077
287.134
260.956
272.264
284.061
238.527
265.01
284.627
222.611
282.601
287.773
274.573
256.181
258.617
254.001
257.075
253.014
259.949
256.527
259.843
262.759
265.566
267.928
268.383
266.304
269.333
271.048
271.964
270.806
273.116
273.967
275.397
273.918
276.683
275.028
277.882
278.071
277.039
274.262
276.105
278.571
273.38
275.275
272.499
274.495
276.287
271.372
270.325
267.935
266.799
263.917
275.665
277.868
279.43
280.651
281.416
281.725
282.415
283.268
282.648
283.101
283.901
283.766
284.542
284.362
285.272
284.83
284.028
256.99
265.612
270.037
268.324
271.51
271.407
274.06
273.169
275.857
275.153
277.02
277.308
275.058
285.544
284.543
285.884
278.769
278.764
284.477
260.574
269.367
277.32
278.753
261.974
258.245
256.732
254.12
279.24
280.409
279.962
280.952
281.382
283.43
252.467
247.801
275.177
283.199
282.587
286.096
280.619
279.736
277.754
283.719
253.185
277.65
282.898
282.133
282.769
284.092
286.49
286.13
285.831
279.613
286.773
246.508
255.562
242.72
244.683
256.092
279.901
269.2
269.29
271.595
279.826
278.848
286.789
280.376
281.435
241.406
237.013
238.947
282.864
282.054
274.092
283.617
247.123
241.762
276.451
284.784
284.06
284.576
280.299
276.907
274.928
273.234
267.622
270.173
273.362
272.221
274.671
273.842
275.438
275.745
276.294
276.975
275.312
286.418
279.422
284.202
283.783
282.94
282.689
272.909
270.618
275.016
283.327
282.636
277.555
278.15
231.204
281.894
254.296
260.664
285.976
260.976
277.771
279.886
282.166
282.37
281.162
282.098
281.85
283.138
282.405
286.996
282.867
281.94
282.868
270.56
268.063
267.914
264.931
265.232
262.07
240.974
235.38
246.106
250.699
277.147
251.016
278.15
251.304
254.901
258.63
249.084
273.313
275.438
285.655
285.429
285.036
285.801
285.446
230.678
286.044
284.987
276.107
223.255
224.97
264.826
280.975
280.011
280.683
279.71
280.215
281.136
258.318
262.088
283.038
278.927
280.901
278.763
278.346
280.191
271.056
244.457
244.228
275.17
274.729
262.689
287.638
287.647
287.713
287.424
287.297
287.106
286.688
286.568
286.171
250.004
245.216
283.505
281.791
271.972
283.5
287.515
278.494
279.8
270.378
273.803
260.083
263.645
265.535
273.641
272.436
270.618
273.172
265.877
248.987
271.707
284.84
284.155
272.645
276.988
276.011
235.874
229.834
281.058
280.926
286.154
281.752
267.494
235.774
239.75
276.732
233.282
261.521
257.876
284.352
268.611
276.051
249.635
285.499
281.48
282.938
263.162
279.104
283.988
285.192
251.832
280.413
285.113
277.75
285.662
264.213
270.326
272.223
276.485
285.45
278.395
268.415
263.323
282.168
273.304
280.246
282.383
279.176
287.087
266.666
274.711
226.876
278.237
265.169
283.176
282.403
276.581
273.3
277.413
266.503
275.183
229.355
276.606
280.048
281.139
281.69
281.912
280.777
264.551
281.544
280.674
281.373
229.509
266.145
268.978
271.249
273.04
274.35
259.454
262.856
279.581
284.16
284.66
283.86
283.513
283.216
284.639
282.617
282.752
285.04
286.16
287.115
281.619
282.269
285.567
275.661
278.69
284.887
276.864
254.912
282.17
261.618
278.551
272.975
283.394
279.561
235.73
287.469
268.16
275.886
280.801
286.685
246.756
277.356
286.047
286.355
222.482
287.855
275.115
287.299
283.351
285.059
286.645
286.801
282.508
286.977
287.336
285.695
282.455
280.51
279.209
281.604
