269.952
249.357
210.473
264.983
269.871
269.628
269.224
268.662
267.945
267.078
266.07
264.928
263.663
262.292
260.822
259.278
257.693
256.1
254.531
253.042
251.764
250.603
249.834
210.501
210.59
210.742
210.955
211.262
211.675
212.229
212.989
214.076
215.698
218.215
222.077
227.37
233.28
238.627
242.82
245.837
247.846
248.99
215.675
220.45
225.325
229.842
234.132
238.154
241.925
245.403
248.586
251.479
254.083
256.4
258.434
260.187
261.663
262.858
263.813
264.462
264.854
265.011
265.1
265.245
265.443
265.688
265.981
266.319
266.659
267.045
267.422
267.816
268.2
268.565
268.902
269.199
269.47
269.668
269.825
269.92
253.464
221.722
267.384
260.767
216.414
266.097
266.38
241.52
236.584
259.568
268.474
256.007
215.387
265.284
269.509
251.879
228.833
263.427
268.775
227.894
244.183
264.103
218.383
248.128
266.787
215.256
264.974
269.772
248.501
224.369
229.475
226.935
231.529
229.6
235.604
233.799
237.664
239.332
242.834
244.462
246.183
244.838
248.171
249.319
251.136
250.616
252.906
253.493
255.318
254.044
257.019
255.64
258.002
258.77
257.974
255.297
257.31
259.747
254.746
256.75
254.178
256.225
258.079
252.615
251.957
249.541
248.881
246.161
257.646
259.731
260.419
261.883
262.518
263.165
263.749
264.805
264.269
264.348
265.373
264.947
265.975
265.493
266.707
265.909
264.808
236.235
241.239
246.121
243.411
247.435
246.536
250.199
249.638
252.727
252.306
254.362
255.141
251.005
266.88
266.21
267.449
256.739
257.371
265.206
243.139
251.375
259.333
260.811
243.835
240.495
239.808
236.916
261.18
262.427
262.073
263.119
263.479
265.205
236.233
232.451
257.323
263.64
263.09
267.64
262.847
258.311
255.124
264.107
232.293
256.379
264.748
264.3
264.888
265.996
268.202
267.827
267.128
261.806
268.481
232.05
239.313
228.484
229.118
237.777
261.28
250.319
242.896
245.321
259.012
258.144
268.642
262.651
263.701
228.15
224.218
224.686
263.767
263.769
251.561
265.58
229.957
225.564
255.39
265.454
264.379
266.431
261.126
259.051
257.201
255.406
239.56
242.467
247.411
245.138
249.114
247.477
250.171
250.99
251.597
253.016
249.758
268.263
261.678
266.254
265.884
265.128
264.907
255.24
253.052
257.369
263.276
262.204
253.627
254.939
219.122
263.914
235.019
239.988
267.803
233.875
257.235
259.676
261.754
262.426
263.463
264.394
264.177
265.386
264.75
268.951
262.415
261.084
265.154
253.119
250.655
250.665
247.961
248.054
245.222
228.256
224.098
232.156
235.751
252.828
236.269
254.454
235.833
239.115
242.233
224.937
255.781
257.824
267.736
267.465
267.107
267.805
267.374
219.702
268.1
267.117
252.063
215.299
215.4
232.103
259.186
257.598
258.837
257.245
258.299
259.786
238.811
242.423
262.516
258.863
261.118
261.094
260.647
262.525
253.286
219.778
223.379
254.383
253.122
232.556
269.642
269.583
269.639
269.253
269.141
268.78
268.159
268.07
267.39
231.016
226.712
265.659
264.156
248.79
264.334
269.46
260.197
261.614
240.729
255.768
241.385
244.732
245.837
246.759
253.302
251.277
253.767
248.378
228.017
253.679
265.303
264.353
250.473
258.576
254.116
224.041
219.662
262.616
262.847
267.303
263.971
247.041
220.93
222.1
258.978
217.283
245.06
241.813
266.534
250.945
250.846
233.136
267.308
263.297
262.941
241.362
259.605
265.702
266.222
233.994
262.098
266.764
259.129
267.33
243.608
247.553
252.554
251.728
266.434
260.557
248.849
237.766
263.158
248.256
262.547
264.641
260.715
268.942
247.721
249.779
215.785
260.481
246.846
265.207
264.338
253.312
252.047
254.144
240.284
249.394
219.66
256.287
260.389
261.829
261.811
262.495
260.462
236.633
261.165
259.806
260.494
219.924
236.029
239.584
242.91
245.785
247.977
242.612
245.616
257.606
266.311
266.782
266.034
265.776
265.514
266.643
264.935
265.106
266.86
268.117
269.129
260.355
264.633
266.486
250.21
255.555
265.463
259.177
239.311
264.545
245.03
255.959
255.403
263.201
261.862
224.583
269.275
250.971
250.59
263.125
268.102
232.895
253.093
267.307
267.877
215.412
269.851
249.492
269.309
265.555
267.021
268.599
268.823
264.892
268.67
269.305
267.594
261.687
259.109
256.675
263.954
