285.047
270.865
214.433
279.52
284.987
284.808
284.511
284.099
283.576
282.947
282.22
281.403
280.509
279.553
278.535
277.483
276.423
275.376
274.36
273.406
272.594
271.843
271.234
214.506
214.753
215.202
215.895
216.985
218.656
221.29
225.436
231.533
239.077
246.612
253.045
258.124
262.029
265.003
267.242
268.881
270.005
270.658
221.137
228.087
234.159
239.953
245.309
250.17
254.623
258.634
262.221
265.416
268.237
270.705
272.84
274.658
276.17
277.384
278.348
279
279.391
279.553
279.656
279.826
280.054
280.338
280.674
281.057
281.446
281.879
282.302
282.737
283.159
283.558
283.924
284.246
284.534
284.747
284.913
285.013
267.589
243.964
282.276
278.471
225.785
280.837
282.428
254.2
262.897
274.028
283.482
275.285
222.03
279.89
284.595
272.631
238.733
277.965
284.172
254.993
267.802
280.797
232.96
261.738
281.608
220.909
279.529
284.877
270.406
249.752
252.842
248.14
251.758
247.85
255.036
251.733
255.329
258.154
261.205
263.56
264.221
262.182
265.368
267.057
268.14
267.046
269.423
270.262
271.794
270.301
273.18
271.518
274.388
274.662
273.633
270.797
272.714
275.243
269.947
271.905
269.098
271.148
272.991
267.87
266.868
264.419
263.35
260.438
272.384
274.619
276.102
277.393
278.167
278.527
279.228
280.135
279.503
279.928
280.783
280.611
281.445
281.225
282.205
281.707
280.839
252.646
261.001
265.708
263.785
267.235
267.042
269.939
269.036
271.899
271.189
273.165
273.515
270.973
282.479
281.471
282.857
275.058
275.118
281.301
257.088
265.958
274.08
275.553
258.367
254.627
253.27
250.515
276.035
277.244
276.797
277.819
278.252
280.329
249.063
244.494
271.912
279.939
279.309
283.076
277.483
276.13
273.938
280.475
248.627
273.972
279.787
279.031
279.682
281.029
283.505
283.127
282.775
276.45
283.801
243.418
252.237
239.559
241.192
252.276
276.639
265.623
264.65
267.119
276.288
275.284
283.832
277.24
278.324
238.503
234.078
235.606
279.642
278.9
270.116
280.543
243.263
237.924
272.751
281.616
280.824
281.525
276.977
273.678
271.678
269.934
262.717
265.496
269.034
267.747
270.463
269.538
271.303
271.654
272.248
273.012
271.164
283.443
276.263
281.157
280.727
279.864
279.608
269.63
267.314
271.781
280.02
279.26
273.633
274.308
228.212
278.77
250.182
256.484
282.98
255.687
274.187
276.42
278.771
279.034
278.047
279.007
278.755
280.073
279.326
284.059
279.5
278.491
279.798
267.278
264.74
264.62
261.639
261.902
258.748
238.223
232.885
243.154
247.592
273.181
247.973
274.281
248.071
251.677
255.34
243.423
270.065
272.216
282.669
282.43
282.025
282.815
282.438
228.093
283.073
281.978
272.084
221.373
222.541
259.356
277.396
276.331
277.083
276.01
276.586
277.602
254.302
258.163
279.672
275.445
277.524
275.599
275.169
277.057
267.723
238.087
239.064
271.46
270.894
257.179
284.736
284.738
284.807
284.495
284.363
284.146
283.688
283.566
283.122
245.77
240.853
280.444
278.697
267.824
280.295
284.601
275.238
276.593
265.667
270.479
256.302
259.919
261.708
269.356
268.896
266.996
269.607
262.494
244.158
268.341
281.654
280.911
268.654
273.677
272.191
233.217
227.515
277.854
277.763
283.097
278.645
263.588
232.023
235.274
273.514
228.796
258.275
254.649
281.323
265.249
271.991
246.067
282.481
278.32
279.619
258.861
275.701
280.901
282.079
247.984
277.206
282.062
274.429
282.636
260.172
266.159
268.59
272.454
282.344
275.2
264.693
258.414
278.931
269.033
277.11
279.296
275.915
284.144
263.013
270.539
223.933
275.049
261.602
280.093
279.285
272.647
269.46
273.524
261.703
271.045
227.204
273.01
276.656
277.828
278.333
278.618
277.334
259.425
278.125
277.166
277.895
227.422
260.963
264.109
266.646
268.649
270.114
256.077
259.464
275.915
281.122
281.638
280.814
280.462
280.157
281.606
279.541
279.683
282.004
283.185
284.188
278.117
279.187
282.459
271.578
274.885
281.714
273.658
251.735
279.086
258.346
274.779
269.714
280.076
276.41
233.288
284.539
264.883
271.803
277.68
283.679
243.849
273.409
282.996
283.345
220.864
284.963
271.012
284.381
280.289
282.038
283.691
283.861
279.433
284.013
284.415
282.694
279.039
276.942
275.477
278.504
