296.794
288.447
222.562
293.525
296.764
296.672
296.519
296.307
296.037
295.711
295.332
294.903
294.43
293.92
293.371
292.795
292.205
291.607
291.009
290.423
289.887
289.334
288.795
222.948
224.3
226.953
231.543
238.535
247.178
255.984
263.42
269.293
273.847
277.399
280.199
282.423
284.191
285.585
286.662
287.465
288.022
288.346
232.161
242.061
250.011
256.856
262.822
267.954
272.441
276.277
279.55
282.352
284.743
286.771
288.477
289.894
291.048
291.959
292.671
293.147
293.432
293.546
293.612
293.721
293.866
294.045
294.255
294.492
294.728
294.989
295.24
295.496
295.74
295.968
296.174
296.354
296.514
296.631
296.722
296.776
284.215
274.871
295.223
293.331
253.223
294.349
295.437
272.096
284.646
289.41
295.924
291.555
239.424
293.754
296.549
289.948
255.614
292.388
296.344
280.807
287.055
294.578
265.753
279.144
294.823
233.187
293.522
296.703
288.355
278.148
279.204
276.196
277.594
274.412
279.057
276.273
278.227
280.643
282.362
284.179
284.189
282.482
284.567
285.955
286.374
285.332
287.035
287.726
288.66
287.526
289.491
288.206
290.396
290.408
289.602
287.504
288.84
290.667
286.722
288.134
285.923
287.454
288.815
285.225
284.247
282.392
281.241
278.864
288.282
290.002
291.322
292.146
292.699
292.869
293.354
293.912
293.488
293.825
294.335
294.271
294.753
294.662
295.217
294.966
294.482
275.602
282.801
285.699
284.705
286.713
286.732
288.381
287.758
289.505
289.006
290.232
290.375
289.046
295.394
294.742
295.591
291.331
291.259
294.774
276.015
283.314
289.553
290.638
277.606
274.475
272.617
270.942
291.02
291.878
291.542
292.276
292.587
294.009
268.732
264.372
287.852
293.98
293.57
295.723
292.031
291.911
290.713
294.324
273.195
290.487
293.649
293.132
293.574
294.449
295.955
295.737
295.576
291.276
296.125
262.187
271.062
259.497
262.754
273.337
291.589
283.606
285.489
286.93
291.898
291.219
296.131
291.851
292.64
256.923
253.772
257.655
293.705
293.072
288.244
294.137
266.265
262.166
289.623
294.975
294.55
294.762
291.964
289.205
287.616
286.309
284.538
286.071
288.006
287.282
288.79
288.234
289.246
289.475
289.794
290.251
289.114
295.909
291.128
294.531
294.261
293.702
293.533
285.989
284.105
287.662
294.117
293.709
290.599
290.989
250.515
292.952
272.821
278.112
295.64
280.324
290.446
291.851
293.402
293.482
292.443
293.13
292.957
293.853
293.368
296.253
293.86
293.299
293.677
283.997
281.959
281.746
279.141
279.528
276.737
255.587
249.286
261.084
265.834
290.316
265.79
290.966
266.971
270.054
273.603
272.571
286.26
287.988
295.455
295.311
295.069
295.538
295.315
246.864
295.69
295.046
289.713
235.731
242.667
282.931
292.744
292.151
292.56
291.963
292.264
292.82
275.781
278.617
293.977
291.166
292.477
290.617
290.295
291.715
284.551
270.745
268.278
288.665
288.524
281.674
296.626
296.632
296.67
296.506
296.431
296.325
296.087
296.013
295.791
269.823
266.673
294.083
292.925
286.897
294.132
296.556
290.504
291.451
285.999
286.834
276.546
279.365
281.2
287.829
286.179
284.88
286.827
280.256
270.753
285.182
295.03
294.622
287.18
289.4
289.46
250.93
243.903
292.388
292.261
295.786
292.865
282.977
257.83
263.324
289.045
259.704
275.979
272.678
294.65
282.544
289.485
267.068
295.346
292.663
293.859
280.369
291.184
294.38
295.199
269.953
291.913
295.106
290.02
295.449
280.634
285.687
286.206
289.881
295.364
290.35
283.308
281.533
293.227
287.968
291.755
293.326
291.037
296.308
281.689
288.845
248.244
290.217
280.196
293.844
293.308
289.989
287.442
290.525
283.691
288.876
241.943
289.583
291.873
292.568
293.022
293.109
292.47
282.639
292.989
292.471
292.932
241.394
283.696
285.328
286.629
287.657
288.408
274.654
277.665
291.858
294.519
294.838
294.325
294.116
293.924
294.809
293.51
293.622
295.057
295.754
296.323
293.125
293.277
295.443
289.156
291.326
295.049
289.135
269.851
293.209
276.163
291.228
286.003
294.174
291.233
249.128
296.533
281.911
289.415
292.176
296.088
261.367
290.436
295.711
295.882
232.099
296.75
288.668
296.43
293.988
295.074
296.045
296.139
293.46
296.248
296.451
295.468
293.624
292.418
291.648
292.782
