1057.16
1046.54
993.79
1048.38
1036.45
1036.04
1049.85
1057.11
1056.94
1056.68
1056.3
1055.83
1055.24
1054.56
1053.77
1052.88
1051.9
1050.82
1049.62
1049.63
1050.82
1051.69
1052.53
1053.16
1053.64
1054
1054.11
1054.18
1054.1
1053.88
1053.59
1053.07
1052.58
1051.97
1051.28
1050.56
1049.64
1048.8
1047.91
1046.97
1046.07
1044.96
1044.03
1043.07
1042.1
1041.2
1040.1
1039.24
1038.36
1037.54
1036.74
1035.82
1035.09
1034.42
1033.77
1033.2
1032.42
1031.92
1031.46
1031.02
1030.65
1030.02
1029.71
1029.44
1029.19
1028.99
1028.44
1028.27
1028.16
1028.04
1027.96
1027.41
1027.33
1027.33
1027.29
1027.27
1026.65
1026.61
1026.67
1026.68
1026.68
1025.89
1025.85
1025.95
1025.99
1025.96
1024.92
1024.82
1024.95
1025.01
1024.91
1023.49
1023.3
1023.45
1023.51
1023.28
1021.31
1020.94
1021.09
1021.12
1020.65
1017.84
1017.13
1017.22
1017.18
1016.25
1012.12
1010.8
1010.78
1010.68
1009.11
1003.15
1001.22
1001.86
1002.81
1001.13
993.642
993.793
999.685
1001.19
1005.13
1010.81
1016.75
1022.75
1028.49
1033.36
1037.56
1041.33
1044.18
1045.94
1047.8
1048.83
1049.65
1050.28
1050.74
1051.05
1051.23
1051.29
1051.25
1051.12
1050.92
1050.65
1050.34
1049.99
1049.6
1049.19
1048.76
1048.33
1047.88
1047.44
1047
1046.56
1046.14
1045.72
1045.31
1044.91
1044.53
1044.15
1043.79
1043.45
1043.11
1042.79
1042.48
1042.19
1041.91
1041.65
1041.4
1041.16
1040.94
1040.74
1040.55
1040.38
1040.22
1040.09
1039.97
1039.88
1039.81
1039.76
1039.74
1039.75
1039.78
1039.85
1039.95
1040.08
1040.24
1040.45
1040.69
1040.98
1041.31
1041.68
1042.09
1042.55
1043.06
1043.61
1044.21
1044.86
1045.55
1046.28
1047.05
1047.86
1048.71
1049.58
1050.48
1051.41
1052.34
1053.29
1054.24
1055.19
1056.13
1057.04
1057.93
1058.78
1059.58
1060.32
1061
1061.6
1062.12
1062.54
1062.85
1063.05
1063.13
1063.07
1062.88
1062.54
1062.05
1061.4
1060.59
1059.61
1058.47
1034.37
1052.61
1038.79
1042.01
1050.17
1048.79
1050.72
1054.86
1032.25
1041.24
1040.09
1055.28
1044.14
1016.21
1027.3
1020.48
1060.26
1008.33
1062.48
1042.01
1063.01
1027.07
1046.21
1027.7
1028.24
1040.61
1056.51
1023.17
1049.65
1050.17
1043.4
1031.16
1030.08
1047.29
1046.26
1044.29
1039.69
1045.44
1043.23
1029.78
1039.63
1025.92
1024.02
1022.52
1050.42
1056.98
1053.23
1029.19
1039.68
1000.41
1061.33
1005.69
1057.57
1042.52
1053.07
1054.17
1039.85
1029.09
1055.54
1037.26
1047.96
1026.33
1040.79
1041.57
1047.79
1000.27
1047.18
1001.75
1059.53
1057.95
1058.22
1050.95
1048.2
1053.85
1054.49
1006.69
1062.48
1050.12
1042.98
1027.85
1024.12
1055.13
1020.79
1058.72
1016.85
1061.54
1012.3
1062.99
1041.22
1028.31
1028.65
1040.15
1044.78
1026.9
1025.75
1035.73
1048.64
1051.34
1025.65
1055.44
1033.33
1051.81
1049.54
1054.5
1042.6
1053.94
1050.44
1050.59
1040.61
1047.53
1046.41
1041.74
1040.59
1040.41
1049.24
1039.96
1031.79
1039.85
1045.04
1047.11
1043.92
1030.76
1045.4
1034.19
1017.19
1055.05
1000.09
1058.4
1052.1
1051.37
1046.5
1041.48
1055.67
1033.62
1039.71
1032.33
1040.17
1043.91
1056.67
1028.87
1042.71
1048.6
1043.57
1044.62
1027.13
1050.22
1023.85
1047.81
1055.02
1056.16
1058.68
1053.1
1053.26
999.569
1049.02
1060.52
1003.36
1061.98
1048.3
1054.97
1052.03
1008.32
1062.82
1050.64
1015
1062.79
1060.94
1018.7
1057.87
1021.3
1054.18
1023.7
1059.52
1043.54
1016.01
1023.7
1021.18
1056.06
1062.06
1027.7
1009.58
1026.73
1063.07
1045.47
1024.85
1052.28
1025.53
1049.51
1042.47
1039.64
1029.48
1027.56
1040.89
1028.45
1028.92
1039.98
1039.75
1028.99
1028.39
1040.36
1036.49
1035.02
1041.59
1028.01
1055.22
1026.88
1033.91
1046.98
1055.52
1039.65
1030.03
1037.95
1032.77
1050.41
1049.88
1049.18
1050.7
1042.3
1048.38
1039.7
1041.48
1048.29
1042.91
1046.68
1051.07
1041.01
1040.24
1042.39
1053.31
1044.66
1039.76
1044.39
1031.55
1045.85
1043.57
1030.38
1047.56
1039.59
1028.93
1057.1
1055.83
1011.31
1038.75
1053.19
1045.38
1006.72
1002.66
1059.07
1059.36
1048.74
1047.6
1049.03
1040.1
1042.6
1010.22
1062.64
1035.72
1057.68
1060.76
1016.42
1021.14
1039.09
1024.29
1062.61
1042.24
1029.32
1028.03
1040.64
1046.77
1030.01
1044.67
1031.53
1039.36
1030.95
1039.32
1026.1
1053.98
1030.71
1039.36
1039.7
1044.89
1049.71
1035.02
1061.8
1059.64
1006.69
1056.2
1048.65
1043.31
1028.85
1029.59
1030.09
1056.46
1036.99
1050.48
1043.24
1032.06
1033.18
1044.26
1045.36
1039.85
1017.91
1055.29
1060.33
1054.19
1047.18
1043.5
1055.69
1003.67
1057.62
1056.54
1062.83
1062.89
1012.06
1013.78
1021.72
1056.79
1024.63
1053.04
1026.57
1061.88
1060.08
1027.67
1017.76
1049.31
1028.65
1028.86
1040.34
1045.26
1044.56
1055.87
1024.88
1026.8
1051.15
1039.44
1041.35
1059.33
1030.53
1022.54
1029.47
1019.21
1056.15
1040.09
1035.06
1056.75
1037.67
1049.03
1048.24
1038.42
1046.12
1041.23
1040.76
1041.8
1046.59
1039.49
1053.85
1042.02
1040.35
1034.05
1055.15
1046.88
1049.55
1052.23
1041.74
1043.91
1032.7
1044.99
1043.72
1040
1058.21
1029.66
1012.12
1056.94
1054.31
1046.38
1057.3
1014.09
1057.8
1036.86
1052.55
1045.14
1038.88
1040.63
1056.3
1019.94
1035.25
1039.48
1033.65
1062.35
1043.54
1059.77
1057.36
1024
1026.52
1030.48
1040.22
1024.7
1043.92
1043.9
1042.39
1043.34
1028.13
1053.66
1029.28
1049.89
1031.92
1038.66
1057.12
1027.97
1048.43
1054.2
1050.67
1039.21
1055.31
1044.28
1008.42
1062.3
1056.79
1005.03
1048.9
1061.15
1045.38
1056.69
1062.54
1015.85
1062.81
1015.19
1057.25
1042.75
1029
1028.02
1047.58
1044.2
1030.32
1061.36
1062.3
1029.87
1030.05
1039.32
1030.82
1039.56
1040.97
1029.47
1056.46
1027.01
1024.72
1021.09
1052.09
1026.72
1039.66
1041.77
1029.47
1030.24
1036.35
1039.88
1028.25
1058.53
1023.55
1020.39
1054.93
1025.38
1045.99
1044.84
1048.92
1047.93
1034.77
1048.76
1040.55
1038.99
1042.31
1039.26
1045.74
1049.07
1047.24
1039.33
1045.63
1031.18
1048.51
1040.99
1040.93
1034.51
1054.54
1042.91
1039.41
1031.81
1034.35
1043.01
1041.09
1045.79
1039.68
1035.77
1058.57
1018.84
1008.12
1060.04
1059.15
1046.35
1062
1046.43
1038.26
1041.85
1030.75
1030.02
1047.24
1061.94
1018.87
1042.87
1050.77
1043.04
1056.9
1023.98
1032.17
1040
1036.39
1031.58
1031.15
1027.29
1046.14
1029.28
1032.72
1038.72
1025.62
1059.35
1057.75
1042.14
1018.76
1054.59
1027.81
1039.09
1039.44
1037.48
1055.67
1039.64
1035.78
1038.91
1033.29
1044.54
1041.59
1042.13
1047.78
1041.53
1009.56
1012.4
1060.85
1062
1056.12
1045.78
1057.85
1057.64
1017.43
1062.59
1057.58
1062.31
1057.9
1046.57
1056.84
1061.57
1042.93
1030.63
1055.52
1027.44
1029.8
1040.95
1060.45
1031.18
1040.56
1038.77
1032.12
1038.92
1031.42
1031.07
1052.75
1050.86
1028.42
1029.05
1044.9
1045.64
1030.22
1030.82
1059.02
1058.21
1039.92
1025.38
1025.98
1022.22
1023.19
1031.78
1048.97
1029.43
1040.41
1034
1043
1041.2
1045.69
1040.86
1039.61
1043.61
1042.66
1044.83
1038.16
1038.98
1032.54
1054.96
1035.94
1036.32
1053.42
1045.43
1051.63
1044.22
1046.78
1041.34
1039.34
1030.44
1057.89
1013.15
1060.44
1056.25
1040.42
1058.89
1061.9
1057.81
1055.95
1038
1041.93
1039.91
1038.58
1044.94
1044.41
1034.77
1032.86
1060.02
1039.23
1053.56
1039.54
1055.08
1030
1037.42
1032.33
1031.82
1032.51
1038.84
1040.02
1046.87
1040.81
1033.93
1038.13
1033.41
1037.82
1030.48
1053.35
1031.37
1049.4
1038.29
1017.33
1061.59
1042.01
1042.42
1032.22
1041.51
1038.36
1051.73
1019.9
1031.2
1061.09
1057.93
1036.4
1010.93
1046.12
1058.65
1058.28
1062.14
1022.87
1058.59
1062.52
1046.52
1021.62
1020.27
1046.54
1061.58
1024.93
1026.55
1061.06
1057.28
1059.34
1057.77
1028.44
1027.92
1056.01
1029.65
1048.09
1039.34
1041.38
1038.86
1032.34
1043.7
1039.25
1028.86
1030.15
1031.69
1042.36
1030.71
1036.87
1046.42
1031.27
1030.94
1029.59
1051.83
1032.11
1028.74
1033.26
1040.37
1042.67
1045.94
1035.52
1040.2
1049.77
1038.2
1041.86
1039.9
1046.3
1042.09
1039.81
1054.41
1038.83
1032.97
1043.07
1041.48
1042.46
1040.27
1048.8
1061.5
1059.95
1058.68
1014.39
1057.07
1041.03
1042.28
1025.12
1027.32
1043.43
1043.42
1039
1045.94
1059.14
1043.26
1061.4
1058.68
1059.49
1030.79
1054.46
1040.2
1040.18
1051.67
1033.84
1039.74
1041.34
1037.29
1061.08
1056.37
1042.45
1032.15
1062.11
1060.63
1031.93
1032.97
1038.64
1038.1
1033.56
1040.43
1040.62
1038.7
1038.15
1034.45
1040.67
1037.91
1026.6
1036.99
1039.89
1034.68
1060
1058.61
1015.8
1042.48
1061.44
1058.84
1062.19
1058.8
1022.46
1058.25
1061.16
1043.48
1028.1
1056.65
1025.75
1058.58
1031.21
1055.49
1031.55
1041.86
1032.27
1032.02
1032.68
1032.37
1032.58
1048.49
1033.11
1039.66
1038.46
1043.11
1037.92
1045.16
1053.96
1030.25
1038.32
1033.72
1039.08
1032.77
1031.47
1032.39
1032.47
1046.75
1052.33
1050.41
1031.7
1030.73
1031.21
1042.23
1039.36
1044.02
1036.96
1047.84
1040.09
1035.12
1039.74
1040.66
1045.9
1038.6
1055.2
1037.41
1043.24
1040.29
1050.69
1038.46
1038.13
1040.47
1034.17
1052.66
1060.59
1045.87
1039.12
1038.55
1037.53
1033.8
1038.74
1037.55
1044.58
1035
1035.83
1059.72
1059.67
1031.72
1057.5
1034.2
1038.32
1041.27
1052.42
1032.94
1038.81
1033.8
1048.81
1033.49
1034.34
1039.38
1033.58
1037.58
1034.04
1033.85
1037.9
1038.39
1034.77
1040.09
1037.36
1060.51
1039.96
1055.81
1037.57
1041.79
1034.9
1054.62
1052.75
1038.32
1047.82
1049.75
1038.71
1037.29
1037.09
1037.6
1059.51
1023.8
1042.93
1061.62
1061.65
1026.27
1059.1
1043.46
1060.11
1061.07
1029.52
1028.8
1030.18
1058.14
1058.03
1058.8
1057.23
1056.05
1043.44
1055.28
1043.38
1040.48
1034.44
1031.85
1040.41
1041.84
1033.81
1033.84
1033.87
1034.52
1043.82
1032.54
1033.8
1045.36
1040.87
1032.43
1031.57
1047.6
1038.99
1051.65
1033.72
1030.98
1034.21
1040.85
1052.64
1039.18
1039.14
1037.26
1043.14
1036.55
1041.43
1038.84
1039
1039.58
1039.96
1039.01
1037.26
1035.5
1053.57
1038.43
1059.35
1021.11
1031.96
1037.83
1043.19
1033.85
1033.52
1037.61
1027.65
1028.78
1030.93
1038.27
1060.88
1038.97
1061.05
1039.54
1060.83
1059.83
1032.19
1058.86
1058.18
1057.43
1040.16
1032.64
1033.17
1040.5
1039.87
1042.44
1054.32
1037.58
1035.41
1038.16
1035.47
1037.52
1051.39
1040.75
1035.31
1037.98
1039.59
1035.22
1035.47
1037.4
1043.92
1041.56
1037.86
1035.49
1036.22
1036.77
1036.25
1035.89
1033.15
1051.72
1033.41
1050.56
1061.71
1059.76
1039.86
1059.44
1060.64
1040.05
1033.71
1056.78
1056.65
1037.57
1039.81
1033.83
1049.48
1037.73
1037.45
1053.93
1038.13
1033.82
1034.11
1033.49
1033.5
1037.37
1047.91
1046.17
1034.85
1033.64
1038.67
1033.95
1032.75
1038.88
1035.21
1048.82
1037.31
1046.81
1036.17
1038.65
1038.45
1044.95
1039.12
1053.39
1037.45
1039.31
1036.68
1041.19
1032.77
1059.88
1060.24
1035.7
1059.52
1056
1037.4
1034.61
1034.76
1037.59
1040.44
1041.04
1054.95
1035.01
1038.66
1060.45
1046.61
1035.44
1044.72
1048.64
1036.39
1035.17
1037.1
1035.36
1037.45
1035.99
1037.26
1036.33
1036.28
1036.45
1035.89
1061.15
1029.9
1060.05
1058.23
1037.09
1050.51
1043.15
1047.02
1037.55
1038
1036.26
1037.57
1044.06
1042.35
1037.71
1037.09
1037.82
1033.67
1061.09
1036.83
1034.59
1060.5
1035.37
1060.41
1060.18
1035.87
1060.49
1036.16
1059.4
1036.42
1058.9
1040.38
1057.53
1056.78
1055.18
1037.53
1040.61
1041.69
1040.08
1036.84
1053.05
1054.05
1036.95
1035.09
1036.7
1040.27
1035.79
1051.74
1035.02
1050.97
1039.11
1048.22
1037.06
1035.54
1049.23
1035.16
1036.44
1035.41
1035.81
1035.37
1035.09
1036.8
1038.27
1035.16
1036.9
1037.93
1035.41
1035.27
1036.51
1037.09
1035.14
1037.34
1035.12
1044.84
1035.36
1045.7
1037.17
1036.75
1042.4
1035.25
1036.57
1037.02
1044
1036.48
1047.58
1036.43
1047.29
1045.54
1037.62
1037.08
1035.2
1036.35
1035.09
1036.19
1043.18
1046.4
