12
7
7
12
11.5
11
10.5
10
9.5
9
8.5
8
7.5
7
7
7
7
7
7
7
7
7
7.5
8
8.5
9
9.5
10
10.5
11
11.5
12
12
12
12
12
12
12
12
12
9.48281
7.46421
11.4525
9.37197
8.52152
7.44025
11.5558
10.2184
7.45114
10.5142
11.5882
8.38732
7.44542
11.5418
11.1018
9.98575
9.90784
9.40855
9.77011
9.30967
9.66435
9.99564
9.5974
9.15083
9.48953
9.97577
9.84257
9.3249
10.2899
10.4347
10.0833
10.5896
10.2294
10.5739
9.62773
11.1517
10.4912
11.062
10.7333
11.0821
11.0245
11.2199
10.6651
11.0555
10.1593
10.8537
11.5902
8.92794
8.84419
7.57941
7.86557
7.88558
8.26604
8.18036
8.62938
8.72379
9.1342
8.86443
8.40848
8.74209
8.32616
8.74314
8.33376
7.89047
7.88972
7.89292
7.44604
8.81168
9.77493
7.44735
8.98286
8.45756
8.18781
7.95382
7.4504
10.6958
7.90156
10.1752
10.5383
7.76981
11.0246
11.5742
7.93321
9.53635
8.38241
11.1366
9.22548
11.2761
11.5407
10.0326
10.4181
8.31258
11.5469
9.04621
7.44805
11.5188
7.469
11.5427
9.10932
9.19021
10.7166
8.78419
7.91622
