299.82
291.849
291.827
299.82
299.801
299.742
299.629
299.44
299.134
298.661
297.896
296.7
294.818
291.816
291.826
291.836
291.833
291.827
291.809
291.965
291.815
291.839
294.812
296.726
297.89
298.65
299.135
299.44
299.629
299.742
299.802
299.82
299.819
299.819
299.818
299.818
299.822
299.819
299.82
299.82
299.122
294.635
299.797
299.024
297.919
294.507
299.805
299.533
294.53
299.633
299.808
297.66
294.539
299.804
299.756
299.434
299.396
299.062
299.315
298.975
299.245
299.43
299.203
298.816
299.123
299.423
299.361
298.987
299.558
299.611
299.477
299.656
299.532
299.646
299.231
299.764
299.63
299.752
299.686
299.752
299.747
299.77
299.673
299.75
299.514
299.714
299.806
298.561
298.45
295.154
296.262
296.31
297.374
297.163
298.129
298.262
298.803
298.465
297.714
298.285
297.52
298.302
297.544
296.341
296.336
296.328
294.541
298.393
299.319
294.565
298.629
297.81
297.176
296.572
294.565
299.681
296.391
299.516
299.64
295.891
299.747
299.806
296.487
299.154
297.657
299.764
298.894
299.779
299.804
299.452
299.601
297.501
299.803
298.695
294.529
299.803
294.659
299.804
298.768
298.862
299.681
298.363
296.418
