9
9.5
10.5
10
9.005
9.02
9.045
9.08
9.125
9.18
9.245
9.32
9.405
10.31
10.14
9.99
9.86
9.75
9.66
9.59
9.54
9.51
10.405
10.32
10.245
10.18
10.125
10.08
10.045
10.02
10.005
9.81
9.64
9.49
9.36
9.25
9.16
9.09
9.04
9.01
9.96059
9.60587
9.21026
9.15297
10.0864
9.81166
9.38934
9.07022
9.47668
9.86649
9.08665
9.27051
10.0902
9.6613
9.02438
9.90808
9.75707
9.81698
9.636
9.69398
9.53617
9.50527
9.44379
9.49585
9.36201
9.30552
9.22716
9.29887
9.20571
9.24995
9.15321
9.14345
9.11592
9.09177
9.16297
9.10252
9.67781
9.67883
9.56146
9.54123
9.40427
9.30949
9.31978
9.2575
9.40596
9.19614
9.12839
9.87872
9.7552
9.52051
9.41974
9.37103
9.3439
9.42648
9.32314
9.25727
9.21237
9.37118
9.4773
9.47994
9.59505
9.54666
9.70276
9.64579
9.7576
9.4954
9.69707
9.21756
9.10811
9.44846
10.0202
9.95008
10.1415
10.0561
9.94004
9.04073
9.55074
9.56671
9.48619
10.2038
9.83913
9.04203
9.33928
9.21138
9.82051
9.05376
9.58708
9.15308
9.5128
9.10878
9.07406
9.30774
9.28464
9.42498
10.2454
9.82246
9.41945
9.01366
9.18969
9.25129
9.0528
9.64265
9.88423
