1075.08
1090.59
1094.1
1063.9
1090.84
1046.33
1054.18
1074.99
1074.73
1074.3
1073.71
1072.98
1072.12
1071.15
1070.08
1068.93
1067.72
1066.45
1065.16
1064.95
1066.39
1066.21
1066.88
1067.31
1067.45
1067.37
1065.93
1065.38
1064.79
1063.97
1062.99
1060.43
1059.14
1057.97
1056.66
1055.19
1051.86
1050.23
1048.93
1047.55
1045.95
1042.06
1040.39
1039.32
1038.2
1036.71
1032.27
1030.74
1030.1
1029.66
1027.97
1023.49
1021.87
1021.78
1021.74
1020.31
1014.49
1012.74
1013.51
1014.46
1012.65
1004.29
1001.84
1004.2
1006.71
1003.02
989.148
985.467
991.604
995.844
984.402
957.021
950.104
949.117
949.744
951.244
955.91
957.993
959.404
960.796
962.828
968.947
971.463
972.732
973.838
976.208
984.404
987.612
988.43
988.801
991.893
1003.74
1008.24
1007.67
1006.39
1011.77
1031.01
1037.53
1032.68
1029.09
1043.95
1081.08
1092.18
1095.39
1096.5
1096.84
1096.89
1096.82
1096.68
1096.5
1096.29
1096.05
1095.8
1095.53
1095.25
1094.96
1094.67
1094.38
1094.33
1094.47
1094.54
1094.5
1094.36
1094.07
1093.6
1092.6
1091.59
1091.11
1090.8
1090.64
1091.96
1093.13
1094.14
1094.99
1095.72
1096.34
1096.86
1097.3
1097.68
1097.99
1098.26
1098.48
1098.66
1098.81
1098.93
1099.02
1099.09
1099.13
1099.15
1099.13
1099.09
1099.02
1098.91
1098.75
1098.55
1098.3
1097.99
1097.62
1097.19
1096.7
1096.14
1095.52
1094.83
1094.09
1093.28
1092.42
1091.5
1090.53
1089.51
1088.44
1087.33
1086.18
1084.98
1083.76
1082.5
1081.21
1079.9
1078.57
1077.25
1075.94
1074.63
1073.33
1072.04
1070.79
1069.59
1068.44
1067.35
1066.34
1065.42
1064.58
1063.83
1063.18
1062.64
1062.21
1061.89
1061.67
1061.57
1061.59
1061.71
1061.94
1062.28
1062.72
1063.26
1063.89
1064.61
1065.4
1066.27
1067.19
1068.17
1069.18
1070.23
1071.28
1072.34
1073.39
1074.4
1075.38
1076.29
1077.12
1077.86
1078.49
1078.98
1079.33
1079.51
1079.51
1079.32
1078.92
1078.31
1077.46
1076.4
1019.52
1057.51
1029.09
1093.7
1098.47
1099.01
1097.3
1063.75
1012.13
1091.02
1084.35
1068.3
1061.36
1097.17
996.621
1093.04
1073.2
1096.55
1076.98
1063.21
1079.21
1004.22
1061.13
986.644
976.533
1066.65
1073.39
1094.4
1095.01
1053.03
1038.37
1009.56
1000.66
1046.23
1098.97
1097.82
1079.18
1098.66
1096.44
996.937
1076.51
1021.8
1038.9
1057.92
1062.91
1068.95
1065.1
988.645
1073.9
1095.5
1078.82
1094.82
1074.99
1092.42
1068.6
1070.21
1071.3
975.465
1067.64
1027.59
1099.11
1012.67
1088.97
1036.33
1061.53
1094.9
1092
1094.76
1077.35
1075.58
1076.02
1066.48
1093.16
1068.99
1068.94
1096.06
1079.41
1095.73
1062.07
989.711
1045.5
1066.93
1076.67
1071.07
1096.81
1075.21
1096.94
1078.35
1064.75
979.464
972.326
1068.86
1061.18
1001.08
1018.1
1023.32
1061.89
1063.56
1025.66
1066.42
1018.32
1055.74
1098.8
1063.15
1095.19
1061.62
1096.34
1097.99
1034.63
1099.12
1045.52
1092.86
1087.88
1086.74
1050.58
1083.1
1011.13
1081.82
1098.44
1099.1
1097.42
1005.81
1043.64
1093.41
1094.66
1071.36
1094.61
1076.29
1067.74
1053.75
1099.04
1092.48
1063.85
1017.17
1082.42
1012.6
1086.15
1059.82
1067.71
1017.14
1037.16
1048.65
1097.3
1098.37
1043.31
1061.88
1094.8
1095.07
1069.7
1072.35
1076.01
1057.83
1068.78
1095.2
1094.16
1078.21
1095.78
1079.22
1095.77
1068.64
1067.27
1096.31
1079.4
1096.86
1097.09
1077.72
1074.23
1095.83
1070
1066.54
1065.98
1043.12
1072.14
1061.66
1097.13
1050.66
1085.86
1067.92
1076.13
992.288
1096.76
1003.74
1078.86
1061.1
1032.34
1064.29
1021.1
1062.36
1062.59
1075.21
993.266
989.092
1065.66
977.2
971.643
1070.05
1072.59
982.222
974.579
1067.72
1026.14
1020.62
1063.93
982.974
1065.02
1007.24
1019.75
1061.28
1068.41
1077.84
999.48
1027.82
1015.1
1098.25
1098.65
1098.92
1097.68
1094.47
1099.07
1031.85
1091.97
1048.11
1095.84
1099.05
1054.89
1090.02
1085.56
1036.63
1059.61
1098.16
1080.51
1040.99
1011.35
1098.84
1096.96
1002.41
1046.28
1081.11
1093.97
1074.26
1072.42
1094.79
1092.86
1069.01
1092.15
1095.12
1095.05
1076.61
1077.07
1098.45
1098.97
1097.31
1032.75
1095.62
1096.52
1079.06
1023.31
1069.35
1073.71
1097.32
1096.47
1079.14
1081.66
1077.31
1060.84
1008.57
1029.65
1063.63
1060.01
994.071
1041.37
1006.76
1077.02
1003.11
1074.39
1059.87
1065.16
996.19
1071.66
1067.84
1095.18
1050.6
1094.15
1078.91
1076.81
1095.97
1070.23
1096.37
1060.05
1014.69
999.111
992.375
1066.84
1026.21
1052.2
1096.8
1010.41
1015.74
1098.08
1098.79
1083.7
1095
1071.2
1077.91
1069.23
1094.25
1093.49
1070.1
1095.36
1074.4
1069.93
1078.86
1078.49
1096.76
1096.98
1094.76
1068.25
1075.37
1064.23
1055.84
1075.67
1072.65
1039.41
1097.41
1061.27
1022.78
1019.69
1064.56
1059.69
1059.7
1067.18
1069.3
1047.34
1062.59
1070.3
1062.04
1071.56
993.684
1091.76
1003.66
1097.4
1065.58
1065.58
1021.71
1068.4
1027.53
1097.98
1098.77
1029.11
1099
1091.55
1089.53
1035.39
1044.37
1079.76
1059.61
1094.17
1087.32
1018.69
1062.35
1099.05
1050.61
1055.61
1093.36
1097.72
1014.36
1098.61
1039.46
1084.94
1075.27
1094.51
1095.11
1073.42
1070.01
1093.27
1071.48
1096.68
1069.3
1027.15
1056.15
1098.94
1030.97
1090.38
1064.42
1097.53
1023.37
1083.2
1018.1
1078.52
1057.34
1071.76
1068.28
1097.13
1089.25
1034.62
1060.32
1095.25
1040.24
1098.45
1096.3
1097.83
1073.16
1063.88
1059.06
1060.18
1008.99
1066.75
1073.12
1035.94
1060.74
1059.47
1052.39
1080.52
1070.88
1094.41
1096.25
1079.09
1071.56
1095.67
1096.88
1078.52
1095.85
1069.12
1078.29
1096.94
1077.97
1097.17
1067.03
1060.39
1011.86
1032.75
1060.32
1057.33
1037.39
1074.72
1076.54
996.232
992.793
1073
999.711
1069.05
1062.79
1001.58
1067.11
1085.44
1096.26
1097.64
1063.38
1051.6
1062.06
1061.39
1005.83
992.62
1024.86
1066.68
1026.37
1070.45
1087.27
1097.18
1066.15
1064.19
1059.79
1098.9
1098.24
1098.89
1022.26
1048.91
1088.45
1077.74
1094.93
1030.97
1098.92
1097.67
1099.02
1075.71
1042.87
1005.43
1098.63
1090.57
1034.08
1020.19
1061.03
1096.24
1078.36
1008.3
1020.93
1097.39
1092.38
1043.52
1093.8
1094.85
1075.17
1095.39
1095.44
1077.44
1076.05
1097.32
1075.83
1098.42
1074.47
1058.05
1026.72
1046.17
1058.38
1077.8
1096.79
1098.76
1052.87
1054.09
1066.85
1097.7
1049.13
1086.98
1028.77
1009.29
1016.71
1097.66
1098.72
1093.31
1014.44
1072.61
1095.7
1075.69
1072.74
1097.17
1097.37
1064.89
1077.11
1065.32
1063.08
1028.5
1062.8
1084.49
1024.46
1076.31
1016.92
1098.81
1094.15
1095.66
1047.14
1095.93
1095.77
1096.4
1078.03
1078.57
1071.39
1096.41
1070.91
1071.26
1097.17
1077.89
1068.19
1076.64
1070.24
1097.96
1065.84
1074.92
1057.48
1031.91
1065.96
1081.28
1049.11
1059
1072.87
1014.54
1059.62
1069.51
1010.04
1066.26
1010.76
1019.1
1062.91
1060.99
1069.45
1062.55
1057.43
1057.64
1040.28
1024.17
1070.61
1069.45
1061.14
1094.73
1092.39
1097.67
1097.54
1008.41
1059.5
1055.55
1089.3
1019.45
1038.63
1035.43
1098.9
1091.42
1032.35
1098.17
1096.88
1041.83
1029.73
1073.23
1012.9
1061.1
1027.79
1025.72
1057.89
1098.94
1054.27
1098.66
1045.32
1093.3
1081.88
1095.07
1074.18
1095.45
1077.38
1071.93
1094.62
1071.48
1075.75
1067.25
1062.83
1031.64
1097.85
1089.76
1078.99
1043.1
1054.42
1025.13
1024.54
1071.75
1033.7
1058.01
1087.36
1064.41
1088.3
1034.56
1041.48
1059.44
1031.77
1058.19
1055.46
1046.23
1094.64
1022.67
1069.1
1021.84
1062.06
1082.33
1062.68
1070.84
1057.89
1061.02
1096.49
1077.87
1096.46
1054.13
1046.45
1096.48
1076
1054.59
1095.78
1095.6
1077.74
1073.63
1095.46
1096.09
1096.9
1072.59
1072.79
1077.55
1097.53
1069.68
1077.34
1097.67
1097.32
1097.07
1098.21
1074.89
1097.83
1097.86
1073.93
1065.86
1070.56
1068.1
1096.39
1097.21
1065.63
1090.98
1058.9
1056.56
1058.49
1071.52
1011.39
1054.19
1064.17
1095.1
1043.2
1008.43
1057.72
1029.23
1029.73
1057.96
1012.55
1021.61
1052.19
1061.91
1051.76
1065.97
1021.91
1033.89
1098.66
1098.83
1026.86
1088.16
1051.16
1072.97
1094.94
1034.79
1098.59
1037.01
1085.75
1059.65
1074.77
1015.74
1098.8
1097.2
1098.49
1091.91
1049.5
1078.41
1076.6
1074.7
1095.8
1072.44
1095.32
1038.66
1097.17
1097.67
1098.37
1098.65
1083.27
1055.27
1074.02
1097.66
1074.7
1068.75
1070.41
1098.04
1060.02
1037.9
1098.29
1055.21
1060.69
1096.98
1054.48
1068.46
1077.05
1065.23
1050.32
1095.55
1076.5
1072.87
1056.85
1023.18
1059.16
1065.56
1021.95
1055.11
1035.97
1080.42
1071.5
1024.19
1093.86
1035.23
1096.13
1096.01
1095.53
1033.8
1076.01
1073.94
1096.15
1096.92
1076.97
1072.12
1077.11
1070.65
1096.53
1068.52
1073.92
1098.17
1097.85
1064.38
1097.9
1069.34
1097.8
1063.97
1097.36
1054.29
1043.85
1054.31
1027.82
1094.12
1029.55
1057.19
1022.3
1055.95
1060.18
1050.53
1060.02
1054.79
1062.91
1085.32
1068.54
1022.19
1057.35
1026.1
1067.79
1039.11
1034.25
1055.84
1061.08
1058.42
1062.06
1079.41
1073.8
1098.23
1086.07
1041.6
1033.85
1047.86
1090.87
1025.98
1088.62
1095.2
1044.63
1032.63
1061.25
1030.68
1098.8
1098.5
1053.59
1077.54
1070.17
1092.92
1023.31
1056.3
1076.93
1046.14
1092.4
1086.27
1073.6
1055.55
1088.79
1064.22
1051.47
1031.17
1032.22
1073.44
1072.03
1097.77
1066
1098.3
1083.47
1050.33
1057.42
1088.34
1040.71
1065.4
1055.41
1079.37
1034.84
1050.68
1071.85
1054.99
1038.92
1046.68
1053.07
1051.78
1032.72
1097.98
1070.2
1076.14
1098.12
1063.57
1098.11
1046.29
1096.89
1062.78
1060.47
1040.26
1049.17
1052.14
1093.52
1058.92
1055.06
1096.49
1073.84
1096.86
1097.32
1075.52
1076.67
1097.43
1069.94
1097.94
1071.62
1073.77
1098.09
1097.99
1098.11
1067.43
1067.84
1069.15
1066.55
1062.99
1098.53
1061.51
1098.75
1098.66
1098.19
1096.62
1098.61
1050.31
1058.03
1063.1
1042.08
1034.32
1050.93
1092.38
1053.23
1052.17
1054.79
1036.69
1064.79
1056.49
1050.87
1060.21
1067.5
1076.62
1035.86
1038.65
1056.83
1084.71
1096.01
1066.93
1040.11
1033.23
1037.24
1081.85
1036.56
1037.2
1097.56
1091.29
1065.48
1031.6
1058.43
1035.86
1075.02
1096.16
1096.08
1078.4
1042.13
1049.02
1074.14
1075.16
1096.53
1096.9
1097.52
1096.92
1076.03
1097.31
1074.43
1097.63
1073.55
1071.27
1097.97
1068.87
1067.62
1066.26
1098.45
1098.12
1098.24
1098.64
1041.39
1046.62
1060.4
1097.21
1069.62
1081.88
1071.83
1095.72
1055.83
1050.42
1067.14
1094.21
1045.81
1064.76
1073.76
1089.45
1047.96
1039.63
1039.79
1045.54
1061.2
1039.1
1059.68
1042.71
1086.23
1058.82
1084.44
1056.67
1076.19
1072.82
1097.9
1071.05
1072.74
1098.31
1098.3
1064.48
1064.93
1098.34
1050.63
1044.15
1056.02
1054.03
1055.4
1061.9
1052.39
1051.1
1037.24
1076.67
1082.07
1060.83
1054.56
1052.93
1031.67
1069.62
1051.28
1040.43
1090.46
1090.06
1031.17
1050.74
1064.3
1047.57
1032.67
1087.56
1084.94
1044.78
1093.01
1058.93
1071.98
1041
1053.8
1046.14
1096.51
1075.12
1074.98
1045.3
1070.27
1063.25
1098.49
1097.95
1097.53
1097.74
1041.72
1042.11
1062.24
1096.02
1045.45
1074.61
1049.03
1075.56
1048.91
1052.01
1067.02
1062.65
1084.64
1046.53
1039.43
1039.38
1087.82
1065.11
1058.22
1038.87
1040.59
1075.16
1097.23
1071.46
1067.51
1098.45
1054.61
1047.2
1053.74
1095.03
1080.18
1063.09
1096.53
1043.44
1040.81
1076.75
1039.21
1091.33
1096.92
1075.69
1050.69
1097.27
1074.04
1097.58
1073.26
1072.33
1097.84
1072.56
1098.05
1070.13
1098.22
1068.99
1098.56
1066.08
1064.66
1061.83
1098.46
1045.99
1042.65
1045.87
1076.49
1059.77
1060.95
1078.39
1094.92
1074.39
1050.52
1092.66
1057.57
1089.89
1056.28
1045.64
1052.96
1081.67
1085.35
1054.48
1060.79
1055.68
1077.33
1087.79
1079.11
1052.53
1048.37
1045.36
1058.88
1047.09
1045.48
1083.1
1047.91
1054.3
1046.29
1050.96
1045.92
1056.72
1046.69
1081.02
1047.83
1086.21
1098.36
1043.42
1093.69
1072.32
1080.08
1045.52
1070.43
1050.38
1068.7
1051.85
1049.85
1045.69
1083.16
1049.4
1056.93
1054.52
1038.96
1044.41
1050.83
