6
1
1
6
5.5
5
4.5
4
3.5
3
2.5
2
1.5
1
1
1
1
1
1
1
1
1
1.5
2
2.5
3
3.5
4
4.5
5
5.5
6
6
6
6
6
6
6
6
6
3.48281
1.46421
5.45253
3.37197
2.52152
1.44025
5.55576
4.21836
1.45114
4.51422
5.5882
2.38732
1.44542
5.54185
5.10176
3.98575
3.90784
3.40855
3.77011
3.30967
3.66435
3.99564
3.5974
3.15083
3.48953
3.97577
3.84257
3.3249
4.28988
4.43465
4.08328
4.58961
4.22943
4.57394
3.62773
5.15175
4.49124
5.062
4.73334
5.08205
5.0245
5.21989
4.66507
5.05548
4.15929
4.85375
5.59019
2.92794
2.84419
1.57941
1.86557
1.88558
2.26604
2.18036
2.62938
2.72379
3.1342
2.86443
2.40848
2.74209
2.32616
2.74314
2.33376
1.89047
1.88972
1.89292
1.44604
2.81168
3.77493
1.44735
2.98286
2.45756
2.18781
1.95382
1.4504
4.69578
1.90156
4.17522
4.53834
1.76981
5.02457
5.57417
1.93321
3.53635
2.38241
5.13655
3.22548
5.2761
5.54071
4.0326
4.41811
2.31258
5.54686
3.04621
1.44805
5.51882
1.469
5.54271
3.10932
3.19021
4.71663
2.78419
1.91622
