236.646
206.982
205.225
235.75
236.56
236.302
235.872
235.271
234.503
233.57
232.474
231.222
229.817
228.26
226.571
224.742
222.788
220.716
218.54
216.274
213.936
211.545
209.152
205.226
205.23
205.237
205.247
205.264
205.28
205.302
205.327
205.356
205.388
205.426
205.47
205.522
205.586
205.67
205.788
205.967
206.247
206.66
207.74
210.289
212.688
215.085
217.369
219.56
221.656
223.634
225.486
227.206
228.784
230.215
231.492
232.61
233.563
234.344
234.973
235.402
235.664
235.754
235.771
235.797
235.833
235.876
235.931
235.997
236.05
236.126
236.187
236.26
236.331
236.398
236.457
236.506
236.561
236.589
236.621
236.638
228.387
207.653
236.137
226.592
207.395
235.869
232.851
221.399
207.921
232.197
236.32
220.755
207.365
235.751
236.513
214.786
214.524
234.705
235.418
207.765
208.187
230.37
207.561
225.196
236.028
207.485
235.696
236.556
208.6
207.705
209.964
209.896
212.077
212.009
214.208
214.133
216.194
216.272
218.265
218.336
220.192
220.144
222.054
222.057
223.845
224.198
225.391
225.397
226.78
226.355
228.167
227.76
228.357
229.548
229.433
228.029
229.39
230.723
228.042
229.37
228.001
229.329
230.548
226.635
226.572
225.048
224.979
223.363
230.501
231.65
230.81
231.927
232.017
232.907
232.995
233.846
233.761
233.091
233.953
233.199
234.104
233.29
234.361
233.311
232.307
216.125
216.373
218.437
216.576
218.594
217.263
219.403
219.909
221.144
221.627
222.341
223.518
218.999
234.187
234.689
234.889
224.066
225.59
232.312
221.644
226.515
231.604
232.584
221.692
219.858
219.819
217.939
232.632
233.493
233.437
234.16
234.236
234.491
217.902
215.913
230.482
231.21
231.156
234.892
234.111
225.728
222.451
231.227
214.066
225.528
234.427
234.833
235.046
235.105
235.452
235.312
234.166
233.407
235.516
215.952
219.809
213.864
213.883
217.994
231.844
225.145
214.664
214.723
227.205
227.123
235.916
234.076
234.696
213.925
211.708
211.665
232.194
233.691
221.95
235.047
213.93
211.745
225.5
232.235
231.13
235.179
230.909
231.595
230.547
229.264
212.383
212.48
214.739
212.59
214.799
212.796
214.9
216.694
216.243
218.662
213.421
235.789
233.432
235.545
235.494
235.321
235.276
229.314
227.96
230.749
229.984
228.826
218.235
220.678
208.982
234.33
216.06
218.128
235.607
212.164
227.044
228.559
228.788
230.017
234.627
235.17
235.112
235.598
235.493
236.249
228.803
227.555
235.567
228.113
226.502
226.629
225.025
224.95
223.3
214.135
211.972
216.182
218.087
216.756
218.494
218.626
217.943
219.885
221.602
209.838
229.812
231.09
236.194
235.989
235.939
236.03
235.699
209.502
236.254
236.088
218.814
207.436
207.256
207.836
224.725
222.788
224.583
222.707
224.407
226.085
218.059
220.005
228.624
228.47
229.876
233.178
232.842
234.107
227.937
207.607
209.777
225.444
223.82
210.045
236.54
236.352
236.338
236.003
236.017
235.504
234.85
234.903
234.042
213.995
211.86
235.509
235.189
220.17
232.267
236.348
231.709
232.693
208.036
229.288
219.925
221.78
221.922
208.375
226.692
225.324
226.691
224.946
211.939
227.958
231.683
230.822
222.044
230.599
223.748
211.816
209.655
232.83
233.564
233.846
234.756
222.046
209.524
209.687
231.68
207.492
223.413
221.495
235.979
226.495
212.547
215.95
235.403
233.629
230.04
218.199
229.68
234.581
233.291
216
232.762
234.859
230.653
235.089
220.095
220.213
225.748
215.461
233.234
232.578
223.743
214.317
232.109
216.95
234.059
235.222
231.772
235.995
223.539
216.823
207.264
232.65
223.429
235.019
234.39
220.827
223.812
220.725
214.5
210.84
209.784
226.94
229.788
231.003
229.954
231.089
228.642
212.281
228.721
227.301
227.413
209.999
210.136
210.235
210.368
210.573
210.77
221.62
223.327
224.255
235.803
235.934
235.734
235.83
235.79
235.598
235.528
235.72
235.267
236.017
236.446
226.347
235.473
233.088
211.046
220.677
232.005
231.896
220.09
235.448
223.322
222.531
229.518
229.609
233.623
212.286
235.951
226.88
212.891
234.464
234.701
216.675
216.631
234.125
234.905
207.596
236.564
208.904
236.477
235.576
235.65
236.152
236.382
235.677
235.527
236.375
235.707
227.854
225.897
222.609
235.031
