41.0002
41.4998
42.5002
41.9998
41.0053
41.0204
41.0454
41.0803
41.1249
41.1796
41.2447
41.3198
41.4048
42.3102
42.1402
41.9901
41.86
41.7499
41.6597
41.5896
41.5397
41.5097
42.4052
42.3202
42.2452
42.1802
42.1251
42.08
42.0449
42.0198
42.0048
41.8098
41.6398
41.4898
41.3598
41.2499
41.1599
41.09
41.0401
41.0102
41.9607
41.6057
41.2101
41.1528
42.0866
41.8117
41.3891
41.0705
41.4763
41.8663
41.0867
41.2702
42.0903
41.6611
41.0246
41.908
41.757
41.8171
41.636
41.694
41.5362
41.5052
41.4437
41.4958
41.3619
41.3054
41.2271
41.2987
41.2057
41.2499
41.1533
41.1435
41.116
41.0919
41.1629
41.1026
41.6776
41.6786
41.5613
41.541
41.4041
41.3094
41.3197
41.2574
41.4058
41.1961
41.1284
41.8788
41.7553
41.5202
41.4194
41.3707
41.3436
41.4262
41.3228
41.257
41.2122
41.371
41.4771
41.4799
41.595
41.5467
41.7028
41.6457
41.7576
41.4952
41.697
41.2173
41.1082
41.4481
42.0204
41.9502
42.1417
42.0562
41.9401
41.0411
41.5506
41.5667
41.4861
42.204
41.8389
41.0422
41.339
41.2113
41.8206
41.0539
41.5871
41.153
41.5126
41.1089
41.0743
41.3074
41.2845
41.4249
42.2456
41.8222
41.4192
41.0139
41.1895
41.2511
41.0531
41.6427
41.8843
