1054.5
1035.13
1006.98
1045.81
1035.31
1035.24
1048.86
1054.45
1054.29
1054.03
1053.66
1053.19
1052.62
1051.94
1051.17
1050.29
1049.32
1048.24
1047.06
1047.07
1048.25
1049.18
1050.03
1050.7
1051.23
1051.63
1051.83
1051.96
1051.95
1051.82
1051.6
1051.2
1050.79
1050.27
1049.67
1049.03
1048.24
1047.49
1046.68
1045.83
1044.99
1044.01
1043.14
1042.24
1041.33
1040.48
1039.49
1038.67
1037.83
1037.04
1036.26
1035.43
1034.73
1034.07
1033.43
1032.86
1032.18
1031.67
1031.21
1030.76
1030.39
1029.86
1029.54
1029.26
1028.99
1028.78
1028.36
1028.19
1028.06
1027.92
1027.84
1027.47
1027.41
1027.37
1027.32
1027.31
1026.94
1026.93
1026.95
1026.96
1026.98
1026.53
1026.54
1026.6
1026.62
1026.64
1026.05
1026.03
1026.1
1026.12
1026.1
1025.29
1025.21
1025.26
1025.24
1025.12
1023.98
1023.76
1023.73
1023.61
1023.3
1021.64
1021.17
1020.99
1020.69
1020.07
1017.68
1016.87
1016.57
1016.18
1015.32
1012.21
1011.29
1011.31
1011.42
1010.84
1007.13
1007.38
1010.28
1011.24
1014.03
1017.05
1020.06
1023.17
1026.12
1028.41
1030.36
1032.31
1033.84
1034.81
1036.41
1037.52
1038.5
1039.34
1040.06
1040.68
1041.21
1041.65
1042.01
1042.3
1042.51
1042.66
1042.75
1042.79
1042.78
1042.72
1042.63
1042.51
1042.37
1042.2
1042.02
1041.83
1041.63
1041.42
1041.21
1041
1040.79
1040.58
1040.37
1040.16
1039.96
1039.77
1039.59
1039.41
1039.24
1039.07
1038.92
1038.78
1038.65
1038.53
1038.42
1038.33
1038.25
1038.19
1038.15
1038.12
1038.12
1038.13
1038.18
1038.24
1038.34
1038.46
1038.61
1038.79
1039.01
1039.26
1039.55
1039.87
1040.24
1040.64
1041.08
1041.57
1042.1
1042.67
1043.28
1043.93
1044.62
1045.34
1046.1
1046.9
1047.72
1048.56
1049.43
1050.31
1051.2
1052.09
1052.98
1053.87
1054.74
1055.58
1056.39
1057.16
1057.87
1058.54
1059.13
1059.64
1060.08
1060.41
1060.65
1060.77
1060.78
1060.66
1060.4
1060.01
1059.48
1058.79
1057.95
1056.96
1055.81
1034.07
1051
1038.31
1039.28
1042.36
1042.47
1041.3
1052.89
1032.02
1038.81
1038.16
1052.92
1043.21
1020.48
1027.92
1023.51
1058.48
1015.44
1060.36
1041.02
1060.6
1027.85
1045.28
1028.11
1028.4
1039.47
1053.89
1023.54
1038.97
1048.83
1042.64
1030.92
1029.94
1046.24
1041.63
1040.63
1038.03
1041.24
1040.02
1029.6
1038.09
1027.24
1026.14
1025.11
1049.37
1055.52
1052.03
1029.14
1038.26
1010.99
1058.73
1014.41
1054.93
1033.52
1050.52
1051.57
1038.53
1029
1053.3
1036.82
1042.28
1027.44
1038.54
1040.9
1046.83
1011.14
1036.06
1011.65
1056.88
1055.3
1055.57
1048.37
1037.16
1051.34
1052.02
1014.57
1059.95
1039.69
1042.03
1028.21
1026.13
1053.81
1023.92
1057.1
1021.2
1059.59
1017.99
1060.71
1040.16
1028.44
1028.68
1038.93
1043.86
1027.71
1027.14
1035.37
1047.65
1050.25
1027.06
1053.29
1033.03
1050.3
1042.51
1052.59
1039.64
1052.13
1040.32
1041.97
1040.01
1042.15
1045.41
1039.12
1038.43
1038.32
1048
1038.1
1031.58
1038.06
1041.04
1041.99
1040.42
1030.56
1044.48
1029.21
1020.42
1052.44
1010.76
1055.74
1049.53
1050.04
1041.49
1038.91
1053.77
1033.31
1037.87
1032.1
1038.12
1043.01
1054.51
1029.32
1042.06
1047.51
1040.15
1040.71
1028.4
1049.18
1024.1
1037.9
1052.52
1053.57
1056.05
1051.57
1050.69
1010.49
1038.13
1057.88
1012.71
1059.42
1038.62
1052.55
1049.48
1015.5
1060.35
1040.86
1019.62
1060.59
1059.07
1022.39
1056.33
1024.36
1052.92
1025.89
1057.82
1042.6
1020.48
1025.82
1024.07
1054.68
1060.02
1028.12
1016.34
1027.61
1060.72
1044.55
1026.61
1051.14
1026.99
1048.5
1041.5
1038.16
1029.36
1028.02
1039.8
1028.53
1028.86
1038.72
1038.38
1028.97
1028.52
1039.18
1036.08
1034.71
1040.57
1028.27
1053.15
1027.73
1033.59
1046.04
1053.21
1038.05
1029.84
1037.51
1032.51
1042.2
1042.46
1042.51
1041.67
1039.46
1042.39
1039.15
1038.96
1047.15
1039.83
1041.82
1049.63
1038.67
1038.23
1041.71
1051.6
1040.83
1038.03
1043.56
1031.29
1041.44
1040.22
1030.23
1046.58
1037.82
1026.53
1054.46
1053.21
1017.41
1031.55
1050.61
1035.07
1014.96
1012.35
1056.43
1056.71
1041.47
1041.72
1040.29
1039.57
1039.6
1016.75
1060.17
1035.37
1056.15
1058.89
1020.77
1024.25
1037.41
1026.57
1060.42
1041.3
1029.55
1028.89
1039.59
1045.85
1029.94
1043.88
1031.29
1037.77
1030.78
1037.85
1027.81
1052.74
1030.51
1038
1038.49
1036.23
1048.61
1030.01
1059.24
1057.03
1014.93
1053.77
1039.26
1042.4
1029.29
1029.67
1030.03
1054.38
1036.6
1049.23
1039.96
1031.81
1032.89
1040.53
1041.06
1037.94
1020.96
1052.71
1057.7
1051.66
1037.08
1034.56
1053.22
1013.3
1055.01
1054.17
1060.43
1060.55
1018.11
1019.27
1024.66
1055.34
1026.8
1051.85
1028.1
1059.84
1058.3
1028.74
1021.72
1048.31
1029.24
1029.34
1039.26
1044.36
1043.67
1054.49
1026.96
1028.21
1050.07
1038.13
1040.36
1057.64
1030.36
1025.27
1029.61
1022.88
1054.15
1038.96
1034.75
1054.52
1037.27
1041.02
1041.69
1037.98
1041.36
1038.76
1038.47
1041.2
1045.68
1037.78
1052.23
1039.24
1038.22
1033.75
1053.34
1041.6
1048.38
1050.81
1039.07
1040.34
1032.45
1040.89
1042.99
1038.02
1055.58
1027.17
1017.92
1054.34
1051.74
1036.14
1054.86
1019.4
1055.63
1036.47
1051.18
1040.49
1038.41
1038.32
1054.47
1023.31
1034.89
1037.61
1033.31
1059.89
1042.68
1058.01
1055.84
1026.29
1028.2
1030.69
1039.23
1024.79
1043.23
1040.11
1039.37
1039.87
1029.36
1052.44
1030.11
1048.88
1031.65
1037.41
1054.55
1028.91
1047.47
1052.66
1049.49
1037.46
1052.75
1035.45
1015.66
1059.78
1054.3
1014.21
1039.81
1058.55
1036.93
1054.39
1060.14
1020.44
1060.54
1020.06
1055.25
1041.83
1029.36
1028.91
1046.64
1043.34
1030.6
1059.41
1060.18
1029.85
1029.98
1037.9
1030.63
1038.3
1039.95
1029.6
1055.02
1028.59
1026.9
1024.15
1050.96
1028.17
1038.6
1040.81
1029.62
1030.14
1035.97
1038.71
1029
1056.92
1026.05
1023.75
1053.62
1027.3
1045.09
1040.43
1041.28
1041.73
1034.42
1047.73
1038.34
1037.37
1039.42
1038.78
1041.22
1040.69
1041.68
1037.8
1044.78
1030.98
1041.61
1038.61
1040.37
1034.22
1052.82
1039.78
1037.76
1031.55
1034.01
1039.7
1038.61
1044.99
1032.5
1030.77
1055.97
1021.63
1015.72
1057.41
1056.55
1038.68
1059.89
1040.05
1036.78
1040.96
1030.8
1030.5
1046.33
1059.48
1022.24
1039.05
1049.64
1042.24
1055.41
1025.87
1032.06
1037.93
1035.96
1031.34
1031.03
1028.54
1040.38
1030.2
1032.41
1037.28
1025.52
1056.79
1055.26
1039.09
1022.39
1053.3
1029.19
1037.91
1038.34
1037.08
1053.94
1037.71
1035.4
1037.34
1032.97
1040.35
1038.91
1039.22
1046.83
1034.72
1016.55
1018.37
1058.25
1059.49
1053.59
1037.57
1055.53
1055.26
1021.43
1060.26
1055.49
1060.13
1055.65
1039.51
1054.92
1059.55
1042.06
1030.77
1054.17
1028.94
1030.37
1040.02
1058.6
1031.04
1039.61
1037.44
1031.83
1037.71
1031.22
1030.98
1051.59
1049.8
1029.54
1029.99
1044.04
1044.77
1030.57
1030.83
1057.34
1056.62
1038.9
1027.41
1027.81
1024.91
1025.61
1031.52
1048
1030.17
1038.18
1033.66
1042.36
1040.66
1040.52
1038.46
1039.13
1040
1039.51
1044.09
1037.73
1037.53
1032.23
1053.32
1035.51
1035.93
1051.96
1040.53
1050.36
1040.24
1045.91
1038.76
1037.53
1027.88
1055.3
1018.53
1057.85
1053.69
1033.32
1056.63
1059.73
1055.89
1054.3
1037.54
1038.84
1037.78
1036.94
1044.22
1043.6
1034.35
1032.47
1058.19
1038.75
1052.18
1037.55
1053.75
1030.74
1036.9
1032.11
1031.91
1032.19
1037.85
1039.14
1046.03
1038.31
1033.51
1036.81
1032.99
1036.69
1031.12
1052.15
1031.68
1048.43
1037.2
1021.22
1059.08
1035.36
1041.61
1032.07
1038.7
1036.82
1050.52
1022.38
1028.59
1058.54
1055.38
1031.47
1017.41
1038.16
1056.26
1055.84
1059.75
1025.02
1056.49
1060.25
1039.14
1024.11
1023.18
1039.81
1059.49
1026.62
1027.94
1059.12
1055.44
1057.59
1056.19
1029.49
1029.06
1054.6
1030.49
1047.15
1038.41
1040.47
1037.47
1032.03
1042.9
1038.11
1029.86
1030.56
1031.44
1041.49
1030.81
1036.44
1045.53
1031.1
1030.9
1030.24
1050.72
1032.05
1029.77
1032.84
1039.86
1039.05
1040.48
1035.09
1038.05
1048.73
1036.76
1039.07
1039.39
1040.24
1041.49
1037.81
1052.94
1037.32
1032.66
1039.03
1038.62
1039.02
1038.01
1047.83
1058.94
1057.37
1056.13
1019.29
1054.54
1034.05
1041.68
1026.08
1027.79
1038.19
1038.69
1037.2
1045.1
1056.68
1037.18
1059.24
1056.73
1057.68
1030.86
1053.06
1039.65
1037.44
1050.52
1033.37
1037.4
1040.51
1036.03
1058.58
1054.9
1041.71
1032.17
1059.86
1058.71
1031.96
1032.57
1037.61
1036.87
1033.13
1039.56
1040.1
1037.02
1036.75
1034.03
1038.24
1037.39
1026.29
1032.13
1037.61
1034.09
1057.47
1056.1
1020.21
1036.01
1058.99
1056.51
1059.87
1056.62
1024.15
1056.23
1059.15
1037.94
1028.47
1054.91
1027.29
1056.92
1031.25
1054.11
1031.58
1041.04
1032.08
1032.01
1032.32
1032.37
1032.24
1047.56
1032.7
1038.75
1037.4
1042.37
1036.84
1044.34
1052.71
1030.93
1037.01
1033.3
1038.12
1032.39
1031.75
1032.14
1032.16
1045.89
1051.2
1049.39
1031.86
1031.29
1031.58
1038.96
1037.44
1043.35
1036.44
1046.94
1037.9
1034.7
1037.68
1038.18
1045.12
1038.13
1053.64
1036.96
1038.98
1037.4
1049.61
1036.88
1036.78
1038.13
1033.74
1051.37
1058.05
1045.1
1037.17
1036.83
1036.16
1033.3
1036.95
1036.37
1043.81
1034.45
1035.31
1057.38
1057.48
1030.49
1055.75
1033.06
1036.68
1040.52
1051.24
1032.85
1038.21
1033.37
1047.88
1033.24
1033.76
1038.58
1033.26
1036.62
1033.46
1033.3
1037
1037.53
1034.2
1037.48
1036.06
1058.03
1035.79
1054.36
1035.65
1041.12
1034
1053.31
1051.58
1037.71
1046.94
1048.75
1036.85
1036.23
1036.12
1032.8
1057.1
1025.1
1036.64
1059.38
1059.27
1026.96
1057.07
1037.62
1058.21
1059
1029.73
1029.09
1030.32
1056.29
1056.4
1057.07
1055.68
1054.47
1038.46
1053.79
1038.88
1037.23
1033.37
1031.88
1037.34
1041.1
1033.32
1033.38
1033.31
1033.92
1043.07
1032.52
1033.29
1044.57
1040.02
1032.15
1031.8
1046.71
1038.18
1050.56
1033.33
1031.45
1033.63
1040.29
1051.4
1037.32
1037.05
1036.04
1042.5
1036.02
1040.87
1037.11
1038.47
1039.04
1037.47
1037.11
1036.06
1034.97
1052.25
1037.91
1056.83
1023.22
1029.29
1036.35
1042.55
1033.31
1033.23
1036.21
1027.11
1028
1029.76
1033.53
1058.44
1034.28
1058.83
1034.94
1058.69
1057.79
1031.01
1057
1056.48
1055.82
1036.42
1031.51
1032.05
1037.06
1039.26
1041.76
1052.98
1035.84
1034.56
1036.58
1034.6
1035.93
1050.29
1039.99
1034.47
1036.32
1038.9
1034.4
1034.62
1035.99
1043.2
1040.98
1037.25
1034.72
1035.2
1036.13
1035.24
1035.15
1033
1050.62
1033.19
1049.53
1059.4
1057.49
1035.44
1057.32
1058.65
1036.11
1032.58
1055.12
1055.12
1035.53
1039.03
1033.28
1048.51
1036.79
1036.47
1052.67
1037.25
1033.29
1033.53
1033.22
1033.26
1036.26
1047.02
1045.35
1034.3
1033.29
1037.84
1033.38
1032.7
1037.03
1034.68
1047.88
1036.13
1045.99
1035.65
1036.9
1036.77
1044.23
1037.15
1052.14
1036.11
1038.71
1035.73
1040.52
1030.03
1057.4
1057.82
1034.92
1057.64
1054.5
1035.11
1033.61
1033.81
1035.77
1039.84
1040.43
1053.58
1034.14
1037.96
1058.09
1045.81
1034.6
1043.98
1047.72
1035.3
1034.36
1035.8
1034.58
1036.83
1035.31
1035.9
1035.26
1035.29
1035.81
1035.19
1058.85
1028.9
1058.08
1056.46
1034.72
1049.47
1042.46
1046.17
1035.98
1036.47
1035.22
1035.9
1043.38
1041.74
1036.27
1036.47
1036.26
1030.84
1058.72
1035.95
1031.68
1058.22
1032.43
1058.2
1058.05
1033.01
1058.43
1033.46
1057.44
1033.86
1057.1
1036.78
1055.84
1055.19
1053.76
1035.35
1039.94
1041.07
1039.4
1035.62
1051.85
1052.77
1035.7
1034.26
1035.51
1039.5
1034.81
1050.63
1034.3
1049.91
1038.41
1047.32
1035.77
1034.7
1048.28
1034.35
1035.47
1034.59
1034.88
1034.57
1034.3
1035.96
1037.55
1034.34
1036.1
1037.19
1034.61
1034.49
1035.56
1036.31
1034.35
1036.57
1034.32
1044.12
1034.57
1044.94
1035.85
1034.3
1041.77
1034.41
1035.42
1035.75
1043.31
1035.36
1046.72
1035.32
1046.44
1044.76
1036.87
1035.79
1034.42
1035.37
1034.29
1035.53
1042.52
1045.59
