271.752
251.997
210.871
266.626
271.673
271.436
271.043
270.495
269.798
268.956
267.977
266.869
265.645
264.32
262.901
261.414
259.893
258.369
256.874
255.459
254.249
253.171
252.395
210.899
210.991
211.154
211.391
211.738
212.21
212.854
213.753
215.064
217.061
220.175
224.817
230.733
236.798
241.964
245.904
248.718
250.593
251.66
216.028
221.328
226.123
230.829
235.251
239.367
243.223
246.775
250.019
252.962
255.606
257.954
260.013
261.787
263.277
264.483
265.446
266.101
266.496
266.655
266.747
266.898
267.102
267.356
267.659
268.008
268.36
268.759
269.147
269.553
269.949
270.326
270.672
270.978
271.257
271.46
271.622
271.718
254.98
223.315
269.111
262.842
217.126
267.783
268.275
242.813
239.585
261.161
270.235
258.274
215.927
266.941
271.3
254.347
229.786
265.058
270.604
230.408
247.02
266.067
219.386
249.556
268.495
215.672
266.62
271.57
251.125
226.41
231.583
228.713
233.345
231.181
237.44
235.446
239.362
241.183
244.698
246.446
248.062
246.616
249.977
251.208
252.957
252.361
254.689
255.314
257.124
255.808
258.804
257.374
259.828
260.539
259.704
256.982
259.002
261.474
256.39
258.406
255.786
257.85
259.717
254.247
253.546
251.106
250.398
247.637
259.26
261.38
262.179
263.635
264.296
264.911
265.519
266.566
266.009
266.14
267.153
266.76
267.772
267.323
268.52
267.756
266.675
237.79
243.242
248.205
245.548
249.579
248.772
252.399
251.768
254.888
254.41
256.496
257.219
253.266
268.71
267.979
269.259
258.84
259.388
267.089
244.557
252.924
260.961
262.45
245.314
241.905
241.153
238.243
262.837
264.09
263.72
264.771
265.145
266.94
237.492
233.609
258.916
265.531
264.96
269.456
264.488
260.357
257.277
266.016
233.771
258.356
266.465
265.967
266.57
267.727
270.006
269.625
268.971
263.439
270.293
233.156
240.608
229.52
230.23
239.188
263.005
251.935
245.237
247.753
260.983
260.08
270.435
264.284
265.347
229.13
225.117
225.661
265.595
265.488
253.6
267.295
231.167
226.642
257.317
267.352
266.306
268.177
262.916
260.662
258.78
256.978
242.031
245.039
249.888
247.745
251.601
250.069
252.653
253.393
254.022
255.342
252.295
270.049
263.303
267.968
267.585
266.804
266.576
256.796
254.579
258.943
265.233
264.194
255.978
257.193
219.927
265.595
236.449
241.608
269.581
235.94
259.13
261.576
263.73
264.347
265.101
266.045
265.82
267.057
266.397
270.736
264.414
263.113
266.815
254.635
252.147
252.144
249.393
249.504
246.62
229.207
224.91
233.239
236.93
255.232
237.443
256.793
237.043
240.378
243.569
226.423
257.329
259.398
269.475
269.205
268.835
269.557
269.128
220.491
269.85
268.836
254.364
215.785
215.966
234.965
261.321
259.796
260.97
259.44
260.427
261.861
240.322
244.001
264.53
260.727
262.988
262.704
262.256
264.149
254.834
221.022
224.633
256.257
255.073
234.98
271.436
271.386
271.445
271.064
270.947
270.604
269.999
269.903
269.251
232.349
227.925
267.348
265.793
250.847
266.183
271.259
261.87
263.291
243.688
257.365
242.874
246.281
247.468
249.474
254.979
252.948
255.477
249.856
229.396
255.254
267.23
266.298
252.439
260.242
256.127
224.888
220.446
264.338
264.527
269.172
265.627
248.758
221.871
223.177
260.577
218.115
246.427
243.122
268.234
252.462
253.383
234.366
269.078
264.996
264.881
243.105
261.411
267.454
268.084
235.316
263.797
268.546
260.825
269.122
245.284
249.528
254.275
254.179
268.307
262.181
250.509
239.797
264.962
250.589
264.176
266.3
262.413
270.742
249.311
252.159
216.411
262.095
248.374
266.907
266.037
255.515
253.933
256.377
242.49
252.013
220.467
258.138
262.23
263.649
263.709
264.343
262.393
238.928
263.121
261.803
262.511
220.773
238.689
242.362
245.699
248.522
250.646
243.982
247.046
259.723
268.011
268.496
267.727
267.45
267.179
268.371
266.588
266.757
268.619
269.883
270.909
262.433
266.276
268.371
252.797
257.819
267.377
260.771
240.565
266.185
246.406
258.132
256.951
265.179
263.483
225.379
271.091
252.448
253.126
264.757
269.949
233.985
255.5
269.16
269.702
215.773
271.652
252.066
271.094
267.235
268.763
270.376
270.595
266.535
270.489
271.096
269.357
263.718
261.173
258.862
265.591
