266.302
244.035
209.775
261.699
266.217
265.962
265.538
264.947
264.193
263.281
262.217
261.01
259.669
258.209
256.639
254.981
253.268
251.533
249.811
248.16
246.721
245.415
244.541
209.798
209.868
209.988
210.155
210.393
210.707
211.121
211.672
212.431
213.519
215.154
217.695
221.534
226.592
231.941
236.548
239.988
242.297
243.613
214.625
219.107
223.681
227.932
231.991
235.809
239.401
242.726
245.78
248.567
251.083
253.328
255.303
257.01
258.45
259.618
260.552
261.188
261.572
261.724
261.806
261.94
262.121
262.347
262.617
262.93
263.243
263.601
263.948
264.314
264.67
265.01
265.323
265.599
265.852
266.036
266.183
266.271
250.481
218.957
263.907
256.59
215.053
262.713
262.55
239.007
230.747
256.404
264.917
251.449
214.269
261.969
265.881
246.889
226.973
260.173
265.07
223.445
238.35
260.144
216.561
245.336
263.355
214.216
261.684
266.126
243.059
220.842
225.761
223.831
228.231
226.727
232.194
230.743
234.472
235.844
239.278
240.658
242.561
241.423
244.67
245.646
247.579
247.21
249.411
249.917
251.759
250.579
253.491
252.222
254.382
255.261
254.548
251.978
253.964
256.316
251.507
253.477
251.014
253.017
254.835
249.413
248.843
246.487
245.918
243.292
254.452
256.457
256.919
258.389
258.964
259.676
260.208
261.275
260.784
260.755
261.798
261.307
262.359
261.809
263.054
262.187
261.052
233.309
237.441
242.098
239.323
243.273
242.196
245.881
245.476
248.458
248.165
250.132
251.023
246.541
263.186
262.653
263.797
252.553
253.359
261.412
240.393
248.339
256.103
257.552
240.976
237.785
237.217
234.38
257.883
259.113
258.792
259.823
260.153
261.726
233.822
230.244
254.169
259.842
259.341
263.969
259.575
254.227
250.843
260.266
229.543
252.464
261.308
260.966
261.52
262.519
264.554
264.196
263.407
258.552
264.816
229.936
236.812
226.506
227.008
235.087
257.845
247.162
238.4
240.576
255.085
254.297
265.015
259.396
260.415
226.261
222.506
222.853
260.102
260.329
247.566
262.139
227.678
223.555
251.586
261.626
260.498
262.92
257.557
255.856
254.075
252.302
234.875
237.483
242.516
239.996
244.152
242.298
245.193
246.193
246.73
248.366
244.642
264.655
258.444
262.812
262.473
261.772
261.569
252.17
250.048
254.256
259.338
258.204
248.905
250.429
217.668
260.552
232.323
236.908
264.214
230.097
253.48
255.893
257.79
258.576
260.194
261.097
260.895
262.04
261.457
265.34
258.393
257.009
261.828
250.134
247.729
247.764
245.159
245.221
242.5
226.406
222.499
230.085
233.485
247.986
234.01
249.744
233.512
236.671
239.64
222.334
252.724
254.707
264.233
263.961
263.632
264.273
263.84
218.289
264.57
263.66
247.489
214.229
214.245
226.802
254.894
253.178
254.552
252.838
254.031
255.622
235.938
239.395
258.462
255.158
257.384
257.893
257.449
259.29
250.242
217.573
221.16
250.696
249.289
228.192
266.005
265.927
265.977
265.581
265.481
265.086
264.435
264.36
263.628
228.525
224.473
262.273
260.887
244.787
260.62
265.815
256.874
258.273
234.761
252.617
238.527
241.736
242.686
241.138
250.01
248.009
250.407
245.49
225.496
250.58
261.413
260.432
246.636
255.275
250.149
222.403
218.305
259.178
259.494
263.522
260.663
243.718
219.235
220.174
255.807
215.733
242.392
239.27
263.121
247.972
245.706
230.798
263.74
259.902
259.043
238.047
256.015
262.183
262.467
231.492
258.71
263.175
255.765
263.717
240.391
243.73
249.182
246.789
262.651
257.329
245.62
233.97
259.546
243.677
259.303
261.324
257.337
265.297
244.629
245.065
214.538
257.274
243.875
261.802
260.938
248.94
248.355
249.692
236.11
244.102
218.339
252.631
256.724
258.194
258.015
258.8
256.606
232.368
257.249
255.812
256.451
218.606
231.091
234.261
237.429
240.321
242.604
239.954
242.832
253.372
262.897
263.338
262.64
262.42
262.18
263.168
261.627
261.805
263.318
264.554
265.528
256.18
261.35
262.678
244.981
251.01
261.603
256.015
236.882
261.268
242.346
251.621
252.347
259.219
258.634
222.977
265.594
248.073
245.455
259.871
264.362
230.812
248.238
263.564
264.186
214.376
266.199
244.161
265.694
262.189
263.515
265.008
265.241
261.607
264.989
265.678
264.04
257.6
254.977
252.294
260.686
