1096.69
1096.75
1098.73
1086.52
1099.99
1099.99
1098.87
1096.69
1096.68
1096.67
1096.63
1096.54
1096.37
1096.03
1095.39
1094.28
1092.55
1090.23
1087.8
1085.63
1084.5
1099.77
1093.52
1067.51
1043.63
1039.44
1037.94
1037.44
1037.26
1037.19
1037.17
1037.16
1037.15
1037.15
1037.15
1037.15
1037.15
1037.15
1037.15
1037.16
1037.16
1037.16
1037.17
1037.2
1037.26
1037.41
1037.77
1038.59
1040.39
1043.94
1047.42
1033.04
1039.44
1066.02
1091.66
1096.58
1098.38
1099
1099.23
1099.31
1099.34
1099.36
1099.36
1099.36
1099.36
1099.36
1099.36
1099.36
1099.36
1099.36
1099.36
1099.36
1099.36
1099.36
1099.36
1099.36
1099.36
1099.36
1099.36
1099.36
1099.36
1099.36
1099.36
1099.36
1099.36
1099.36
1099.36
1099.36
1099.36
1099.36
1099.36
1099.36
1099.36
1099.36
1099.36
1099.36
1099.36
1099.36
1099.36
1099.36
1099.36
1099.36
1099.36
1099.36
1099.36
1099.36
1099.36
1099.36
1099.36
1099.36
1099.36
1099.36
1099.35
1099.33
1099.29
1099.22
1099.08
1098.88
1098.87
1099.06
1099.18
1099.22
1099.18
1099.02
1098.67
1098.03
1097.39
1097.02
1096.85
1096.77
1097.54
1098.6
1099.29
1099.66
1099.85
1099.93
1099.97
1099.99
1099.99
1100
1100
1100
1100
1100
1100
1100
1100
1100
1100
1100
1100
1100
1100
1100
1100
1100
1100
1100
1100
1100
1100
1100
1100
1100
1100
1100
1100
1100
1100
1100
1100
1100
1100
1100
1100
1100
1100
1100
1100
1100
1100
1100
1100
1100
1100
1100
1100
1100
1100
1100
1100
1100
1100
1100
1100
1100
1099.99
1099.99
1099.99
1099.99
1099.99
1099.99
1099.99
1099.99
1099.99
1099.99
1099.99
1099.99
1099.99
1099.99
1099.99
1099.99
1099.99
1099.99
1099.99
1099.99
1099.99
1099.99
1099.99
1099.99
1099.98
1099.97
1099.96
1099.92
1099.82
1099.63
1099.25
1098.55
1097.48
1097.11
1052.15
1058.33
1100
1100
1100
1099.99
1052.16
1099.47
1100
1100
1054.18
1100
1099.52
1099.52
1099.52
1099.98
1099.51
1099.98
1100
1099.97
1099.52
1099.99
1099.52
1099.52
1100
1097.11
1099.2
1099.66
1052.15
1052.26
1099.51
1099.52
1052.15
1100
1100
1100
1100
1100
1099.52
1100
1099.52
1099.52
1099.52
1099.99
1099.98
1099.98
1099.52
1100
1099.44
1099.63
1099.33
1097.38
1097.76
1080.38
1094.83
1100
1099.52
1052.42
1068.71
1100
1099.52
1100
1052.76
1099.99
1099.23
1097.55
1099.21
1098.52
1097.42
1097.44
1087.25
1098.6
1073.99
1065.59
1099.5
1099.91
1099.85
1100
1099.52
1099.52
1099.98
1099.52
1099.98
1099.52
1099.98
1099.52
1099.98
1100
1099.52
1099.52
1100
1099.99
1099.52
1099.52
1084.86
1099.99
1099.98
1099.52
1052.25
1099.18
1052.14
1100
1052.15
1100
1052.15
1099.93
1100
1053.54
1100
1052.16
1100
1100
1100
1052.15
1100
1099.5
1100
1100
1100
1100
1099.52
1052.17
1098.48
1099.34
1096.05
1099.02
1097.46
1090.17
1072.4
1100
1100
1072.4
1099.68
1100
1099.72
1100
1099.99
1072.48
1099.72
1072.92
1072.4
1100
1100
1099.72
1099.97
1099.48
1099.68
1081.97
1096.84
1098.42
1072.38
1088.67
1099.37
1099.29
1099.24
1099.48
1099.82
1099.85
1058.4
1085.42
1099.51
1099.95
1099.97
1099.52
1099.98
1099.98
1099.52
1099.98
1099.52
1099.98
1099.52
1099.98
1100
1099.52
1099.52
1099.52
1099.98
1099.98
1099.52
1099.52
1099.52
1099.98
1099.99
1099.52
1099.98
1099.52
1099.99
1100
1100
1099.52
1099.52
1100
1099.52
1099.52
1100
1100
1099.52
1099.52
1100
1075.96
1092.46
1100
1099.52
1052.19
1099.52
1098.61
1099.99
1052.89
1100
1099.52
1062.2
1099.39
1100
1100
1100
1099.99
1100
1100
1055.23
1100
1052.15
1100
1100
1052.15
1100
1100
1052.41
1052.15
1100
1100
1052.2
1099.51
1100
1100
1099.52
1072.41
1100
1098.91
1097.29
1096.74
1099.37
1098.05
1092.85
1097.61
1099.54
1099.42
1098.47
1098.5
1100
1100
1099.99
1076.95
1100
1099.71
1099.94
1097.98
1099.97
1099.97
1099.72
1099.72
1100
1099.72
1099.97
1100
1099.72
1099.72
1100
1099.98
1099.72
1072.5
1099.72
1100
1099.72
1100
1099.72
1099.97
1099.72
1100
1100
1099.7
1085.8
1099.11
1099.8
1099.12
1099.68
1075.57
1099.94
1099.99
1099.72
1099.72
1099.72
1072.43
1092.83
1072.4
1100
1099.72
1099.7
1100
1100
1100
1099.57
1095.29
1099.22
1085.73
1099.31
1098.73
1078.38
1099.56
1098.1
1073.82
1099.95
1099.96
1099.72
1099.72
1099.72
1099.97
1099.72
1099.97
1099.72
1099.97
1099.97
1099.72
1099.72
1099.97
1099.72
1099.72
1100
1099.98
1099.99
1099.97
1099.72
1099.72
1099.97
1100
1100
1099.97
1099.72
1099.72
1099.72
1099.72
1072.41
1100
1099.03
1072.61
1088.85
1100
1100
1084.38
1100
1100
1100
1073.54
1072.43
1100
1072.38
1100
1100
1099.61
1072.39
1100
1072.4
1072.39
1100
1100
1099.72
1100
1072.63
1100
1098.32
1099.32
1099.59
1097.67
1092.61
1098.63
1087.22
1099.85
1085.84
1098.86
1085.8
1100
1094.59
1100
1085.76
1099.86
1099.78
1100
1099.85
1099.9
1099.98
1099.92
1099.92
1099.86
1099.86
1099.86
1100
1099.7
1086.19
1100
1100
1100
1099.86
1099.92
1099.86
1099.93
1099.86
1100
1097.17
1099.72
1099.97
1085.72
1085.79
1100
1091.47
1099.36
1099.7
1099.9
1088.34
1099.64
1099.97
1099.61
1099.87
1072.94
1099.91
1099.85
1099.96
1099.72
1085.77
1100
1099.72
1099.72
1099.97
1099.97
1099.86
1099.97
1099.97
1099.72
1099.72
1100
1099.72
1100
1100
1099.72
1099.92
1099.86
1099.86
1099.86
1099.97
1099.72
1100
1100
1099.72
1099.72
1095.97
1100
1099.72
1099.97
1099.72
1099.72
1099.97
1099.72
1099.98
1100
1100
1100
1099.82
1085.81
1100
1100
1100
1080.28
1100
1099.99
1100
1100
1072.45
1099.72
1100
1100
1074.79
1099.45
1072.38
1100
1100
1099.72
1099.84
1100
1100
1085.92
1098.9
1099.54
1098.74
1099.74
1099.69
1099.18
1098.99
1099.99
1099.92
1100
1100
1099.99
1099.86
1099.86
1099.94
1099.81
1099.92
1100
1093.08
1099.95
1099.82
1099.93
1099.93
1100
1099.88
1099.86
1099.86
1099.93
1100
1099.93
1099.86
1100
1099.84
1099.05
1094.06
1100
1099.86
1099.92
1099.86
1100
1100
1097.92
1085.72
1100
1099.66
1100
1099.85
1100
1100
1100
1085.84
1099.88
1099.77
1099.83
1099.57
1099.86
1089.87
1099.94
1086.13
1086.51
1099.85
1099.92
1085.79
1099.92
1085.92
1100
1085.76
1099.92
1099.98
1099.86
1099.92
1099.86
1099.86
1100
1099.92
1099.86
1100
1100
1099.86
1100
1099.86
1099.86
1099.92
1099.92
1099.86
1099.86
1099.96
1099.95
1099.86
1099.86
1099.92
1099.92
1100
1099.86
1099.86
1099.86
1099.86
1099.86
1099.93
1099.86
1100
1099.85
1086.6
1088.59
1100
1100
1092.42
1100
1100
1085.99
1096.49
1100
1099.86
1085.69
1099.91
1099.4
1085.76
1100
1085.79
1100
1085.88
1100
1100
1099.63
1098.22
1099.74
1099.5
1095.14
1099.45
1093.13
1099.82
1093.01
1092.89
1099.39
1100
1100
1100
1093.35
1099.91
1099.93
1099.93
1099.82
1098.24
1093.06
1100
1099.82
1099.93
1099.93
1099.93
1099.93
1099.93
1100
1100
1093.24
1100
1099.93
1100
1099.93
1100
1099.93
1099.86
1099.93
1099.82
1100
1099.91
1099.77
1099.95
1099.97
1099.93
1100
1100
1093.06
1099.85
1099.81
1099.69
1097.15
1099.78
1099.81
1099.97
1093.39
1093.64
1099.82
1099.93
1093.03
1099.92
1099.99
1099.93
1099.93
1100
1099.82
1099.93
1099.93
1099.92
1092.99
1099.82
1099.82
1099.93
1099.93
1099.82
1099.93
1099.93
1100
1100
1100
1099.86
1099.93
1100
1099.93
1099.86
1099.86
1099.99
1099.86
1099.81
1099.95
1099.86
1099.86
1099.86
1099.92
1099.93
1099.86
1099.93
1090.3
1100
1100
1099.92
1100
1093.09
1100
1100
1097.32
1100
1087.35
1100
1093
1100
1099.85
1100
1100
1100
1100
1093.17
1099.77
1099.36
1098.43
1099.83
1094.63
1099.74
1094.53
1099.96
1099.97
1100
1100
1100
1099.87
1096.89
1099.99
1099.6
1096.57
1099.6
1099.97
1096.63
1099.1
1100
1096.7
1099.97
1100
1099.99
1100
1099.59
1099.61
1099.89
1099.97
1099.82
1099.82
1099.93
1099.93
1100
1100
1099.93
1099.99
1096.27
1100
1100
1099.93
1100
1099.89
1099.91
1099.89
1100
1099.97
1099.18
1097.01
1099.88
1099.98
1099.61
1093.21
1099.82
1093.05
1099.94
1092.98
1099.82
1100
1099.97
1092.93
1099.93
1099.82
1099.97
1099.62
1099.97
1099.98
1099.93
1099.93
1099.93
1099.97
1099.93
1099.83
1099.93
1100
1100
1099.85
1100
1099.89
1099.81
1099.93
1100
1099.93
1100
1099.93
1099.93
1099.93
1099.93
1099.86
1099.82
1099.78
1099.93
1099.93
1099.93
1100
1100
1093.58
1099.95
1093.23
1100
1099.93
1100
1100
1093.23
1098.93
1092.9
1099.66
1100
1100
1096.7
1100
1100
1100
1099.93
1093.04
1099.53
1096.83
1100
1100
1100
1099.97
1100
1100
1099.75
1099.96
1099.96
1096.71
1096.63
1099.98
1096.53
1099.98
1100
1099.96
1098.47
1099.97
1099.94
1099.97
1099.61
1099.97
1099.97
1099.99
1099.97
1100
1099.97
1099.97
1100
1100
1099.97
1100
1100
1099.22
1100
1099.19
1099.99
1099.78
1099.98
1099.64
1099.67
1099.96
1096.86
1096.82
1099.99
1100
1100
1099.95
1096.77
1099.95
1099.99
1099.61
1099.62
1099.96
1096.56
1100
1099.6
1099.6
1099.97
1099.97
1099.97
1096.56
1099.6
1099.6
1099.6
1096.5
1100
1096.56
1100
1100
1099.98
1099.97
1100
1099.93
1099.97
1099.97
1099.96
1099.97
1099.8
1099.96
1099.97
1099.72
1099.99
1099.93
1099.93
1099.85
1099.99
1099.81
1099.97
1099.93
1099.97
1098.64
1096.68
1100
1100
1100
1093.95
1099.96
1095.29
1100
1099.68
1099.45
1100
1100
1100
1099.96
1096.64
1099.82
1098.47
1099.91
1099.91
1100
1097.36
1099.97
1099.97
1100
1099.95
1099.97
1099.98
1099.98
1099.22
1099.99
1099.19
1099.99
1099.18
1098.3
1099.98
1098.3
1099.15
1099.15
1100
1099.98
1099.98
1100
1099.83
1099.67
1098.37
1099.99
1099.98
1100
1099.98
1099.99
1098.41
1099.97
1099.98
1099.99
1099.97
1099.98
1099.98
1099.99
1099.46
1098.14
1099.97
1099.98
1099.99
1099.98
1099.99
1099.99
1099.97
1099.6
1099.97
1099.46
1099.62
1096.65
1099.99
1096.57
1099.6
1100
1099.98
1096.46
1099.17
1099.99
1099.99
1099.96
1099.58
1100
1100
1099.64
1100
1099.97
1099.97
1099.97
1099.97
1100
1099.64
1099.69
1099.97
1099.97
1100
1099.96
1099.97
1100
1099.96
1096.95
1100
1096.77
1099.96
1100
1100
1096.95
1100
1098.43
1100
1099.9
1099.99
1099.86
1099.95
1098.46
1098.42
1099.99
1099.17
1098.3
1099.99
1099.98
1099.98
1099.99
1099.72
1099.55
1099.21
1099.98
1099.99
1098.38
1098.45
1099.98
1099.39
1098.53
1099.99
1099.98
1099.99
1099.98
1099.98
1099.98
1099.99
1099.99
1099.99
1099.98
1099.98
1099.2
1099.98
1099.16
1098.28
1099.99
1098.48
1099.56
1099.66
1099.99
1100
1099.99
1099.99
1097.12
1097.69
1100
1099.98
1099.99
1099.97
1099.21
1099.99
1099.98
1098.36
1099.99
1098.34
1098.31
1099.99
1099.17
1099.99
1098.3
1099.99
1099.16
1100
1098.25
1098.27
1098.34
1099.99
1099.91
1099.33
1099.95
1099.99
1099.39
1099.25
1099.99
1099.98
1099.99
1099.98
1099.99
1099.22
1099.98
1099.1
1099.98
1099.22
1099.99
1099.98
1099.29
1099.98
1099.99
1099.98
1099.99
1099.98
1099.98
1099.99
1099.99
1099.98
1099.99
1099.99
1099.98
1099.98
1099.99
1099.99
1099.98
1099.99
1099.98
1098.62
1099.98
1098.52
1099.99
1099.99
1099.09
1099.98
1099.99
1099.99
1098.72
1099.99
1098.44
1099.99
1099.24
1099.33
1099.99
1099.99
1099.98
1099.99
1099.98
1099.98
1098.88
1099.28
