299.95
296.78
244.164
299.759
299.947
299.939
299.924
299.902
299.871
299.829
299.774
299.702
299.612
299.5
299.365
299.202
299.009
298.786
298.528
298.228
297.879
297.459
297.025
246.757
253.6
262.454
271.026
277.821
282.908
286.626
289.352
291.361
292.855
293.973
294.807
295.426
295.88
296.209
296.443
296.604
296.708
296.765
255.642
266.7
274.971
280.961
285.364
288.679
291.323
293.39
295.004
296.265
297.238
297.978
298.533
298.943
299.241
299.45
299.6
299.691
299.743
299.761
299.766
299.775
299.786
299.8
299.815
299.832
299.847
299.864
299.878
299.892
299.905
299.916
299.925
299.933
299.94
299.944
299.947
299.949
297.032
293.234
299.875
299.361
284.286
299.814
299.791
291.156
296.118
298.807
299.912
298.782
273.086
299.771
299.94
297.99
280.08
299.54
299.907
295.088
296.665
299.646
289.961
294.816
299.85
260.817
299.752
299.945
296.918
294.29
294.814
293.826
294.459
293.294
295.088
294.057
294.839
295.725
296.376
296.955
297.028
296.457
297.193
297.619
297.788
297.474
298.012
298.208
298.486
298.17
298.723
298.385
298.932
298.963
298.776
298.186
298.583
299.048
297.945
298.388
297.678
298.186
298.599
297.439
297.078
296.369
295.867
294.838
298.45
298.927
299.183
299.364
299.455
299.507
299.577
299.672
299.62
299.639
299.721
299.692
299.765
299.735
299.811
299.763
299.691
293.763
296.438
297.394
297.01
297.665
297.588
298.11
297.998
298.451
298.375
298.659
298.751
298.222
299.82
299.782
299.852
298.948
299.007
299.72
293.518
296.708
298.818
299.103
294.349
292.905
291.839
291.197
299.182
299.379
299.319
299.48
299.528
299.707
289.805
287.405
298.324
299.606
299.554
299.86
299.442
299.122
298.755
299.645
292.788
298.86
299.666
299.635
299.694
299.774
299.888
299.872
299.833
299.271
299.898
285.63
290.854
284.599
287.084
292.534
299.263
296.855
297.069
297.417
299.18
299.058
299.908
299.412
299.569
282.163
281.198
284.513
299.6
299.564
298.219
299.744
289.307
287.513
298.678
299.737
299.665
299.801
299.304
298.731
298.254
297.812
296.6
296.984
297.647
297.26
297.804
297.468
297.892
298.115
298.125
298.418
297.699
299.894
299.245
299.802
299.781
299.725
299.708
297.7
296.995
298.272
299.584
299.498
298.44
298.69
281.286
299.58
292.484
294.776
299.874
295.369
298.905
299.218
299.458
299.509
299.539
299.664
299.642
299.761
299.717
299.922
299.514
299.398
299.746
296.948
296.117
296.012
294.83
295.038
293.704
280.487
275.31
284.491
287.599
298.258
287.387
298.528
288.546
290.147
292.1
292.53
297.799
298.38
299.887
299.871
299.856
299.884
299.859
277.054
299.9
299.864
298.336
267.018
277.031
295.679
299.194
299.002
299.162
298.97
299.111
299.272
293.746
294.931
299.522
299.091
299.361
299.132
299.044
299.395
297.173
291.814
290.843
298.452
298.364
295.562
299.943
299.939
299.94
299.926
299.924
299.908
299.881
299.878
299.845
291.218
289.929
299.769
299.647
297.801
299.652
299.936
299.041
299.267
296.437
297.989
293.973
295.182
295.965
296.82
297.763
297.322
297.967
295.404
291.805
297.413
299.727
299.664
297.958
298.752
298.574
277.895
272.66
299.432
299.443
299.84
299.599
296.646
285.824
288.646
298.692
287.466
293.244
291.517
299.838
296.38
297.629
289.267
299.85
299.505
299.557
295.669
299.128
299.746
299.783
290.99
299.352
299.816
298.903
299.847
295.768
297.477
297.765
298.057
299.795
299.042
296.761
295.916
299.534
297.843
299.396
299.686
299.154
299.918
296.123
298.011
281.407
299.017
295.472
299.717
299.626
298.526
298.088
298.616
296.574
297.299
268.689
298.714
299.258
299.407
299.445
299.49
299.322
296.075
299.401
299.274
299.344
266.523
296.125
296.54
296.844
297.072
297.225
292.743
294.218
299.042
299.818
299.844
299.802
299.798
299.784
299.824
299.731
299.76
299.826
299.894
299.93
299.324
299.709
299.798
297.361
298.742
299.737
298.724
289.929
299.701
293.367
298.847
297.706
299.578
299.277
274.375
299.926
296.076
297.671
299.491
299.878
284.425
298.266
299.842
299.87
256.673
299.947
296.984
299.935
299.768
299.843
299.911
299.922
299.746
299.905
299.933
299.868
299.45
299.207
298.918
299.617
