1071.2
1089.85
1093.31
1060.93
1072.51
1040.42
1053.55
1071.13
1070.9
1070.54
1070.03
1069.39
1068.64
1067.77
1066.81
1065.76
1064.64
1063.43
1062.17
1062.03
1063.38
1063.62
1064.33
1064.78
1064.99
1065.04
1064.18
1063.82
1063.32
1062.63
1061.84
1060.05
1058.99
1057.92
1056.71
1055.46
1053.07
1051.69
1050.41
1049.06
1047.7
1044.96
1043.56
1042.4
1041.21
1039.97
1037.01
1035.79
1034.92
1034.18
1032.91
1030.17
1029.04
1028.56
1028.05
1027.13
1023.95
1023
1022.96
1022.89
1022.06
1018.12
1017.13
1017.56
1018.02
1017.06
1011.68
1010.31
1011.41
1012.66
1011.11
1002.99
1000.75
1003.26
1005.91
1002.35
988.581
984.979
991.176
995.465
984.07
956.734
949.846
948.879
949.52
951.029
955.699
957.784
959.195
960.585
962.613
968.725
971.232
972.487
973.577
975.928
984.1
987.28
988.064
988.394
991.433
1003.21
1007.64
1006.99
1005.6
1010.87
1029.95
1036.32
1031.33
1027.57
1042.2
1079.05
1089.9
1092.89
1093.79
1093.94
1093.81
1093.58
1093.55
1093.69
1093.76
1093.73
1093.59
1093.31
1092.85
1091.85
1090.84
1090.36
1090.06
1089.9
1091.21
1092.39
1093.41
1094.27
1095.01
1095.64
1096.17
1096.62
1096.99
1097.29
1097.51
1097.66
1097.75
1097.76
1097.7
1097.57
1097.36
1097.08
1096.71
1096.28
1095.77
1095.18
1094.52
1093.8
1093.02
1092.17
1091.26
1090.3
1089.29
1088.22
1087.1
1085.95
1084.75
1083.51
1082.24
1080.94
1079.61
1078.26
1076.89
1075.51
1074.13
1072.75
1071.37
1070.02
1068.68
1067.37
1066.1
1064.88
1063.72
1062.62
1061.58
1060.59
1059.66
1058.8
1058.02
1057.31
1056.68
1056.14
1055.67
1055.29
1055.01
1054.81
1054.7
1054.68
1054.76
1054.93
1055.19
1055.55
1055.99
1056.53
1057.15
1057.85
1058.62
1059.47
1060.38
1061.35
1062.37
1063.43
1064.52
1065.63
1066.75
1067.87
1068.97
1070.04
1071.07
1072.03
1072.93
1073.73
1074.42
1075
1075.44
1075.73
1075.85
1075.8
1075.56
1075.12
1074.47
1073.6
1072.52
1027.27
1057.81
1034.54
1082.85
1097.61
1097.43
1096.61
1062.81
1022.56
1078.9
1070.63
1066.1
1054.43
1044.43
972.079
1025.04
1069.91
1074.83
1073.62
1054.6
1075.64
976.982
1055.26
988.268
999.984
1056.2
1069.91
1093.64
1094.29
1053.79
1041.97
1021.37
1016.28
1048.37
1094.85
1090.78
1065.39
1093.41
1087.65
1015.88
1063.05
989.481
1000.81
1012.29
1058.4
1065.48
1061.16
1010.33
1060.97
1094.08
1075.03
1094.04
1071.3
1091.67
1065.58
1067.04
1059.09
1010.04
1065.65
1032.98
1096.88
982.755
1076.16
1039.88
1056.27
1094.05
1091.25
1093.97
1073.5
1071.81
1072.19
1063.5
1092.42
1066.08
1066.28
1090.74
1075.71
1095.02
1054.33
975.17
1003.9
1063.25
1020.62
1067.73
1038.08
1071.91
1056.5
1074.9
1055.23
996.441
1004.88
1057.49
1054.62
974.345
986.424
1030.01
1056.9
1059.26
992.048
1064.82
1026.37
1056.3
1097.67
1062.2
1085.33
1060.94
1095.65
1097.26
1038.43
1096.49
1047.51
1081.57
1074.78
1073.39
1051.91
1069.28
1021.82
1067.95
1092.59
1096.02
1089.79
1019.1
1045.89
1092.66
1093.89
1068.09
1093.82
1072.42
1064.72
1054.73
1095.77
1080.87
1063.1
1026.12
1068.4
1022.78
1072.55
1053.46
1066.09
992.547
1040.78
1050.34
1089.29
1092.19
1011.63
1057.74
1094.03
1094.34
1067.01
1069.12
1072.34
1058.08
1065.81
1094.2
1093.43
1074.38
1093.31
1075.47
1095.06
1066.26
1064.38
1083.78
1075.76
1096.17
1049.42
1074.32
1070.94
1031.63
1066.6
1017.68
1062.18
1003.45
1068.83
1054.34
1042.18
1006.9
1021.25
1064.36
1072.81
971.375
1064.92
976.309
1075.34
1054.89
996.366
1060.18
988.868
1057.61
1054.42
1061.99
1013
981.891
1055.67
998.905
1008.46
1058.25
1060
1009.6
1001.62
1056.8
1031.83
1028.22
1054.87
992.837
1063.83
979.247
1027.31
1055.72
1066.19
1064.19
1016.92
1033.41
1024.44
1097.47
1097.68
1097.59
1096.97
1084.11
1097.2
1036.49
1080.25
1050.02
1086.51
1095.47
1055.39
1077.54
1072
1040.43
1059.41
1091.71
1066.65
1043.92
1022.24
1094.16
1088.74
1016.91
1048.4
1067.07
1093.21
1070.67
1069.05
1094.01
1092.11
1065.92
1091.4
1094.3
1094.22
1072.87
1073.26
1097.45
1097
1096.59
1037.19
1085.92
1089.62
1075.49
1030.03
1066.16
1070.57
1068.04
1050.89
1064.7
1035.51
1074.01
1053.3
993.349
1001.39
1054.31
1054.92
1007.52
1044.2
1020.06
1063.28
1017.75
1061.15
1022.45
1061.64
1015.37
1059.11
1056.61
1094.44
1051.87
1093.4
1075.21
1073.19
1093.9
1067.7
1095.66
1053.31
992.1
1004.86
1011.5
1065.4
1032.11
1053.36
1088.22
1022.01
1025.03
1091.28
1093.84
1069.76
1094.22
1068.08
1074.12
1066.42
1093.51
1092.74
1067.47
1094.4
1070.94
1067.61
1075.36
1075.05
1085.37
1079.98
1046.7
1065
1032.37
1060.59
1019.38
1072.47
1069.52
1008.34
1063.11
1056.92
996.046
993.855
1054.77
1054.01
1053.69
1063.86
1029.29
1014.44
1058.64
1058.18
1053.63
1068.43
1014.2
1042.75
999.285
1058.92
1064.44
1055.31
1028.66
1066.62
1033
1097.18
1097.39
1034.23
1095.2
1079.52
1076.77
1039.33
1046.81
1065.75
1059.54
1083.47
1073.96
1026.88
1061.9
1096.26
1051.97
1056.28
1082.18
1090.31
1023.79
1093.05
1042.65
1071.15
1071.7
1093.75
1094.31
1070.08
1066.96
1092.53
1068.89
1092.54
1067.49
1032.47
1056.62
1095.13
1035.52
1077.53
1063.59
1080.04
1029.75
1068.83
1026.3
1075.06
1051.89
1068.89
1065.42
1065.3
1051.81
1010.55
1052.11
1094.46
1043.08
1091.99
1086.66
1090.09
1039.79
1060.79
1029.07
1056.66
1020.48
1055.13
1069.95
1005.6
1056.17
1059.44
1053.39
1066.04
1067.87
1093.67
1092.4
1075.45
1068.79
1094.38
1096.17
1074.77
1095.12
1067.1
1074.9
1090.46
1074.6
1073.9
1065.71
1053.26
992.319
1003.44
1055.51
1052.19
1012.48
1071.56
1073.29
1006.09
1009.48
1060.08
1016.59
1057.37
1053.93
1002.62
1064.23
1048.73
1061.92
1076.05
1059.59
1016.85
1052.89
1053.42
995.814
1013.06
1031.22
1055.92
998.919
1067.3
1038.92
1055.02
1062.74
1026.01
1054.42
1094.47
1097.35
1097.24
1028.91
1050.44
1075.37
1063.41
1084.72
1035.78
1094.55
1096.92
1096.67
1062.2
1045.5
1018.89
1097.46
1078.16
1038.25
1027.61
1060.76
1087.09
1064.45
1021.15
1028.04
1089
1080.32
1045.79
1093.05
1094.09
1071.76
1094.57
1094.53
1073.72
1072.53
1096.53
1072.76
1097.13
1059.63
1051.52
1008.05
1019.01
1054.27
1074.47
1094.14
1093.33
1053.6
1049.85
1064.43
1087.08
1026.12
1073.18
1033.02
1017.02
1012.31
1075.92
1096.85
1064.46
1023.88
1059.16
1094.87
1072.35
1069.88
1087.85
1083.97
1061.89
1042.73
1054.6
1053.4
1033.44
1062.24
1070.26
1030.6
1062.17
1025.55
1093.73
1082.97
1085.49
1048.93
1095.18
1094.64
1093.83
1074.36
1075.02
1068.47
1095.68
1068.65
1068.83
1087.55
1074.59
1066.63
1073.5
1068.19
1097.02
1064.75
1071.92
1051.68
1009
1063.03
1045.73
1021.41
1051.67
1069.97
1013.77
1051.86
1057.08
1021.29
1055.08
1016.04
1010.86
1059.74
1057.63
1036.91
1031.66
1052.58
1053.06
1014.57
1008.58
1067.76
1066.6
1052.46
1058.48
1055.05
1072.26
1068.69
1019.41
1055.8
1026.48
1076.1
1027.13
1041.73
1038.99
1096.18
1078.95
1036.62
1091.06
1087.81
1044.37
1034.46
1059.96
1022.88
1060.82
1032.26
1031.51
1058.11
1095.7
1055.01
1092.9
1047.34
1081.66
1067.42
1094.3
1070.89
1094.59
1073.81
1068.87
1093.87
1069.3
1072.82
1065.95
1062.24
1035.36
1089.1
1075.94
1063.68
1045.04
1050.7
1030.28
1024.12
1069.15
1037.06
1058.06
1072.96
1061.98
1058.82
1036.53
1021.74
1034.33
1021.44
1050.08
1049.18
1047.79
1082.71
1028.24
1055.85
1026.77
1051.19
1053.47
1060
1043.86
1055.19
1051.25
1094.68
1074.45
1095.69
1049.58
1024.26
1086.08
1060.93
1055.11
1094.88
1094.81
1074.23
1070.55
1094.7
1094.47
1096.15
1070.04
1070.08
1074.3
1089.57
1067.93
1074.11
1096.82
1091.62
1093.14
1097.12
1072.05
1084.28
1078.67
1070.98
1064.79
1068.03
1065.66
1070.21
1073.06
1063.2
1061.57
1055
1049.45
1051.56
1058.59
1022.02
1050.23
1053.97
1067.28
1016.69
1018.15
1051.57
1008.09
1033.81
1053.63
1015.01
1009.56
1023.89
1058.68
1028.11
1034.23
1026.11
1037.77
1092.43
1096.57
1031.58
1074.66
1052.08
1058.46
1084.26
1037.99
1097.04
1040.33
1071.72
1059.49
1060.89
1024.77
1094.15
1087.31
1091.45
1078.76
1050.63
1074.8
1073.14
1071.49
1094.81
1069.47
1094.57
1041.25
1094.62
1092.72
1096.59
1095.96
1068.17
1051.93
1071.15
1096.65
1072
1067.18
1068.17
1083.3
1059.59
1039.74
1089.52
1055.28
1039.2
1085.35
1049.26
1053.43
1073.75
1063.29
1047.5
1073.73
1073.46
1070.2
1032.19
1024.73
1050.49
1053.65
1027.32
1049.18
1038.98
1065.12
1057.39
1029.53
1081.54
1037.15
1095.21
1095.22
1082.94
1032.99
1072.76
1070.95
1094.87
1096.11
1073.77
1069.75
1073.96
1068.69
1095.18
1067
1071.17
1096.73
1091.14
1063.55
1081.44
1066.86
1081
1062.06
1078.6
1049.4
1022.72
1030.13
1022.75
1071.23
1021.97
1054.31
1025.4
1049.28
1050.94
1047.94
1050.23
1051.28
1060.5
1056.04
1055.83
1027.77
1049.75
1023.45
1041.27
1021.17
1021.12
1052.66
1058.56
1056.04
1036.5
1051.02
1046.35
1090.38
1071.41
1043.74
1035.91
1049.21
1077.37
1030.94
1074.52
1083.29
1046.39
1036.17
1060.88
1034.58
1094.88
1090.76
1053.84
1062.31
1056.51
1080.18
1028.8
1056.59
1073.55
1047.11
1077.89
1070.45
1057.36
1035.15
1073.34
1051.84
1049.19
1032.92
1034.31
1070.9
1069.85
1094.54
1064.83
1088.22
1067.34
1046.92
1056.82
1064.31
1040.49
1043.21
1053.56
1055.78
1032.02
1046.16
1048.76
1047.08
1031.1
1031.18
1046.45
1046.15
1032.98
1088.25
1054.64
1072.98
1096.11
1062.13
1087.25
1044.99
1080.52
1060.88
1058.5
1039.98
1049.81
1052.51
1078.79
1048.57
1046.33
1095.66
1071.13
1095.04
1096.43
1072.69
1073.6
1093.86
1068.16
1096.76
1069.26
1071.19
1087.33
1089.26
1085.31
1066.06
1065.78
1067
1064.56
1062.22
1096.33
1060.91
1095.49
1092.96
1086.44
1076.14
1091.92
1047.19
1037
1041.23
1030.49
1032.58
1048.51
1068.77
1033.67
1049.97
1049.22
1020.98
1038.76
1053.46
1046.04
1057.7
1044.99
1048.72
1031.59
1040.47
1056.74
1069.81
1082.93
1052.51
1042.48
1035.35
1040.06
1066.62
1038.42
1039.06
1086.9
1076.45
1051.74
1033.71
1058.17
1037.75
1071.9
1095.1
1095.24
1061.86
1043.55
1031.87
1050.78
1058.73
1095.45
1095.54
1095.14
1096
1072.99
1096.25
1071.82
1096.36
1071.09
1069.23
1093.58
1067.18
1065.88
1064.63
1095.21
1092.38
1091.07
1093.88
1041.4
1045.5
1059.58
1084.01
1049.85
1065.58
1051.91
1080.73
1055.36
1046.72
1047.54
1078.85
1043.62
1045.46
1053.69
1072.21
1046.98
1041.36
1039.47
1038.57
1046.42
1038.36
1045.86
1038.76
1062.28
1057.04
1060.81
1055.23
1073.23
1070.46
1096.33
1069.07
1070.28
1095.73
1089.69
1063.52
1063.4
1088.82
1046.36
1030.57
1054.26
1046.77
1047.1
1059.99
1046.29
1032.61
1031.29
1053.13
1058.52
1049.67
1052.61
1050.81
1032.85
1046.8
1046.07
1030.75
1066.53
1074.9
1033.21
1051.22
1051.29
1048.39
1034.8
1071.92
1068.99
1045.89
1078.64
1058.22
1056.03
1040.9
1044.89
1044.61
1095.59
1072.11
1072.11
1039.17
1068.24
1062.19
1091.54
1084.55
1082.55
1085.67
1041.87
1042.39
1060.87
1078.48
1042.92
1071.89
1049.01
1055.31
1047.9
1051.72
1050.02
1043.82
1066.71
1038.36
1039.03
1037.64
1070.24
1048.69
1045.42
1037.96
1037.96
1072.4
1095.45
1069.29
1065.99
1092.61
1054.18
1046.18
1051.69
1079.59
1063.74
1047.42
1082.36
1044.7
1042.4
1060.22
1038.66
1074.93
1095.83
1072.79
1043.85
1095.95
1071.47
1095.9
1070.87
1070.11
1095.64
1070.25
1095.13
1068.26
1094.42
1067.11
1094.62
1064.73
1063.46
1060.9
1090.26
1044.24
1043.01
1043.9
1058.47
1058.36
1059.62
1060.4
1076.46
1056.35
1046.53
1073.93
1056.43
1069.36
1055.3
1043.27
1051.95
1063.69
1065.11
1053.32
1042.59
1044.96
1056.93
1068.13
1058.58
1038.75
1042.75
1042.62
1041.49
1042.31
1042.46
1062.6
1038.36
1044.66
1042.15
1038.57
1042.22
1040.34
1046.81
1060.43
1047.87
1068.41
1093.57
1043.79
1074.66
1054.35
1062.1
1045.73
1052.66
1050.27
1051.26
1050.85
1048.84
1042.34
1065.19
1038.44
1045.17
1039.36
1037.72
1044.72
1049.82
