33
33.5
34.5
34
33.005
33.02
33.045
33.08
33.125
33.18
33.245
33.32
33.405
34.31
34.14
33.99
33.86
33.75
33.66
33.59
33.54
33.51
34.405
34.32
34.245
34.18
34.125
34.08
34.045
34.02
34.005
33.81
33.64
33.49
33.36
33.25
33.16
33.09
33.04
33.01
33.9606
33.606
33.2104
33.1531
34.0865
33.8117
33.3894
33.0703
33.4768
33.8665
33.0867
33.2706
34.0903
33.6613
33.0244
33.9081
33.7572
33.8171
33.6361
33.6941
33.5363
33.5054
33.444
33.4961
33.3622
33.3057
33.2273
33.299
33.2059
33.2501
33.1534
33.1436
33.1161
33.0919
33.1631
33.1026
33.6779
33.6789
33.5616
33.5413
33.4044
33.3096
33.3199
33.2577
33.4061
33.1963
33.1285
33.8788
33.7554
33.5206
33.4199
33.3712
33.344
33.4266
33.3233
33.2574
33.2125
33.3713
33.4775
33.4801
33.5952
33.5469
33.7029
33.6459
33.7577
33.4955
33.6972
33.2177
33.1082
33.4485
34.0203
33.9502
34.1416
34.0561
33.9401
33.0408
33.5509
33.5669
33.4863
34.2039
33.8391
33.0421
33.3394
33.2116
33.8206
33.0538
33.5873
33.1532
33.5128
33.1089
33.0742
33.3079
33.2847
33.4252
34.2455
33.8225
33.4195
33.0137
33.1898
33.2515
33.0529
33.6428
33.8843
