292.968
282.279
218.42
288.396
292.925
292.795
292.58
292.282
291.903
291.448
290.921
290.33
289.682
288.989
288.25
287.485
286.711
285.941
285.184
284.461
283.826
283.205
282.642
218.597
219.215
220.397
222.396
225.781
231.099
238.658
247.196
255.138
261.68
266.814
270.813
273.944
276.407
278.335
279.82
280.925
281.691
282.138
226.673
235.252
242.435
248.973
254.862
260.057
264.697
268.763
272.312
275.41
278.099
280.413
282.387
284.048
285.414
286.502
287.36
287.937
288.283
288.424
288.514
288.66
288.856
289.098
289.385
289.709
290.035
290.397
290.748
291.107
291.451
291.776
292.071
292.33
292.56
292.731
292.863
292.942
277.496
263.512
290.728
288.197
239.295
289.523
291.068
264.305
276.963
283.478
291.717
285.87
230.056
288.714
292.613
283.872
247.693
287.021
292.333
271.671
280.27
289.885
251.852
271.857
290.171
226.886
288.402
292.837
282.054
268
269.534
265.593
267.673
263.81
269.758
266.458
269.096
271.923
274.187
276.38
276.533
274.536
277.145
278.782
279.41
278.232
280.306
281.12
282.317
280.952
283.386
281.845
284.491
284.558
283.588
281.057
282.691
284.919
280.174
281.876
279.284
281.103
282.73
278.372
277.302
275.116
273.909
271.196
282.118
284.158
285.719
286.766
287.462
287.688
288.309
289.032
288.48
288.921
289.59
289.506
290.148
290.026
290.774
290.433
289.778
266.169
274.55
278.267
276.94
279.551
279.549
281.703
280.909
283.169
282.534
284.118
284.316
282.566
291.016
290.126
291.283
285.557
285.485
290.168
267.997
276.303
283.63
284.932
269.571
266.023
264.254
262.053
285.393
286.44
286.024
286.916
287.309
289.15
260.035
255.354
281.631
289.103
288.566
291.466
286.609
286.327
284.743
289.556
263.003
284.501
288.677
287.978
288.546
289.717
291.784
291.481
291.265
285.698
292.023
253.584
262.835
250.176
252.861
264.36
286.076
276.425
277.909
279.809
286.335
285.469
292.025
286.385
287.347
248.24
244.214
247.148
288.756
287.945
281.578
289.3
256.002
251.004
283.422
290.437
289.856
290.139
286.516
283.226
281.371
279.829
276.656
278.706
281.245
280.336
282.298
281.62
282.912
283.167
283.61
284.164
282.792
291.713
285.516
289.805
289.438
288.695
288.472
279.485
277.327
281.434
289.267
288.714
284.639
285.116
239.159
287.773
263.235
269.335
291.339
271.13
284.5
286.307
288.309
288.432
287.099
287.944
287.722
288.871
288.223
292.192
288.914
288.16
288.634
277.234
274.899
274.704
271.819
272.183
269.111
247.404
241.353
252.846
257.643
284.3
257.796
285.124
258.527
261.974
265.722
261.028
279.824
281.818
291.053
290.861
290.525
291.18
290.882
237.318
291.384
290.481
283.446
228.153
231.77
274.602
287.416
286.639
287.172
286.389
286.781
287.518
266.842
270.25
289.067
285.445
287.135
284.902
284.522
286.212
277.796
258.031
255.976
282.247
281.997
272.836
292.724
292.737
292.793
292.56
292.452
292.306
291.973
291.869
291.56
259.46
255.325
289.194
287.669
279.832
289.316
292.626
284.756
285.918
278.822
280.408
268.088
271.384
273.354
281.332
279.439
277.844
280.173
272.905
259.631
278.474
290.506
289.949
280.263
283.411
283.159
242.317
235.643
287.081
286.917
291.553
287.635
275.33
245.437
250.685
283.044
245.247
268.428
264.854
289.933
275.497
283.351
257.706
290.935
287.424
288.927
271.862
285.511
289.642
290.747
260.389
286.488
290.618
284.143
291.085
272.448
278.339
279.38
283.755
290.972
284.588
275.913
272.821
288.138
281.159
286.265
288.2
285.399
292.276
274.136
282.323
235.324
284.43
272.558
288.908
288.232
283.796
280.679
284.5
275.571
282.618
234.623
283.436
286.369
287.277
287.835
287.969
287.098
274.144
287.77
287.074
287.677
234.544
275.567
277.781
279.55
280.947
281.971
266.698
270.008
286.246
289.767
290.2
289.505
289.204
288.944
290.185
288.411
288.535
290.541
291.487
292.287
287.923
288.102
291.078
282.995
285.564
290.535
283.153
261.877
288.014
268.576
285.418
279.52
289.338
285.638
241.52
292.599
274.911
283.232
286.77
291.975
253.347
284.467
291.451
291.687
226.457
292.906
282.478
292.441
289.058
290.549
291.897
292.024
288.319
292.196
292.475
291.096
288.592
286.989
285.971
287.5
