260.753
235.888
208.824
256.802
260.664
260.394
259.944
259.318
258.518
257.547
256.412
255.12
253.678
252.098
250.393
248.576
246.68
244.735
242.776
240.861
239.137
237.574
236.437
208.838
208.883
208.961
209.073
209.235
209.442
209.711
210.056
210.512
211.13
212.001
213.297
215.302
218.366
222.518
227.04
230.943
233.737
235.362
213.042
217.353
221.319
225.25
228.967
232.471
235.788
238.875
241.725
244.336
246.703
248.823
250.696
252.319
253.692
254.808
255.702
256.311
256.68
256.823
256.893
257.007
257.161
257.354
257.585
257.853
258.119
258.427
258.723
259.038
259.344
259.637
259.907
260.144
260.365
260.522
260.65
260.726
246.13
215.721
258.679
250.358
213.244
257.648
256.775
235.414
223.136
251.739
259.543
244.67
212.713
257.02
260.377
239.424
224.358
255.336
259.453
218.334
229.714
254.203
214.267
241.303
258.205
212.69
256.777
260.588
234.726
216.817
221.266
220.051
224.027
223.03
227.706
226.706
230.167
231.141
234.389
235.405
237.499
236.66
239.722
240.442
242.494
242.34
244.377
244.76
246.593
245.566
248.34
247.249
249.082
250.11
249.527
247.147
249.067
251.262
246.795
248.69
246.412
248.328
250.071
244.783
244.338
242.096
241.656
239.19
249.764
251.631
251.756
253.212
253.689
254.487
254.931
256
255.587
255.391
256.445
255.86
256.934
256.286
257.558
256.596
255.427
229.345
232.298
236.499
233.728
237.435
236.132
239.717
239.569
242.293
242.211
243.98
245.03
240.117
257.621
257.316
258.289
246.409
247.478
255.718
236.492
243.946
251.344
252.735
236.926
233.974
233.56
230.844
253.006
254.196
253.929
254.925
255.206
256.523
230.443
227.173
249.542
254.172
253.757
258.43
254.717
248.209
244.584
254.517
225.882
246.754
256.173
256
256.494
257.31
259.041
258.716
257.796
253.733
259.27
226.979
233.271
223.767
224.114
231.355
252.764
242.625
232.261
233.947
249.3
248.655
259.528
254.567
255.527
223.625
220.143
220.357
254.637
255.208
241.851
256.991
224.583
220.856
246.064
255.872
254.681
257.651
252.281
251.151
249.489
247.766
228.655
230.649
235.523
232.714
236.934
234.767
237.877
239.188
239.552
241.538
237.059
259.204
253.654
257.652
257.367
256.762
256.588
247.681
245.675
249.685
253.45
252.236
241.91
243.781
215.731
255.546
228.649
232.671
258.802
225.278
247.995
250.318
251.891
252.845
255.334
256.185
256.009
257.043
256.549
259.872
252.384
250.94
256.864
245.787
243.491
243.557
241.117
241.137
238.596
223.809
220.239
227.176
230.282
240.79
230.805
242.733
230.244
233.2
235.939
219.105
248.247
250.126
258.957
258.688
258.409
258.951
258.521
216.386
259.245
258.467
240.839
212.705
212.644
220.404
248.5
246.604
248.18
246.298
247.705
249.435
231.97
235.165
252.396
249.717
251.859
253.156
252.722
254.49
245.813
214.895
218.348
245.365
243.775
222.831
260.485
260.377
260.414
260.011
259.933
259.487
258.798
258.751
257.945
225.175
221.509
257.209
256.021
239.137
255.07
260.284
251.97
253.328
226.373
248.012
234.522
237.501
238.235
232.605
245.247
243.31
245.544
241.332
222.207
246.073
255.562
254.55
241.176
250.423
244.413
220.116
216.481
254.074
254.514
257.811
255.739
239.025
217.002
217.681
251.136
213.723
238.557
235.636
258.004
243.668
237.963
227.566
258.369
254.853
253.226
233.495
250.732
256.911
256.818
228.059
253.688
257.779
250.816
258.273
235.905
238.364
244.323
239.449
256.952
252.559
241.014
228.956
254.173
237.177
254.488
256.379
252.348
259.777
240.221
238.268
212.84
252.535
239.635
256.714
255.869
242.588
243.064
243.176
230.527
236.132
216.586
247.309
251.316
252.807
252.38
253.309
250.904
226.85
251.438
249.907
250.451
216.885
224.801
227.143
229.738
232.365
234.603
236.17
238.845
247.125
257.782
258.17
257.558
257.402
257.2
257.953
256.693
256.881
257.993
259.176
260.072
249.959
256.458
256.938
237.074
244.275
255.796
251.356
233.426
256.386
238.492
245.24
247.875
253.259
253.852
220.683
260.01
243.866
237.751
255.038
258.704
227.876
240.997
257.913
258.609
212.819
260.65
235.989
260.216
257.157
258.246
259.578
259.823
256.711
259.414
260.178
258.684
251.499
248.86
245.818
255.823
