251.573
222.527
207.359
248.838
251.479
251.195
250.724
250.065
249.221
248.196
246.992
245.616
244.072
242.366
240.515
238.519
236.402
234.186
231.899
229.583
227.361
225.224
223.527
207.367
207.392
207.435
207.493
207.574
207.675
207.801
207.956
208.151
208.395
208.712
209.137
209.737
210.632
212.022
214.129
216.902
219.719
221.764
210.995
214.419
217.906
221.178
224.349
227.359
230.218
232.897
235.386
237.681
239.774
241.658
243.33
244.786
246.022
247.031
247.84
248.392
248.727
248.852
248.9
248.979
249.086
249.218
249.378
249.566
249.746
249.961
250.163
250.382
250.595
250.798
250.985
251.147
251.304
251.41
251.5
251.554
239.259
211.929
250.114
240.506
210.775
249.387
247.391
229.883
214.676
244.259
250.706
234.168
210.539
248.966
251.288
227.935
220.418
247.504
250.215
212.914
217.885
244.656
211.311
235.008
249.786
210.645
248.799
251.432
221.728
212.356
215.824
215.318
218.578
218.126
221.666
221.191
224.125
224.606
227.416
227.93
230.121
229.695
232.357
232.708
234.808
234.942
236.665
236.863
238.599
237.828
240.289
239.493
240.784
241.984
241.612
239.59
241.345
243.233
239.415
241.136
239.194
240.922
242.501
237.59
237.327
235.322
235.062
232.893
242.311
243.92
243.546
244.927
245.235
246.136
246.428
247.458
247.183
246.734
247.763
247.052
248.116
247.337
248.6
247.523
246.35
223.716
225.187
228.508
225.968
229.057
227.554
230.696
230.938
233.076
233.324
234.665
235.902
230.654
248.549
248.625
249.282
236.949
238.382
246.516
230.552
237.095
243.74
245.003
230.79
228.255
228.035
225.585
245.177
246.27
246.093
247.008
247.204
248.076
225.375
222.6
242.183
245.079
244.821
249.364
246.867
238.851
235.051
245.28
220.793
237.964
247.845
247.944
248.329
248.826
249.993
249.736
248.638
245.968
250.157
222.534
227.892
219.729
219.897
225.856
244.638
235.642
223.963
224.792
240.26
239.87
250.502
246.765
247.609
219.704
216.698
216.76
245.852
246.935
233.338
248.614
220.136
217.031
237.589
246.563
245.32
249.058
243.883
243.631
242.189
240.591
220.684
221.634
225.597
222.709
226.406
223.953
227.01
228.785
228.747
231.229
225.705
250.252
245.936
249.235
249.046
248.615
248.493
240.573
238.789
242.4
244.032
242.743
231.218
233.615
212.904
247.442
223.363
226.544
249.931
219.142
239.477
241.553
242.532
243.714
247.465
248.21
248.082
248.907
248.572
250.865
242.813
241.345
248.79
238.931
236.856
236.961
234.818
234.785
232.564
219.922
216.934
222.77
225.416
229.774
225.914
231.915
225.309
227.905
230.259
214.91
241.138
242.814
250.303
250.048
249.862
250.221
249.812
213.536
250.5
249.966
230.928
210.596
210.442
213.656
238.466
236.358
238.21
236.14
237.849
239.719
226.18
228.907
242.726
241.183
243.101
245.534
245.125
246.736
238.848
211.588
214.565
237.198
235.434
216.467
251.364
251.21
251.225
250.827
250.787
250.277
249.556
249.555
248.661
220.439
217.389
248.962
248.125
230.892
246.13
251.154
244.135
245.385
216.075
240.734
228.554
231.121
231.559
219.895
237.859
236.09
238.01
234.88
217.738
238.994
246.104
245.086
233.06
242.717
235.716
216.765
213.664
245.868
246.483
248.485
247.758
232.016
213.827
214.228
243.666
211.041
232.611
230.048
249.645
236.942
225.92
222.803
249.581
246.705
243.937
226.966
242.387
248.341
247.639
223.059
245.619
248.974
242.956
249.371
229.311
230.546
236.846
228.279
247.686
244.903
234.015
222.272
245.55
227.866
246.712
248.347
244.374
250.686
233.504
228.354
210.53
244.926
233.152
248.442
247.655
233.045
235.071
233.304
223.076
223.792
213.771
239.06
242.759
244.219
243.426
244.539
241.914
219.862
242.247
240.64
240.998
214.022
217.279
218.298
219.575
221.117
222.649
230.382
232.702
237.444
249.433
249.721
249.27
249.225
249.088
249.435
248.672
248.87
249.298
250.346
251.076
240.151
248.51
247.604
224.63
233.897
246.402
243.897
228.138
248.457
232.525
235.453
240.785
243.727
246.141
217.352
250.8
237.259
225.912
247.219
249.427
223.404
229.844
248.684
249.473
210.797
251.473
223.02
251.176
248.964
249.629
250.646
250.899
248.752
250.246
251.104
249.911
241.816
239.299
235.817
247.937
