1088.09
1093.11
1096.46
1072.89
1099.61
1094.98
1064.7
1087.96
1087.56
1086.9
1086
1084.89
1083.59
1082.15
1080.61
1079.01
1077.38
1075.81
1074.24
1074.31
1073.79
1077.69
1076.96
1074.5
1071.64
1069.57
1072.19
1069.68
1064.7
1059.34
1055.86
1059.07
1055.6
1048.03
1039.96
1035.95
1041.68
1037.48
1025.34
1012.91
1009.86
1020.74
1013.15
988.775
967.011
963.389
962.497
962.77
963.551
964.214
966.647
964.878
966.853
969.928
973.354
976.157
974.376
977.107
981.834
987.14
990.927
987.943
991.297
998.474
1006.7
1011.21
1005.28
1009.39
1021.85
1035.61
1039.58
1027.52
1035.75
1063.51
1089.86
1095.21
1097.24
1097.98
1098.26
1098.38
1098.42
1098.44
1098.45
1098.45
1098.45
1098.45
1098.45
1098.45
1098.45
1098.45
1098.45
1098.45
1098.45
1098.45
1098.45
1098.45
1098.45
1098.45
1098.45
1098.45
1098.44
1098.44
1098.43
1098.42
1098.4
1098.37
1098.34
1098.29
1098.23
1098.15
1098.05
1097.93
1097.79
1097.62
1097.43
1097.21
1096.98
1096.71
1096.67
1096.84
1096.9
1096.88
1096.75
1096.49
1096.01
1095.06
1094.1
1093.61
1093.32
1093.16
1094.37
1095.57
1096.48
1097.25
1097.86
1098.35
1098.74
1099.04
1099.27
1099.45
1099.58
1099.67
1099.74
1099.79
1099.83
1099.85
1099.87
1099.88
1099.88
1099.89
1099.89
1099.89
1099.89
1099.89
1099.89
1099.89
1099.89
1099.89
1099.89
1099.89
1099.89
1099.89
1099.89
1099.89
1099.89
1099.89
1099.89
1099.89
1099.89
1099.89
1099.89
1099.88
1099.87
1099.86
1099.84
1099.81
1099.77
1099.71
1099.62
1099.51
1099.37
1099.2
1098.98
1098.71
1098.4
1098.05
1097.65
1097.21
1096.74
1096.24
1095.72
1095.18
1094.64
1094.11
1093.58
1093.09
1092.61
1092.18
1091.78
1091.42
1091.11
1090.84
1090.62
1090.43
1090.28
1090.17
1090.1
1090.08
1090.09
1090.14
1090.23
1090.36
1090.53
1090.73
1090.96
1091.23
1091.51
1091.8
1092.08
1092.33
1092.53
1092.66
1092.69
1092.6
1092.35
1091.92
1091.29
1090.47
1089.33
996.862
1047.06
986.624
1099.89
1099.67
1099.84
1099.04
1060.29
1006.89
1099.89
1099.86
1072.72
1093.12
1098.59
1098.7
1098.68
1090.25
1098.3
1091.43
1095.35
1092.41
1098.7
1091.65
1098.63
1095.85
1097.42
1084.72
1096.77
1097.26
1030.58
988.955
1020.75
1029.22
1019.14
1099.88
1099.89
1099.74
1099.89
1099.89
1041.92
1099.58
1098.7
1098.7
1098.7
1090.04
1089.58
1089.58
1048.65
1099.3
1097.66
1091.75
1097.16
1087.16
1094.8
1074.41
1080.11
1098.86
1063.2
1065.94
991.097
1099.87
1098.7
1099.88
984.592
1090.87
1097.2
1094.41
1097.09
1090.31
1088.07
1088.75
1075.42
1095.59
1073.95
1074.55
1098.03
1092.39
1097.88
1094.22
1098.69
1098.7
1089.5
1098.69
1089.83
1098.65
1090.8
1098.48
1092.02
1096.44
1098.25
1082.44
1098.23
1092.6
1098.7
1098.7
993.583
1090.55
1089.85
1098.7
1065.16
1004.54
1042.26
1099.79
1054.2
1099.89
1050.6
1098.36
1099.44
984.892
1099.88
1011.76
1099.89
1099.88
1099.88
1027.79
1099.85
1010.62
1099.83
1099.89
1099.88
1099.89
1022.24
1004.07
1095.8
1097.02
1081.72
1096.93
1089.17
1076.93
1038.09
1099.86
1099.87
1059.88
1029.44
1099.84
1038.6
1099.86
1091.69
1068.38
1098.95
1006.4
1025.42
1099.87
1099.87
1098.95
1088.28
1097.16
1097.32
1078.45
1082.6
1088.2
1045.78
1077.85
1097.44
1096.5
1091.13
1097.86
1092.16
1097.92
1074.67
1076.25
1098.17
1092.46
1098.74
1098.54
1091.74
1090.51
1098.66
1089.69
1098.7
1089.52
1098.7
1090.02
1093.66
1098.62
1098.7
1098.69
1089.52
1091.11
1098.7
1098.4
1098.7
1092.25
1092.11
1098.7
1089.7
1098.7
1090.27
1094.79
1099.46
1044.94
1098.67
1096.95
1097.57
1072.3
1098.57
1099.1
1054.6
1090.79
1097.84
992.949
994.332
1095.91
1098.52
1063.95
1098.7
1001.68
1091.24
1068.37
1099.67
1036.9
987.776
1005.61
1099.57
1099.74
1099.82
1099.27
1099.89
1099.86
985.666
1099.89
1024.38
1099.89
1099.88
1035.16
1099.89
1099.87
985.299
1049.12
1099.89
1099.79
995.643
1016.96
1099.89
1099.89
1024.21
1020.1
1099.81
1096.36
1086.03
1083.27
1097.14
1095.23
1078.47
1094.54
1097.44
1097.37
1089.15
1089.87
1099.65
1099.83
1099.05
1008.61
1099.87
1098.39
1091.77
1018.9
1088.05
1089.15
1098.78
1098.91
1099.78
1098.94
1090.73
1093.59
1098.92
1098.95
1096.1
1089.59
1094.41
1008.22
1050.25
1099.66
1058.65
1099.44
1098.95
1087.75
1067.39
1099.06
1098.1
1097.42
1033.75
1096.55
1091.6
1088.86
1098.06
1075.85
1098.39
1092.3
1098.94
1098.05
1085.51
1065.45
1014.4
1034.43
1099.87
1042.17
1032.48
1099.87
1099.87
1099.85
1097.35
1080.93
1090.65
1078.64
1096.58
1095.91
1077.33
1097.61
1085.68
1074.48
1091.64
1091.41
1098.52
1098.63
1098.92
1087.9
1098.94
1087.8
1098.95
1089.92
1088.81
1098.95
1098.83
1088.53
1098.95
1098.95
1096.67
1090.56
1091.1
1087.8
1098.95
1098.95
1088.08
1098.79
1094.88
1088.5
1073.09
1098.93
1098.79
1098.86
1062.6
1097.19
1020.71
1071.11
1012.13
1099.44
1099.77
1010.54
1099.86
1099.87
1099.87
1006.78
1015.05
1099.78
1049.69
1099.87
1099.86
1026.23
1056.75
1099.85
1030.34
1041.89
1099.87
1099.87
1035.33
1099.87
1006.76
1099.86
1087.03
1096.88
1097.44
1084.18
1079.26
1095.71
1077.75
1098.55
1070.58
1036.1
1044.23
1099.82
1030.14
1099.83
1060.04
1098.96
1043.41
1099.83
1054.78
1090.65
1089.21
1086.4
1085.29
1099.1
1099.14
1099.14
1094.58
1097.54
1023.87
1099.83
1099.83
1099.83
1099.14
1084.87
1099.14
1085.16
1080.07
1098.5
1082.98
1098.95
1088.83
1050.55
1037.3
1099.81
1079.46
1096.73
1098.24
1091.77
1078.71
1097.85
1098.76
1091.23
1097.98
1073.18
1090.4
1098.69
1091.1
1098.71
1065.61
1092.94
1098.94
1098.95
1089.19
1088.51
1099.14
1089.52
1090.33
1096.79
1090.6
1099.27
1062.73
1098.47
1095.5
1098.57
1085.06
1099.14
1099.12
1099.02
1087.92
1098.95
1095.99
1094.24
1098.88
1079.38
1016.81
1097.67
1098.95
1088.25
1098.94
1098.89
1087.76
1098.95
1090.05
1099.82
1099.56
1099.8
1046.12
1030.42
1099.87
1099.75
1099.87
1009.7
1099.86
1099.27
1099.84
1099.57
1011.03
1054.46
1099.72
1099.87
1007.58
1023.18
1053.34
1099.87
1099.73
1046.03
1048.86
1099.83
1099.83
1024.38
1096.21
1097.16
1086.19
1097.67
1097.7
1089.88
1087.62
1099.05
1088.52
1099.63
1099.71
1091.52
1099.12
1099.14
1086.29
1089.17
1098.67
1099.77
1044.01
1085.6
1081.45
1099.12
1099.32
1099.83
1057.27
1091.8
1098.49
1099.27
1099.74
1099.31
1064.91
1099.47
1097.92
1086.41
1080.76
1099.8
1098.89
1084.86
1099.14
1097.73
1096.64
1033.98
1056.91
1099.83
1040.79
1099.7
1058.01
1099.83
1099.83
1099.83
1027.65
1098.06
1097.95
1098.38
1090.4
1090.76
1079.29
1098.43
1074.81
1076.45
1098.81
1090.04
1068.14
1089.07
1072.84
1099.42
1062.93
1087.96
1089.97
1099.14
1084.89
1099.14
1099.14
1093.08
1086.89
1097.78
1093.85
1099
1076
1098.15
1094.58
1098.85
1084.87
1084.88
1099.14
1099.14
1087.87
1087.28
1099.14
1099.09
1085.97
1085.6
1095.31
1099.13
1099.13
1099.06
1099.08
1084.25
1085.52
1099.14
1099.83
1051.72
1024.33
1026.03
1099.79
1099.83
1028.49
1099.83
1099.83
1023.83
1031.95
1099.42
1068.47
1053.69
1059.58
1038.36
1047.43
1099.81
1040.84
1099.83
1025.63
1099.83
1099.82
1097.37
1084.63
1097.72
1089.29
1081.23
1096.94
1075.65
1086.84
1066.94
1059.08
1050.55
1099.78
1099.79
1099.77
1039.19
1083.9
1067.19
1095.17
1083.8
1046.34
1051.52
1099.79
1080.86
1099.31
1068.13
1099.3
1099.31
1098.87
1094.97
1091.37
1039.21
1099.78
1075.57
1099.33
1085.03
1098.14
1099.31
1082.03
1099.32
1080.58
1097.11
1098.48
1089.42
1098.47
1086.59
1099.31
1099.79
1099.74
1046.34
1097.98
1097.82
1089.47
1083.03
1097.7
1098.18
1098.78
1078.85
1079.98
1088.77
1099.05
1071.59
1089.59
1099.27
1098.95
1098.82
1099.54
1086.08
1099.18
1099.25
1087.42
1064.41
1083.09
1081.9
1099.3
1099.29
1081.15
1099.31
1085.89
1093.2
1092.31
1099.26
1072.14
1084.71
1097.22
1099.3
1099.14
1088.27
1090.75
1099.13
1054.97
1086.76
1096.53
1099.02
1099.14
1084.76
1099.32
1099.14
1087.96
1027.08
1099.78
1099.77
1061.99
1099.83
1042.03
1099.65
1099.83
1044.4
1099.69
1025.06
1099.83
1054.04
1099.62
1061.37
1099.76
1099.78
1099.78
1099.79
1040.65
1090.69
1087.94
1084.77
1098
1081.17
1097.56
1040.98
1098.92
1099.17
1099.59
1099.7
1099.79
1082.64
1082.15
1099.26
1084.18
1070.98
1080.04
1099.41
1058.76
1057.84
1099.72
1053.85
1099.46
1099.72
1088.57
1099.59
1087.83
1076.74
1080.78
1099.44
1087.57
1084.55
1099.32
1093.13
1095.78
1098.73
1081.94
1090.48
1042.84
1099.78
1099.57
1069.78
1099.79
1066.17
1098.25
1098.14
1099.74
1090.93
1086.37
1082.75
1098.25
1098.8
1087.45
1077.37
1088.22
1073.7
1098.53
1069.3
1085.31
1099.51
1099.25
1061.74
1099.22
1082.46
1099.43
1076.34
1099.43
1087.61
1099.31
1099.32
1097.77
1099.45
1098.45
1081.22
1090.68
1092.29
1096.52
1079.58
1097.26
1083.23
1080.29
1099.31
1099.12
1078.72
1094.12
1096.7
1099.31
1099.27
1099.11
1082.15
1080.53
1078.97
1099.31
1099.31
1099.32
1099.78
1099.79
1039.68
1070
1039.77
1099.79
1064.51
1099.79
1099.77
1038.96
1048.34
1056.5
1052.7
1099.75
1099.71
1052.7
1099.76
1099.45
1099.79
1072.51
1048.86
1088.02
1051.64
1099.72
1099.73
1099.71
1099.45
1099.73
1098.97
1077.81
1083.1
1076.24
1079.97
1076.81
1099.26
1066.68
1099.52
1099.73
1083.43
1062.71
1099.45
1074.71
1099.46
1075.15
1099.46
1094.38
1088.04
1099.45
1095.61
1097.91
1099.31
1093.62
1091.43
1088.55
1099.72
1099.65
1086.1
1099.47
1071.4
1099.64
1074.66
1099.55
1076.2
1076.38
1076.27
1051.82
1052.35
1099.7
1097.93
1096.78
1098.5
1081.2
1098.74
1099.06
1085.19
1086.85
1099.06
1072.96
1099.4
1081.09
1083.16
1099.35
1099.31
1099.39
1068.87
1078.11
1079.05
1077.4
1062.39
1099.65
1060.52
1099.73
1099.69
1099.53
1099.44
1099.7
1082.13
1099.45
1099.46
1098.91
1092.76
1078.6
1099.45
1099.44
1077.28
1089.55
1099.22
1099.31
1081.7
1089.13
1080.18
1099.46
1099.32
1095.84
1055.85
1055.29
1099.79
1099.7
1099.5
1040.26
1071.96
1041.7
1099.78
1062.07
1059.91
1099.72
1099.72
1099.37
1078.3
1056.9
1064.08
1084.62
1098.27
1098.2
1099.72
1053.01
1099.39
1099.45
1099.71
1098.53
1098.78
1099.14
1098.8
1085.55
1099.05
1082.56
1099.23
1081.27
1076.5
1099.34
1073.16
1074.46
1073.26
1099.6
1099.41
1099.45
1099.67
1071.04
1073.14
1064.25
1099.64
1099.57
1099.73
1099.57
1099.65
1061.74
1084.68
1099.56
1099.67
1081.04
1099.56
1099.57
1099.65
1071.13
1054.39
1077.78
1096.51
1099.44
1082.87
1099.3
1092.74
1099.45
1074.82
1099.46
1071.98
1086.09
1078.47
1099.37
1074.93
1082.13
1099.55
1099.49
1064.41
1072.29
1099.63
1086.99
1099.16
1074.47
1094.69
1096.12
1076.16
1092.55
1099.42
1097.02
1099.45
1099.46
1098.39
1075.79
1076.83
1085.81
1099.45
1090.29
1098.51
1099.45
1099.73
1080.55
1052.38
1099.18
1051.37
1074.03
1099.73
1099.73
1052.11
1099.72
1063.42
1099.69
1072.84
1097.17
1076.38
1098.52
1084.18
1083.44
1095.59
1077.25
1066.63
1099.6
1099.54
1099.55
1099.64
1069.07
1067.1
1070.75
1099.56
1083.65
1082.41
1061.41
1099.57
1070.72
1061.98
1099.62
1099.55
1099.65
1097.39
1079.38
1088.37
1099.65
1099.59
1099.08
1084.54
1090.54
1083.73
1098.98
1078.59
1071.37
1099.58
1061.88
1071.99
1076.36
1099.65
1099.73
1099.53
1099.65
1052.54
1053.47
1099.72
1081.1
1099.67
1098.8
1084.73
1095.1
1099.02
1081.18
1099.19
1079.74
1078.16
1099.32
1079.95
1099.42
1074.85
1099.49
1075.88
1099.64
1069.59
1068
1065.36
1099.62
1077.99
1065.35
1079.52
1099.66
1071.46
1070.47
1099.66
1099.56
1099.65
1085.86
1099.58
1068.97
1099.54
1067.61
1082.36
1068.92
1099.66
1099.57
1069.79
1099.54
1098.33
1099.56
1099.58
1099.56
1099.22
1093.56
1084.96
1099.52
1092.09
1086.38
1099.56
1098.1
1097.73
1090.6
1098.99
1089.2
1099.47
1062.37
1099.56
1061.86
1099.65
1099.54
1064.02
1099.56
1099.65
1099.66
1062.67
1099.64
1061.27
1099.64
1069.31
1070.29
1087.81
1099.65
1098.62
1098.77
1099.38
1086.41
1063.19
1069.81
