300
298.053
255.676
299.999
300
300
300
299.999
299.999
299.998
299.997
299.995
299.992
299.987
299.979
299.965
299.942
299.905
299.844
299.743
299.576
299.292
298.826
262.323
273.508
283.086
289.542
293.386
295.433
296.627
297.27
297.62
297.811
297.917
297.977
298.01
298.029
298.04
298.046
298.049
298.049
298.05
277.943
288.19
293.511
296.382
297.955
298.82
299.331
299.617
299.778
299.871
299.925
299.956
299.974
299.985
299.991
299.995
299.997
299.998
299.999
299.999
299.999
299.999
299.999
299.999
299.999
299.999
299.999
299.999
299.999
300
300
300
300
300
300
300
300
300
299.914
298.523
299.999
299.979
296.627
299.999
299.997
299.307
298.721
299.982
300
299.906
291.719
299.999
300
299.643
295.993
299.996
299.999
298.672
298.744
299.993
298.06
299.76
299.999
282.806
299.999
300
298.752
298.618
299.077
298.995
299.311
299.198
299.525
299.436
299.607
299.673
299.778
299.807
299.853
299.824
299.887
299.904
299.927
299.919
299.945
299.951
299.965
299.954
299.974
299.965
299.979
299.982
299.978
299.959
299.973
299.986
299.951
299.968
299.941
299.961
299.975
299.927
299.911
299.867
299.835
299.748
299.971
299.984
299.988
299.992
299.993
299.995
299.996
299.997
299.996
299.996
299.998
299.997
299.998
299.997
299.998
299.998
299.996
299.505
299.716
299.826
299.747
299.837
299.793
299.869
299.879
299.912
299.919
299.933
299.949
299.86
299.998
299.998
299.999
299.957
299.97
299.997
299.606
299.892
299.981
299.988
299.689
299.509
299.37
299.23
299.989
299.993
299.992
299.995
299.996
299.998
298.993
298.414
299.967
299.994
299.994
299.999
299.994
299.972
299.936
299.995
299.296
299.967
299.997
299.997
299.998
299.998
299.999
299.999
299.999
299.991
299.999
297.956
299.222
297.547
298.235
299.422
299.99
299.894
299.648
299.656
299.98
299.978
300
299.994
299.996
296.74
296.225
297.361
299.995
299.996
299.921
299.998
298.733
298.183
299.963
299.997
299.995
299.999
299.99
299.979
299.965
299.948
299.45
299.463
299.656
299.47
299.657
299.482
299.659
299.769
299.742
299.848
299.539
299.999
299.991
299.999
299.999
299.998
299.998
299.944
299.911
299.966
299.992
299.989
299.833
299.904
295.946
299.996
299.354
299.665
299.999
299.38
299.975
299.985
299.988
299.992
299.996
299.998
299.997
299.999
299.998
300
299.989
299.984
299.998
299.909
299.858
299.853
299.76
299.775
299.642
296.124
293.605
297.64
298.539
299.766
298.517
299.846
298.747
299.109
299.434
298.855
299.949
299.97
299.999
299.999
299.999
299.999
299.999
294.193
300
299.999
299.854
287.856
293.678
298.703
299.965
299.942
299.963
299.941
299.962
299.975
299.565
299.717
299.988
299.983
299.99
299.989
299.987
299.994
299.919
298.355
298.614
299.958
299.945
299.126
300
300
300
300
300
299.999
299.999
299.999
299.999
299.075
298.701
299.999
299.997
299.88
299.996
300
299.986
299.991
298.734
299.955
299.628
299.761
299.819
298.75
299.941
299.918
299.948
299.803
299.009
299.93
299.996
299.994
299.915
299.979
299.948
294.842
291.913
299.994
299.994
299.998
299.997
299.861
297.492
298.197
299.978
297.525
299.597
299.349
299.999
299.874
299.423
298.823
299.999
299.995
299.992
299.734
299.986
299.998
299.998
299.135
299.992
299.999
299.982
299.999
299.781
299.871
299.937
299.693
299.998
299.987
299.882
299.582
299.995
299.782
299.994
299.998
299.988
300
299.843
299.777
295.562
299.986
299.798
299.998
299.997
299.907
299.937
299.905
299.623
299.197
289.445
299.971
299.988
299.992
299.991
299.993
299.987
299.425
299.988
299.982
299.983
287.996
299.154
299.171
299.183
299.2
299.212
299.517
299.693
299.96
299.999
299.999
299.999
299.999
299.999
299.999
299.998
299.999
299.999
299.999
300
299.977
299.998
299.998
299.213
299.905
299.996
299.979
299.065
299.998
299.608
299.938
299.945
299.991
299.992
293.155
300
299.858
299.473
299.995
299.999
297.647
299.761
299.999
299.999
278.761
300
298.778
300
299.999
299.999
300
300
299.999
299.999
300
299.999
299.985
299.974
299.94
299.997
