1073.09
1090.21
1093.72
1062.41
1082.07
1042.18
1053.87
1073.01
1072.77
1072.37
1071.83
1071.15
1070.35
1069.43
1068.42
1067.33
1066.17
1064.93
1063.66
1063.48
1064.88
1064.93
1065.62
1066.06
1066.24
1066.23
1065.11
1064.66
1064.12
1063.36
1062.48
1060.36
1059.19
1058.07
1056.8
1055.45
1052.65
1051.16
1049.86
1048.49
1047.02
1043.79
1042.28
1041.14
1039.96
1038.62
1035.04
1033.7
1032.91
1032.28
1030.84
1027.39
1026.08
1025.74
1025.38
1024.27
1020.06
1018.83
1019.05
1019.31
1018.17
1012.64
1011.13
1012.11
1013.25
1011.61
1003.42
1001.11
1003.57
1006.18
1002.58
988.777
985.153
991.334
995.609
984.2
956.851
949.954
948.982
949.621
951.13
955.801
957.889
959.304
960.697
962.729
968.845
971.358
972.624
973.728
976.095
984.288
987.491
988.301
988.661
991.738
1003.57
1008.05
1007.46
1006.14
1011.49
1030.68
1037.15
1032.25
1028.59
1043.36
1080.38
1091.36
1094.46
1095.46
1095.68
1095.61
1095.42
1095.16
1094.88
1094.59
1094.3
1094
1093.95
1094.09
1094.16
1094.12
1093.98
1093.69
1093.22
1092.22
1091.21
1090.73
1090.43
1090.27
1091.58
1092.75
1093.77
1094.63
1095.37
1096
1096.53
1096.99
1097.38
1097.7
1097.98
1098.2
1098.37
1098.5
1098.59
1098.63
1098.63
1098.58
1098.47
1098.31
1098.08
1097.8
1097.45
1097.03
1096.55
1096.01
1095.4
1094.72
1093.98
1093.18
1092.31
1091.4
1090.43
1089.4
1088.33
1087.22
1086.06
1084.86
1083.63
1082.36
1081.06
1079.74
1078.4
1077.04
1075.67
1074.3
1072.93
1071.58
1070.26
1068.99
1067.76
1066.56
1065.41
1064.31
1063.29
1062.35
1061.48
1060.7
1060.01
1059.41
1058.91
1058.5
1058.19
1057.99
1057.88
1057.88
1057.98
1058.19
1058.49
1058.9
1059.4
1059.99
1060.66
1061.42
1062.25
1063.15
1064.11
1065.12
1066.17
1067.24
1068.34
1069.44
1070.53
1071.6
1072.63
1073.61
1074.52
1075.35
1076.07
1076.68
1077.15
1077.47
1077.63
1077.6
1077.39
1076.97
1076.34
1075.48
1074.41
1024.02
1057.8
1032.26
1088.86
1098.18
1098.59
1096.99
1063.36
1018.2
1085.44
1077.68
1067.23
1057.47
1085.15
982.869
1050.27
1071.45
1095.96
1075.22
1058.4
1077.37
989.606
1057.83
974.45
982.023
1060.89
1071.62
1094.02
1094.65
1053.55
1040.48
1016.7
1010.1
1047.52
1097.63
1095.07
1072.18
1096.8
1092.75
1008.82
1069.52
1004.1
1017.95
1032.12
1060.39
1067.05
1062.91
1001.88
1067.05
1095.13
1076.87
1094.44
1073.1
1092.04
1067.08
1068.61
1064.72
999.105
1066.68
1030.73
1098.51
996.508
1082.97
1038.41
1058.57
1094.53
1091.62
1094.38
1075.38
1073.65
1074.05
1064.99
1092.78
1067.53
1067.61
1095.67
1077.51
1095.38
1057.73
977.088
1021.62
1064.9
1042.83
1069.27
1066.01
1073.47
1094.9
1076.56
1059.46
971.487
992.996
1062.65
1057.49
986.541
1000.97
1027.22
1059.09
1061.16
1007.12
1065.67
1023.07
1056.16
1098.48
1062.75
1090.91
1061.36
1096
1097.7
1036.85
1098.38
1046.73
1087.77
1081.68
1080.37
1051.43
1076.31
1017.39
1074.93
1096.29
1098.2
1094.36
1013.7
1044.99
1093.03
1094.28
1069.7
1094.24
1074.31
1066.22
1054.4
1098.09
1087.21
1063.56
1022.45
1075.5
1018.57
1079.64
1056.23
1066.95
1003.57
1039.27
1049.69
1094.05
1096.08
1026.25
1059.57
1094.43
1094.71
1068.36
1070.72
1074.14
1058.08
1067.29
1094.83
1093.79
1076.24
1095.42
1077.29
1095.42
1067.47
1065.82
1095.88
1077.53
1096.54
1092.22
1075.95
1072.49
1057.47
1068.16
1038.64
1063.88
1020.94
1070.37
1057.55
1076.06
1025.46
1045.17
1065.96
1074.39
979.357
1095.77
988.989
1077.04
1057.61
1012.53
1062
1003.62
1059.69
1058.02
1068.27
1005.19
976.413
1060.13
975.289
996.619
1063.65
1065.86
1000.21
988.414
1061.73
1029.47
1025.04
1058.88
972.186
1064.5
992.179
1024.19
1058.15
1067.33
1070.83
1010.47
1031.06
1020.59
1097.97
1098.36
1098.56
1097.37
1089.91
1098.58
1034.56
1086.63
1049.28
1091.86
1097.95
1055.27
1084.22
1079.03
1038.85
1059.62
1095.71
1073.55
1042.72
1017.88
1097.25
1093.58
1010.92
1047.55
1074.1
1093.59
1072.43
1070.71
1094.41
1092.48
1067.45
1091.77
1094.75
1094.68
1074.69
1075.12
1098.14
1098.46
1096.99
1035.36
1091.44
1096.1
1077.23
1027.23
1067.62
1072.05
1093.93
1074.91
1071.84
1055.6
1075.6
1056.6
996.149
1014.58
1058.43
1057.14
995.951
1043.05
1014.7
1069.91
1011.86
1067.39
1039.22
1063.22
1007.79
1064.9
1061.67
1094.82
1051.39
1093.78
1077.01
1074.96
1095.6
1068.98
1096.03
1056.26
1001.5
992.426
1002.8
1066.18
1029.65
1052.95
1093.24
1017.29
1021.18
1095.47
1097.11
1076.9
1094.63
1069.62
1075.97
1067.83
1093.88
1093.11
1068.8
1094.99
1072.64
1068.8
1077.05
1076.71
1096.21
1096.12
1068.92
1066.48
1051.39
1062.21
1035.77
1074
1070.99
1022.65
1091.03
1058.83
1008.47
1005.73
1059.11
1056.49
1056.31
1065.36
1047.12
1029.52
1060.38
1063.72
1057.33
1069.89
1006.33
1063.88
992.647
1086.64
1065.08
1059.89
1025.73
1067.56
1030.69
1097.68
1098.41
1032.07
1097.84
1086.04
1083.58
1037.67
1045.82
1072.69
1059.69
1089.43
1080.98
1023.5
1062.22
1098.28
1051.47
1056.09
1088.34
1094.79
1019.85
1096.63
1041.34
1078.28
1073.45
1094.14
1094.73
1071.72
1068.47
1092.9
1070.19
1096.28
1068.43
1030.23
1056.51
1097.85
1033.61
1084.41
1064.08
1095.41
1027.07
1076.18
1022.83
1076.74
1054.26
1070.24
1066.74
1085.02
1069.29
1021.61
1055.69
1094.88
1041.91
1096.11
1092.2
1094.79
1055.27
1062.18
1043.09
1058.22
1015.34
1060.25
1071.52
1019.56
1058.18
1059.56
1053.04
1073.29
1069.37
1094.04
1095.87
1077.22
1070.17
1095.3
1096.55
1076.6
1095.49
1068.15
1076.55
1096.44
1076.22
1095.53
1066.43
1056.38
999.026
1017.01
1057.61
1054.43
1024.13
1073.06
1074.85
993.465
999.44
1066.1
1009.79
1062.66
1057.83
992.197
1065.55
1065.76
1080.97
1093.98
1061.27
1032.6
1056.9
1056.92
993.956
1005.06
1028.59
1060.74
1011.75
1068.76
1059.59
1081.11
1064.27
1043.09
1056.77
1097.55
1097.94
1098.46
1026.12
1049.85
1082.3
1070.4
1090.46
1033.77
1097.51
1097.37
1098.4
1068.64
1044.43
1013.48
1098.3
1084.83
1036.51
1024.49
1061
1092.37
1071.25
1015.96
1025.04
1093.99
1086.88
1044.86
1093.42
1094.48
1073.44
1095.02
1095.07
1075.54
1074.26
1097
1074.24
1098.07
1066.71
1054.36
1014.63
1031.79
1056.07
1076.1
1096.41
1097.13
1053.36
1051.68
1065.56
1096.33
1036.95
1080.42
1031.19
1011.08
1008.09
1090.67
1098.27
1079.2
1019.85
1065.38
1095.34
1073.99
1071.31
1093.34
1096.17
1063.24
1058.73
1059.32
1057.64
1031.37
1062.6
1077.61
1028.01
1068.96
1021.93
1097.16
1089.16
1091.25
1048.23
1095.58
1095.4
1096.02
1076.15
1076.75
1069.92
1096.07
1069.8
1070.06
1096.45
1076.19
1067.46
1075.02
1069.25
1097.65
1065.36
1073.36
1054.2
1019.13
1064.37
1062.25
1034.41
1054.86
1071.35
1008.02
1055.23
1062.68
1016.37
1060.02
1009.72
1008.99
1061.16
1059.12
1051.97
1046.05
1054.69
1055.06
1026.67
1012.52
1069.1
1067.93
1056.24
1076.88
1072.95
1091.75
1088.71
1014.09
1057.43
1040.1
1083.12
1023.86
1040.45
1037.5
1098.21
1085.67
1034.83
1095.48
1093.11
1043.33
1032.47
1066.15
1018.55
1061.06
1030.32
1029.07
1058.12
1098.07
1054.78
1096.68
1046.53
1088.05
1074.75
1094.7
1072.52
1095.08
1075.56
1070.39
1094.25
1070.41
1074.24
1066.65
1062.61
1033.78
1094.45
1083.27
1071.33
1044.25
1052.32
1028.01
1021.5
1070.39
1035.64
1058.13
1080.5
1063.1
1073.23
1035.64
1029.95
1046.32
1022.42
1053.51
1051.86
1047.17
1089.32
1025.62
1061.75
1024.02
1055.69
1067.38
1061.21
1056.74
1056.39
1055.36
1096.12
1076.12
1096.12
1051.55
1034.48
1092.06
1068.25
1054.97
1095.41
1095.23
1075.94
1072.08
1095.1
1095.73
1096.57
1071.32
1071.44
1075.89
1096.67
1068.84
1075.67
1097.36
1096.74
1096.63
1097.89
1073.43
1095.6
1092.79
1072.39
1065.39
1069.24
1066.81
1085.23
1088.08
1064.33
1076.16
1056.71
1052.47
1054.58
1064.52
1017.38
1051.95
1058.45
1082.19
1029.17
1012.57
1054.24
1016.75
1032.07
1055.52
1008.64
1010.56
1037.16
1060.12
1039.35
1048.94
1023.36
1036.15
1096.64
1098.27
1029.52
1081.79
1051.75
1065.26
1090.24
1036.64
1098.2
1038.95
1079.02
1059.66
1067.46
1020.98
1097.51
1093.15
1096.05
1085.83
1050.2
1076.56
1074.83
1073.07
1095.44
1070.94
1094.96
1040.17
1096.77
1097.02
1097.96
1098.04
1075.93
1053.39
1072.58
1097.33
1073.32
1068
1069.26
1093.83
1059.86
1038.96
1095.24
1055.32
1049.52
1092.17
1051.51
1060.23
1075.37
1064.21
1048.71
1085.81
1074.94
1071.49
1043.97
1021.98
1054.15
1058.76
1024.57
1051.72
1037.72
1072.85
1063.87
1027.14
1088.29
1036.29
1095.78
1095.65
1089.99
1032.45
1074.36
1072.43
1095.79
1096.59
1075.34
1070.95
1075.5
1069.7
1096.17
1067.8
1072.5
1097.81
1096.9
1064.03
1094.43
1068.04
1092.22
1062.96
1090.29
1051.51
1032.09
1041.67
1021.14
1083.4
1021.39
1055.58
1022.63
1052.12
1054.84
1049.06
1054.25
1052.81
1061.6
1070.23
1061.47
1025.05
1052.97
1021.17
1053.93
1027.88
1024.03
1054.05
1059.7
1057.1
1048.71
1064.64
1059.46
1095.34
1079.04
1042.86
1034.96
1048.68
1084.58
1028.77
1081.95
1089.93
1045.68
1034.66
1061.15
1032.92
1097.79
1096.01
1053.79
1069.82
1062.68
1087.09
1026.29
1056.55
1075.21
1046.73
1085.65
1078.64
1065.24
1044.61
1081.41
1057.02
1050.19
1031.79
1033.25
1072.18
1070.96
1097.26
1065.46
1095.65
1075.61
1048.37
1057.15
1076.38
1040.54
1053.97
1054.39
1067.34
1031.71
1048.04
1060
1050.19
1032.1
1036.68
1049.08
1048.43
1032.21
1094.36
1061.87
1074.54
1097.7
1062.84
1094.35
1045.55
1090.19
1061.77
1059.41
1040.03
1049.59
1052.41
1086.75
1052.63
1049.61
1096.14
1072.49
1096.49
1096.99
1074.07
1075.11
1096.95
1069.08
1097.61
1070.41
1072.45
1095.93
1096.54
1095.03
1066.78
1066.77
1068.04
1065.51
1062.66
1098.04
1061.27
1097.97
1097.15
1094.65
1088.1
1096.66
1048.53
1046.97
1051.81
1033.31
1032.16
1049.56
1080.98
1042.44
1050.94
1051.61
1025.87
1051.19
1054.79
1048.03
1058.83
1055.92
1062.07
1031.54
1039.7
1056.86
1077.52
1090.33
1058.86
1041.49
1034.35
1038.88
1074.39
1037.61
1038.26
1093.35
1084.32
1057.64
1032.59
1058.37
1036.92
1073.44
1095.81
1095.72
1070.17
1042.97
1038.67
1062.16
1066.82
1096.18
1096.54
1097.1
1096.58
1074.49
1096.97
1073.11
1097.29
1072.31
1070.26
1097.27
1068.04
1066.74
1065.44
1097.78
1097.13
1096.83
1097.49
1041.38
1045.99
1060.02
1091.9
1059.54
1073.89
1061.73
1089.14
1055.62
1048.28
1057.06
1087.2
1044.51
1054.7
1063.61
1081.16
1047.41
1040.63
1039.52
1040.38
1052.57
1038.47
1051.37
1039.8
1074.21
1057.86
1072.53
1055.9
1074.68
1071.65
1097.53
1070.08
1071.48
1097.78
1096.34
1064.05
1064.16
1095.36
1048.15
1034.67
1055.06
1049.64
1050.33
1060.88
1048.74
1040.49
1031.64
1064.62
1070.13
1054.15
1053.48
1051.74
1031.85
1057.9
1048.2
1032.55
1078.69
1082.88
1032.04
1051.06
1056.75
1048.08
1033.77
1080.05
1077.21
1045.44
1086.38
1058.6
1063.62
1040.91
1048.08
1045.26
1096.17
1073.6
1073.53
1040.83
1069.25
1062.75
1096.76
1093.38
1091.88
1093.2
1041.8
1042.27
1061.54
1088.4
1043.92
1073.24
1049.06
1065.34
1048.35
1051.89
1057.95
1052.65
1075.84
1040.52
1039.08
1037.96
1079.29
1056.12
1050.32
1038.08
1038.56
1073.76
1096.86
1070.37
1066.77
1097.16
1054.42
1046.63
1052.6
1088.11
1072.07
1054.24
1090.54
1044.19
1041.74
1068.45
1038.74
1083.57
1096.57
1074.22
1046.29
1096.92
1072.75
1097.21
1072.07
1071.23
1097.42
1071.4
1097.53
1069.21
1097.53
1068.04
1097.7
1065.42
1064.08
1061.39
1096.17
1044.97
1042.86
1044.71
1067.48
1059.04
1060.27
1069.44
1086.56
1065.3
1048.22
1083.83
1056.98
1079.91
1055.78
1044.22
1052.42
1072.79
1075.32
1053.86
1050.89
1048.83
1067.06
1078.16
1068.79
1043.68
1044.72
1043.68
1049.13
1043.99
1043.6
1072.87
1041.04
1048.08
1043.63
1042.65
1043.56
1047.16
1046.78
1070.69
1047.88
1077.51
1097.41
1043.64
1084.83
1063.18
1071.17
1045.66
1061.27
1050.36
1059.57
1051.31
1049.3
1043.59
1074.3
1041.76
1049.53
1045.25
1037.92
1044.6
1050.28
