273.529
254.513
211.219
268.267
273.452
273.222
272.84
272.308
271.631
270.815
269.865
268.793
267.609
266.331
264.963
263.534
262.075
260.619
259.194
257.852
256.71
255.669
254.978
211.254
211.366
211.558
211.831
212.228
212.773
213.525
214.593
216.183
218.642
222.455
227.869
234.217
240.238
245.14
248.818
251.438
253.189
254.191
216.797
221.879
227.067
231.857
236.381
240.603
244.548
248.17
251.471
254.461
257.142
259.52
261.601
263.391
264.894
266.11
267.08
267.739
268.136
268.296
268.391
268.547
268.757
269.019
269.331
269.69
270.052
270.462
270.862
271.278
271.684
272.07
272.425
272.738
273.023
273.231
273.396
273.495
256.51
225.181
270.826
264.902
217.954
269.464
270.152
244.134
242.701
262.762
271.981
260.522
216.606
268.594
273.07
256.79
230.799
266.69
272.412
233.211
249.889
268.014
220.551
251.003
270.194
216.374
268.263
273.347
253.781
228.762
233.816
230.606
235.276
232.867
239.37
237.184
241.13
243.104
246.616
248.477
249.982
248.437
251.817
253.128
254.804
254.133
256.492
257.154
258.944
257.588
260.599
259.121
261.661
262.314
261.443
258.68
260.704
263.206
258.05
260.074
257.409
259.486
261.364
255.898
255.153
252.694
251.938
249.14
260.883
263.035
263.941
265.387
266.073
266.654
267.283
268.319
267.744
267.924
268.923
268.562
269.558
269.142
270.318
269.589
268.529
239.411
245.31
250.329
247.737
251.755
251.04
254.614
253.92
257.056
256.527
258.632
259.301
255.534
270.525
269.736
271.052
260.937
261.406
268.958
246.007
254.492
262.596
264.093
246.825
243.351
242.533
239.61
264.497
265.753
265.368
266.423
266.81
268.668
238.785
234.803
260.52
267.411
266.823
271.256
266.13
262.399
259.428
267.913
235.332
260.338
268.177
267.632
268.249
269.449
271.793
271.407
270.796
265.076
272.085
234.291
241.935
230.606
231.398
240.644
264.732
253.575
247.628
250.213
262.952
262.018
272.21
265.918
266.992
230.164
226.066
226.685
267.415
267.205
255.658
269.004
232.44
227.781
259.255
269.235
268.217
269.912
264.707
262.28
260.37
258.564
244.565
247.642
252.373
250.354
254.082
252.645
255.122
255.787
256.431
257.658
254.811
271.818
264.931
269.674
269.279
268.476
268.241
258.365
256.122
260.525
267.176
266.171
258.31
259.435
220.724
267.275
237.937
243.282
271.344
238.118
261.032
263.476
265.695
266.258
266.74
267.693
267.461
268.724
268.043
272.502
266.398
265.13
268.474
256.167
253.657
253.641
250.847
250.975
248.043
230.219
225.8
234.343
238.132
257.614
238.637
259.111
238.281
241.671
244.933
227.999
258.889
260.98
271.2
270.932
270.551
271.295
270.869
221.236
271.586
270.544
256.663
216.456
216.672
238.035
263.44
261.977
263.09
261.62
262.544
263.925
241.882
245.623
266.527
262.596
264.855
264.318
263.87
265.774
256.397
222.478
225.947
258.145
257.041
237.508
273.209
273.168
273.23
272.855
272.733
272.408
271.82
271.717
271.092
233.753
229.212
269.031
267.43
252.934
268.022
273.037
263.547
264.97
246.703
258.973
244.404
247.867
249.134
252.218
256.674
254.642
257.205
251.356
230.863
256.845
269.139
268.227
254.43
261.915
258.15
225.794
221.123
266.059
266.206
271.022
267.281
250.51
222.827
224.289
262.184
219.075
247.82
244.459
269.926
253.997
255.878
235.64
270.835
266.694
266.81
244.903
263.221
269.198
269.93
236.688
265.497
270.315
262.527
270.898
247.004
251.539
256.016
256.61
270.164
263.81
252.198
241.917
266.762
252.937
265.806
267.956
264.114
272.522
250.93
254.54
217.177
263.714
249.93
268.601
267.733
257.721
255.841
258.606
244.769
254.562
221.073
259.999
264.07
265.467
265.601
266.184
264.32
241.319
265.07
263.795
264.518
221.327
241.406
245.145
248.454
251.201
253.25
245.382
248.503
261.832
269.704
270.2
269.413
269.12
268.84
270.09
268.24
268.405
270.367
271.633
272.67
264.496
267.917
270.238
255.312
260.067
269.273
262.371
241.847
267.824
247.808
260.299
258.512
267.141
265.107
226.287
272.885
253.942
255.629
266.389
271.776
235.088
257.883
270.993
271.51
216.522
273.43
254.67
272.859
268.91
270.494
272.135
272.349
268.175
272.287
272.867
271.106
265.735
263.229
261.038
267.228
