1089.26
1093.28
1096.65
1073.79
1099.66
1097.57
1068.95
1089.13
1088.73
1088.07
1087.18
1086.06
1084.74
1083.26
1081.67
1080.04
1078.41
1076.8
1075.32
1074.73
1076.57
1072.21
1072.07
1073.11
1073.7
1072.25
1064.46
1061.95
1062.05
1062.07
1058.84
1047.01
1042.81
1043.84
1044.92
1039.25
1021.07
1015.34
1020.18
1022.99
1009.35
977.089
968.191
965.953
965.471
965.684
966.234
966.981
967.937
969.472
969.499
974.868
976.336
976.772
977.174
978.957
986.68
989.498
990.004
990.133
993.045
1004.77
1009.18
1008.54
1007.21
1012.58
1031.83
1038.36
1033.53
1029.96
1044.87
1082.1
1093.26
1096.56
1097.76
1098.21
1098.39
1098.46
1098.49
1098.5
1098.51
1098.51
1098.51
1098.51
1098.51
1098.51
1098.51
1098.51
1098.51
1098.51
1098.51
1098.51
1098.51
1098.51
1098.51
1098.51
1098.51
1098.51
1098.51
1098.51
1098.51
1098.5
1098.5
1098.49
1098.48
1098.46
1098.43
1098.39
1098.34
1098.28
1098.19
1098.09
1097.96
1097.8
1097.62
1097.42
1097.18
1096.95
1096.91
1097.05
1097.13
1097.11
1096.98
1096.71
1096.28
1095.26
1094.23
1093.78
1093.48
1093.33
1094.74
1095.79
1096.75
1097.49
1098.08
1098.55
1098.92
1099.2
1099.41
1099.56
1099.67
1099.75
1099.81
1099.85
1099.88
1099.89
1099.9
1099.91
1099.92
1099.92
1099.92
1099.92
1099.92
1099.92
1099.92
1099.92
1099.92
1099.92
1099.92
1099.92
1099.92
1099.92
1099.92
1099.92
1099.92
1099.92
1099.92
1099.92
1099.92
1099.92
1099.92
1099.92
1099.92
1099.91
1099.91
1099.9
1099.88
1099.86
1099.82
1099.77
1099.7
1099.61
1099.49
1099.34
1099.15
1098.93
1098.66
1098.36
1098.02
1097.65
1097.25
1096.84
1096.41
1095.98
1095.55
1095.14
1094.75
1094.39
1094.06
1093.76
1093.51
1093.29
1093.1
1092.94
1092.82
1092.72
1092.65
1092.61
1092.6
1092.61
1092.65
1092.71
1092.8
1092.91
1093.05
1093.21
1093.39
1093.58
1093.77
1093.94
1094.06
1094.13
1094.11
1093.97
1093.69
1093.25
1092.61
1091.72
1090.7
1006.59
1041.04
994.791
1099.92
1099.75
1099.89
1099.2
1057.78
1019.49
1099.92
1099.91
1072.16
1095.17
1098.71
1098.8
1098.78
1092.45
1098.47
1093.21
1096.97
1093.87
1098.8
1093.94
1098.79
1098.52
1098.51
1086.08
1097.05
1097.51
1029.98
990.935
1026.63
1043.98
1007.13
1099.92
1099.92
1099.87
1099.92
1099.92
1051.53
1099.8
1098.8
1098.8
1098.8
1092.59
1092.1
1092.19
1067.46
1099.67
1097.89
1093.07
1097.42
1088.55
1095.17
1079.3
1081.35
1099.43
1086.9
1070.21
995.716
1099.91
1098.8
1099.92
991.73
1093.28
1097.44
1094.77
1097.34
1091.56
1089.46
1090.13
1076.47
1095.82
1079.02
1076.45
1098.23
1093.76
1098.1
1096.07
1098.8
1098.8
1092.09
1098.79
1092.21
1098.76
1092.79
1098.63
1093.62
1097.8
1098.75
1097.01
1099.05
1094.73
1098.8
1098.8
1000.78
1093.01
1092.43
1098.8
1065.32
1009.19
1037.09
1099.84
1057.14
1099.92
1053.4
1098.56
1099.56
992.497
1099.91
999.302
1099.92
1099.92
1099.91
1023.47
1099.91
1022.31
1099.9
1099.92
1099.91
1099.92
1033.26
993.375
1096.12
1097.29
1082.99
1097.2
1090.55
1078.02
1033.53
1099.89
1099.9
1057.37
1037.34
1099.89
1048.3
1099.9
1093.97
1066.72
1099.02
1011.26
1017.89
1099.9
1099.9
1099.02
1091.03
1097.4
1097.57
1077.55
1083.69
1089.44
1042.05
1078.42
1097.68
1096.77
1092.44
1098.07
1093.5
1098.14
1073.51
1076.99
1098.37
1093.87
1098.92
1098.68
1093.42
1092.6
1098.77
1092.14
1098.79
1092.12
1098.8
1092.32
1095.62
1098.74
1098.8
1098.79
1092.08
1092.99
1098.8
1098.56
1098.8
1093.77
1094.32
1098.8
1092.29
1098.8
1092.78
1096.53
1099.74
1058.81
1098.8
1098.17
1098.68
1094.15
1099.26
1099.56
1077.65
1098.09
1098.8
997.298
1004.53
1097.4
1098.78
1060.43
1098.8
1006.56
1093.59
1072.6
1099.84
1046.36
996.221
1014.3
1099.67
1099.81
1099.87
1099.4
1099.92
1099.9
993.49
1099.92
1015.92
1099.92
1099.91
1034.76
1099.92
1099.91
991.165
1047.1
1099.92
1099.89
991.356
1022.87
1099.92
1099.92
1039.77
1014.17
1099.88
1096.63
1087.41
1084.59
1097.41
1095.6
1079.71
1094.91
1097.67
1097.59
1090.4
1091.12
1099.74
1099.87
1099.2
1014.17
1099.9
1098.56
1093.16
1025.62
1090.6
1091.25
1098.89
1098.99
1099.86
1099.01
1092.39
1095.57
1099.01
1099.02
1097.58
1092.16
1098.44
1010.42
1060.72
1099.83
1070.18
1099.74
1099.02
1090.52
1082.58
1099.55
1098.98
1097.67
1032.29
1096.78
1092.93
1090.16
1098.25
1076.07
1098.59
1094.49
1099.02
1098.91
1095.84
1063.99
1021.27
1028.16
1099.9
1052.5
1040.62
1099.9
1099.9
1099.89
1097.58
1082.03
1091.96
1077.98
1096.85
1096.13
1077.06
1097.83
1086.88
1074.26
1093.08
1092.91
1098.67
1098.77
1099
1090.53
1099.01
1090.59
1099.02
1091.79
1091.03
1099.02
1098.93
1091.24
1099.02
1099.02
1098
1092.99
1093.47
1090.49
1099.01
1099.02
1090.85
1099.4
1096.63
1090.85
1088.24
1099.01
1099
1098.96
1060.91
1098.38
1028.72
1069.22
1019.67
1099.55
1099.83
1017.82
1099.9
1099.9
1099.9
1012.03
1011.81
1099.87
1045.75
1099.9
1099.9
1034.39
1053.66
1099.89
1022.69
1038.11
1099.9
1099.9
1044.37
1099.9
1010.69
1099.9
1088.26
1097.12
1097.67
1085.33
1080.31
1095.93
1078.46
1098.73
1070.46
1043.05
1041.82
1099.86
1036.56
1099.87
1058.72
1099.08
1050.81
1099.87
1063.47
1092.01
1091.87
1088.64
1087.95
1099.19
1099.22
1099.22
1096.49
1097.79
1029.72
1099.87
1099.87
1099.87
1099.22
1087.88
1099.22
1088.23
1090.2
1099.28
1084.06
1099.02
1091.5
1048.96
1034.93
1099.86
1080.56
1097
1098.42
1093.12
1079.6
1098.06
1098.94
1092.55
1098.2
1071.71
1091.8
1098.85
1092.67
1098.84
1064.98
1095.03
1099.01
1099.02
1091.81
1091.24
1099.22
1091.51
1092.09
1098.77
1097.63
1099.66
1076.26
1099.21
1097.12
1098.97
1087.84
1099.22
1099.2
1099.13
1090.7
1099.02
1097.58
1096.11
1099.01
1092.77
1023.12
1098.71
1099.02
1090.7
1099.01
1098.98
1090.5
1099.01
1092.55
1099.86
1099.66
1099.85
1053.66
1030.43
1099.9
1099.85
1099.9
1015.66
1099.9
1099.4
1099.88
1099.79
1010.65
1065.06
1099.79
1099.9
1012.98
1031.61
1049.68
1099.9
1099.86
1056.69
1056.78
1099.87
1099.87
1028.88
1096.43
1097.41
1087.42
1097.9
1097.93
1091.19
1088.89
1099.21
1090.22
1099.71
1099.81
1093.91
1099.22
1099.22
1089.25
1090.46
1098.84
1099.82
1045.27
1088.75
1084.2
1099.24
1099.39
1099.87
1063.95
1097.34
1099.13
1099.36
1099.8
1099.38
1073.99
1099.74
1098.15
1087.59
1081.61
1099.84
1099.03
1087.82
1099.22
1098.8
1098.05
1040.67
1055.52
1099.87
1048.14
1099.83
1066.8
1099.87
1099.87
1099.87
1029.35
1098.28
1098.17
1098.57
1091.7
1092.09
1080.29
1098.63
1074.95
1076.86
1098.95
1091.48
1067.87
1090.67
1072.79
1099.54
1061.89
1089.78
1092.54
1099.22
1087.78
1099.22
1099.22
1095.24
1088.98
1099.03
1095.88
1099.53
1086.4
1099.06
1098.29
1099.18
1087.91
1087.97
1099.22
1099.22
1090.66
1090.13
1099.22
1099.21
1088.35
1088.13
1097.06
1099.21
1099.21
1099.16
1099.18
1093.37
1088.55
1099.22
1099.87
1060.08
1030.46
1032.33
1099.84
1099.87
1034.84
1099.87
1099.87
1029.18
1038.48
1099.73
1078.01
1052.28
1066.44
1045.54
1045.46
1099.85
1038.2
1099.87
1028.9
1099.87
1099.87
1097.62
1085.78
1097.96
1090.57
1082.35
1097.2
1075.9
1088.32
1066.52
1058.5
1056.89
1099.82
1099.83
1099.82
1044.72
1087.17
1074.48
1098.26
1085.8
1052.46
1050.92
1099.83
1083.94
1099.38
1073.96
1099.38
1099.38
1099.31
1096.96
1093.98
1044.02
1099.82
1083.13
1099.68
1092.12
1099.13
1099.38
1085.24
1099.38
1084.07
1098.49
1098.67
1090.69
1098.67
1089.66
1099.38
1099.83
1099.82
1046.71
1098.21
1098.05
1090.74
1084.02
1097.93
1098.39
1098.96
1079.36
1080.65
1090.07
1099.18
1071.49
1091.1
1099.4
1099.09
1098.98
1099.64
1087.66
1099.28
1099.34
1089.37
1063.92
1085.27
1084.46
1099.37
1099.37
1084.07
1099.38
1088.88
1095.54
1094.59
1099.66
1082.23
1087.92
1098.46
1099.38
1099.22
1095.74
1093.23
1099.22
1061.5
1089.66
1098.79
1099.2
1099.22
1087.84
1099.39
1099.22
1094.35
1033.46
1099.82
1099.83
1069.04
1099.87
1044.33
1099.79
1099.87
1050.4
1099.77
1031.32
1099.87
1053.34
1099.8
1070.22
1099.81
1099.82
1099.82
1099.83
1043.97
1092
1089.19
1085.85
1098.22
1082.19
1097.8
1046.83
1099.07
1099.29
1099.68
1099.76
1099.83
1085.99
1082.92
1099.39
1085.49
1071.16
1081.84
1099.49
1059.62
1063.4
1099.76
1056.48
1099.52
1099.77
1091.47
1099.74
1089.04
1079.46
1084.49
1099.51
1088.98
1086.39
1099.38
1097.39
1097.57
1099.41
1089.43
1093.19
1048.77
1099.83
1099.77
1077.14
1099.83
1071.91
1098.46
1098.35
1099.78
1095.45
1087.51
1083.62
1098.46
1098.97
1088.64
1077.75
1089.57
1073.78
1098.72
1069.01
1087.01
1099.61
1099.36
1061.21
1099.32
1084.82
1099.5
1079.31
1099.5
1090.59
1099.38
1099.39
1099.09
1099.51
1099.24
1084.66
1096.1
1094.78
1098.09
1083.35
1098.63
1086.54
1083.54
1099.38
1099.59
1086.34
1096.29
1098.79
1099.38
1099.38
1099.35
1085.53
1083.91
1082.56
1099.38
1099.38
1099.39
1099.82
1099.83
1045.38
1075.92
1043.95
1099.83
1071.71
1099.83
1099.81
1044.21
1054.59
1055.83
1059.14
1099.8
1099.76
1056.01
1099.82
1099.73
1099.83
1079.97
1048.59
1089.24
1056.77
1099.77
1099.77
1099.77
1099.51
1099.77
1099.53
1081.65
1089.04
1082.27
1080.54
1077.16
1099.38
1066.89
1099.59
1099.78
1087.01
1066.03
1099.51
1079.63
1099.52
1079.06
1099.52
1097.62
1091.33
1099.51
1097.64
1099.14
1099.49
1096.18
1094.36
1093.7
1099.77
1099.76
1087.2
1099.58
1073.87
1099.69
1078.99
1099.61
1079.4
1079.92
1081.22
1056.55
1056.27
1099.75
1099.05
1098.45
1098.7
1081.87
1098.91
1099.21
1086.43
1088.04
1099.2
1073.15
1099.52
1082.72
1084.54
1099.44
1099.41
1099.47
1069.05
1080.32
1081.03
1079.86
1062.72
1099.73
1061.05
1099.79
1099.75
1099.6
1099.51
1099.76
1085.78
1099.52
1099.52
1099.41
1096.68
1082.42
1099.51
1099.51
1081.13
1092.36
1099.37
1099.38
1085.11
1092.34
1083.62
1099.52
1099.38
1098.34
1061.38
1057.23
1099.83
1099.75
1099.72
1046.05
1077.95
1047.59
1099.83
1067.7
1065.51
1099.77
1099.77
1099.68
1084.35
1058.23
1069.76
1085.64
1098.48
1098.41
1099.77
1058.35
1099.5
1099.51
1099.77
1098.73
1098.95
1099.28
1098.98
1086.61
1099.2
1083.58
1099.37
1082.32
1077.19
1099.45
1073.97
1076.08
1075.11
1099.68
1099.5
1099.54
1099.74
1075.96
1077.51
1066.58
1099.7
1099.63
1099.78
1099.63
1099.7
1065.48
1088.18
1099.62
1099.72
1085.19
1099.62
1099.63
1099.7
1075.52
1059.86
1082.75
1098.5
1099.66
1087.75
1099.62
1096.17
1099.52
1078.55
1099.52
1075.95
1087.3
1078.94
1099.49
1075.18
1083.62
1099.64
1099.57
1064.64
1074.44
1099.69
1090.36
1099.46
1078.38
1096.99
1097.99
1079.49
1095.31
1099.51
1098.83
1099.51
1099.52
1099.27
1079.68
1080.69
1091.47
1099.51
1093.38
1099.31
1099.51
1099.77
1086.59
1056.76
1099.61
1056.34
1080.05
1099.77
1099.78
1057.33
1099.77
1066.25
1099.76
1077.76
1098.71
1080.65
1098.72
1085.14
1084.32
1097.99
1078.54
1068.15
1099.67
1099.61
1099.61
1099.7
1074
1072.06
1073.57
1099.61
1087.73
1083.23
1066.16
1099.62
1075.08
1066.48
1099.7
1099.62
1099.7
1098.91
1084.35
1092.84
1099.7
1099.69
1099.55
1089.36
1094.58
1084.75
1099.13
1079.77
1072.27
1099.65
1065.95
1076.37
1080.23
1099.7
1099.77
1099.68
1099.7
1057.83
1058.88
1099.77
1086.03
1099.72
1098.97
1085.76
1097.46
1099.18
1081.94
1099.33
1080.46
1078.85
1099.44
1081.05
1099.52
1075.59
1099.58
1077.31
1099.71
1070.61
1069.22
1067.25
1099.68
1082.22
1070.31
1083.71
1099.71
1075
1073.65
1099.71
1099.61
1099.71
1089.3
1099.64
1072.8
1099.6
1071.6
1086.47
1073.22
1099.71
1099.62
1073.97
1099.61
1099.27
1099.62
1099.64
1099.62
1099.55
1096.43
1088.99
1099.61
1095.33
1090.33
1099.62
1099.2
1099
1094.12
1099.49
1092.9
1099.6
1067.19
1099.62
1066.66
1099.7
1099.62
1068.97
1099.62
1099.7
1099.71
1067.54
1099.7
1065.93
1099.7
1073.64
1074.64
1091.64
1099.7
1099.38
1099.45
1099.58
1091.1
1068.1
1074.16
