262.607
238.6
209.119
258.428
262.519
262.254
261.812
261.197
260.41
259.458
258.344
257.078
255.668
254.125
252.462
250.696
248.859
246.982
245.101
243.276
241.654
240.173
239.159
209.137
209.192
209.287
209.417
209.601
209.841
210.151
210.555
211.094
211.836
212.907
214.53
217.053
220.786
225.477
230.158
233.956
236.592
238.109
213.639
217.839
222.124
226.118
229.948
233.561
236.97
240.137
243.056
245.727
248.146
250.31
252.218
253.871
255.268
256.402
257.311
257.93
258.304
258.45
258.524
258.645
258.809
259.013
259.258
259.541
259.824
260.149
260.463
260.795
261.119
261.429
261.714
261.965
262.197
262.363
262.498
262.579
247.563
216.714
260.42
252.422
213.831
259.332
258.698
236.589
225.499
253.281
261.335
246.91
213.237
258.664
262.215
241.895
225.209
256.94
261.328
219.865
232.556
256.177
214.994
242.627
259.919
213.242
258.407
262.438
237.526
218.033
222.626
221.201
225.34
224.191
229.124
227.985
231.54
232.639
235.958
237.093
239.135
238.199
241.329
242.133
244.153
243.93
246.024
246.448
248.289
247.209
250.035
248.883
250.827
251.809
251.182
248.735
250.681
252.931
248.345
250.267
247.926
249.873
251.643
246.302
245.816
243.534
243.052
240.531
251.311
253.226
253.462
254.926
255.436
256.207
256.681
257.752
257.312
257.172
258.224
257.669
258.738
258.122
259.388
258.455
257.295
230.613
233.938
238.302
235.517
239.32
238.084
241.72
241.485
244.307
244.153
245.996
246.996
242.211
259.474
259.091
260.124
248.43
249.413
257.61
237.763
245.388
252.917
254.329
238.245
235.212
234.749
231.989
254.62
255.825
255.54
256.549
256.847
258.251
231.539
228.166
251.069
256.053
255.608
260.276
256.328
250.192
246.639
256.426
227.046
248.63
257.878
257.648
258.163
259.042
260.879
260.543
259.665
255.329
261.12
227.936
234.425
224.653
225.047
232.561
254.445
244.11
234.217
236.078
251.208
250.513
261.359
256.168
257.148
224.481
220.91
221.161
256.45
256.907
243.712
258.701
225.576
221.72
247.875
257.785
256.613
259.404
254.025
252.706
251.003
249.261
230.611
232.824
237.79
235.062
239.293
237.225
240.279
241.482
241.913
243.781
239.558
261.021
255.24
259.368
259.064
258.426
258.242
249.161
247.114
251.194
255.404
254.214
244.216
245.97
216.336
257.207
229.827
234.034
260.606
226.778
249.799
252.157
253.844
254.743
256.946
257.815
257.63
258.703
258.178
261.696
254.376
252.949
258.513
247.218
244.883
244.94
242.443
242.476
239.874
224.655
220.991
228.118
231.324
243.165
231.85
245.049
231.306
234.333
237.148
220.096
249.724
251.639
260.714
260.444
260.147
260.724
260.292
216.978
261.02
260.195
243.015
213.232
213.184
222.337
250.615
248.777
250.287
248.458
249.794
251.481
233.249
236.534
254.408
251.51
253.686
254.724
254.286
256.081
247.27
215.731
219.218
247.111
245.577
224.457
262.329
262.231
262.272
261.871
261.785
261.355
260.678
260.621
259.839
226.246
222.452
258.892
257.635
240.968
256.912
262.131
253.591
254.965
229.062
249.53
235.82
238.879
239.681
235.454
246.81
244.848
247.139
242.695
223.247
247.556
257.508
256.504
242.952
252.025
246.29
220.867
217.036
255.765
256.165
259.714
257.373
240.55
217.701
218.458
252.68
214.368
239.813
236.824
259.706
245.081
240.532
228.608
260.157
256.527
255.155
234.957
252.475
258.663
258.698
229.164
255.352
259.575
252.45
260.086
237.356
240.1
245.914
241.871
258.849
254.137
242.517
230.539
255.954
239.282
256.084
258.02
253.998
261.619
241.659
240.482
213.406
254.103
241.02
258.404
257.551
244.668
244.791
245.315
232.295
238.768
217.097
249.057
253.102
254.589
254.245
255.127
252.788
228.572
253.36
251.857
252.435
217.365
226.73
229.367
232.191
234.949
237.233
237.405
240.149
249.185
259.483
259.889
259.247
259.07
258.854
259.688
258.331
258.516
259.765
260.969
261.893
252.018
258.082
258.849
239.694
246.497
257.727
252.896
234.554
258.007
239.754
247.34
249.35
255.236
255.436
221.458
261.874
245.249
240.303
256.641
260.591
228.827
243.391
259.796
260.468
213.402
262.504
238.737
262.045
258.829
260
261.389
261.63
258.337
261.274
262.014
260.468
253.521
250.88
247.954
257.436
