1093.74
1094.58
1097.65
1078.44
1099.87
1099.87
1087.71
1093.67
1093.47
1093.1
1092.53
1091.7
1090.61
1089.25
1087.67
1085.9
1083.98
1082.03
1080.27
1079.92
1081.66
1071.7
1069.69
1072.81
1075.46
1070.47
1052.03
1046.43
1051.79
1054.87
1040.54
1006.7
997.174
994.503
993.56
993.215
993.088
993.046
993.041
993.062
993.109
993.195
993.339
993.568
993.913
994.403
995.083
996.054
997.494
999.105
999.069
1009.9
1013.15
1011.53
1009.43
1014.23
1033.07
1039.29
1034.23
1030.51
1045.34
1082.53
1093.67
1096.94
1098.13
1098.58
1098.76
1098.83
1098.85
1098.86
1098.87
1098.87
1098.87
1098.87
1098.87
1098.87
1098.87
1098.87
1098.87
1098.87
1098.87
1098.87
1098.87
1098.87
1098.87
1098.87
1098.87
1098.87
1098.87
1098.87
1098.87
1098.87
1098.87
1098.87
1098.87
1098.87
1098.87
1098.87
1098.87
1098.87
1098.87
1098.87
1098.87
1098.87
1098.87
1098.87
1098.86
1098.86
1098.85
1098.83
1098.8
1098.76
1098.69
1098.61
1098.49
1098.34
1098.16
1097.96
1097.93
1098.08
1098.17
1098.18
1098.09
1097.86
1097.48
1096.45
1095.42
1095.02
1094.76
1094.62
1096.15
1097.1
1097.95
1098.6
1099.06
1099.38
1099.61
1099.76
1099.86
1099.91
1099.95
1099.97
1099.98
1099.99
1099.99
1099.99
1099.99
1099.99
1099.99
1099.99
1099.99
1099.99
1099.99
1099.99
1099.99
1099.99
1099.99
1099.99
1099.99
1099.99
1099.99
1099.99
1099.99
1099.99
1099.99
1099.99
1099.99
1099.99
1099.99
1099.99
1099.99
1099.99
1099.99
1099.99
1099.99
1099.99
1099.99
1099.99
1099.99
1099.99
1099.99
1099.99
1099.99
1099.99
1099.98
1099.97
1099.96
1099.95
1099.93
1099.91
1099.87
1099.83
1099.78
1099.73
1099.66
1099.6
1099.53
1099.47
1099.41
1099.35
1099.31
1099.27
1099.24
1099.22
1099.2
1099.18
1099.17
1099.17
1099.16
1099.16
1099.16
1099.16
1099.16
1099.17
1099.17
1099.17
1099.17
1099.17
1099.16
1099.14
1099.09
1099.01
1098.87
1098.65
1098.31
1097.83
1097.16
1096.28
1095.31
1045.69
1021.9
1027.45
1099.99
1099.97
1099.99
1099.76
1040
1068.06
1099.99
1099.99
1070.08
1099.59
1099.17
1099.18
1099.18
1099
1099.1
1099.01
1099.85
1098.88
1099.18
1099.36
1099.18
1099.18
1099.96
1092.07
1098.2
1098.61
1021.4
1022.28
1094.57
1098.9
1021.46
1099.99
1099.99
1099.99
1099.99
1099.99
1099.13
1099.99
1099.18
1099.18
1099.18
1099.09
1099
1099.02
1099.17
1099.99
1098.79
1097.74
1098.48
1094.04
1096.54
1084.61
1087.24
1099.99
1099.18
1063.7
1028.03
1099.99
1099.18
1099.99
1023.46
1099.22
1098.44
1096.18
1098.38
1096.19
1094.63
1095.01
1081.65
1097.12
1083.07
1078.28
1099
1098.53
1099.07
1099.74
1099.18
1099.18
1099
1099.18
1099
1099.18
1099.01
1099.15
1098.99
1099.92
1099.18
1099.18
1099.98
1099.51
1099.18
1099.18
1036.32
1099.17
1099.06
1099.18
1057.1
1052.48
1021.57
1099.98
1031.67
1099.99
1025.24
1099.39
1099.91
1024.43
1099.99
1021.55
1099.99
1099.99
1099.99
1021.4
1099.99
1078.16
1099.99
1099.99
1099.99
1099.99
1097.42
1021.7
1097.38
1098.41
1089.06
1098.24
1095.23
1083.24
1039.31
1099.98
1099.98
1044.66
1083.15
1099.98
1096.24
1099.98
1099.36
1059.44
1099.37
1041.27
1039.37
1099.98
1099.98
1099.37
1098.6
1098.51
1098.65
1080.94
1089.54
1094.89
1039.44
1083.31
1098.63
1097.97
1097.07
1098.91
1098.21
1099.1
1073.26
1082.34
1099.06
1098.75
1099.61
1099.16
1099.01
1099.01
1099.18
1099
1099.18
1099.01
1099.18
1099
1099.67
1099.17
1099.18
1099.18
1099
1099.01
1099.18
1099.13
1099.18
1098.95
1099.43
1099.18
1099.04
1099.18
1099.13
1099.8
1099.99
1099.16
1099.18
1099.94
1099.18
1099.18
1099.98
1099.99
1099.17
1099.18
1099.97
1030.67
1042.07
1099.89
1099.18
1049.25
1099.18
1047.63
1099.29
1068.29
1099.99
1099.07
1028.76
1059.55
1099.95
1099.98
1099.99
1099.86
1099.99
1099.99
1025.84
1099.99
1021.42
1099.99
1099.99
1021.44
1099.99
1099.99
1022.77
1022.79
1099.99
1099.99
1021.93
1087.35
1099.99
1099.99
1098.49
1039.45
1099.98
1097.84
1093.19
1090.68
1098.49
1096.92
1085.25
1096.3
1098.69
1098.59
1095.53
1095.96
1099.96
1099.98
1099.76
1045.05
1099.98
1099.24
1098.35
1062.4
1098.47
1098.48
1099.35
1099.37
1099.97
1099.37
1098.51
1099.68
1099.37
1099.37
1099.91
1098.88
1099.37
1040.15
1099.13
1099.98
1099.33
1099.98
1099.37
1098.48
1099.36
1099.98
1099.97
1098.73
1056.05
1097.97
1097.88
1095.61
1099.08
1075.69
1099.41
1099.47
1099.37
1099.37
1099.37
1053.77
1055.48
1039.3
1099.98
1098.01
1088.72
1099.98
1099.98
1099.98
1098.66
1087.56
1096.8
1082.48
1098.03
1097.4
1078.52
1098.79
1092.77
1072.74
1098.45
1098.5
1099.29
1099.32
1099.37
1098.47
1099.37
1098.49
1099.37
1098.5
1098.48
1099.37
1099.36
1098.64
1099.37
1099.37
1099.94
1099.11
1099.23
1098.47
1099.37
1099.37
1098.56
1099.98
1099.82
1098.47
1099.37
1099.37
1099.37
1099.36
1048.71
1099.95
1066.31
1064.85
1052.19
1099.91
1099.98
1049.39
1099.98
1099.98
1099.98
1042.18
1039.6
1099.98
1039.71
1099.98
1099.98
1076.97
1041.96
1099.98
1039.32
1039.34
1099.98
1099.98
1093.2
1099.98
1040.62
1099.98
1093.98
1098.27
1098.72
1091.28
1085.3
1097.22
1079.92
1099.4
1067.16
1075.68
1056
1099.97
1066.97
1099.97
1057.5
1099.53
1087.06
1099.97
1097.69
1097.6
1098.88
1097.45
1097.45
1099.54
1099.54
1099.54
1099.84
1098.83
1057.79
1099.97
1099.97
1099.97
1099.54
1097.5
1099.54
1097.6
1099.54
1099.97
1089.63
1099.37
1098.71
1056.01
1056
1099.97
1084.79
1098.16
1099.17
1098.17
1082.03
1098.95
1099.62
1097.44
1099.15
1069.25
1097.64
1099.46
1098.52
1099.34
1060.99
1099.58
1099.37
1099.37
1098.79
1098.67
1099.54
1098.49
1098.51
1099.37
1099.37
1099.98
1099.35
1099.98
1099.87
1099.37
1097.45
1099.54
1099.54
1099.53
1098.52
1099.37
1099.92
1099.76
1099.37
1099.37
1058.95
1099.97
1099.37
1098.47
1099.37
1099.37
1098.48
1099.37
1098.99
1099.97
1099.94
1099.98
1090.73
1056.14
1099.98
1099.97
1099.98
1046.91
1099.98
1099.86
1099.98
1099.98
1039.82
1099.27
1099.97
1099.98
1043.42
1071.11
1040.38
1099.98
1099.98
1098.8
1093.81
1099.97
1099.97
1056.81
1097.66
1098.52
1093.22
1098.92
1098.9
1096.33
1094.58
1099.77
1097.53
1099.95
1099.96
1099.44
1099.54
1099.54
1097.94
1096.4
1099.52
1099.96
1069.05
1098.05
1095.75
1099.66
1099.68
1099.97
1092.69
1099.54
1099.54
1099.68
1099.97
1099.68
1099.36
1099.97
1099.11
1093.34
1085.51
1099.96
1099.51
1097.49
1099.54
1099.96
1099.94
1072.46
1056.63
1099.97
1083.12
1099.97
1098.63
1099.97
1099.97
1099.97
1056.3
1099.21
1099.08
1099.32
1096.91
1097.5
1083.66
1099.44
1074.21
1077.3
1099.49
1097.63
1063.79
1097.56
1070.73
1099.91
1058.9
1097.5
1099.09
1099.54
1097.46
1099.54
1099.54
1099.69
1097.46
1099.54
1099.78
1099.97
1099.53
1099.97
1099.54
1099.54
1097.51
1097.53
1099.54
1099.54
1098.47
1098.27
1099.54
1099.54
1097.45
1097.45
1099.89
1099.54
1099.54
1099.54
1099.54
1099.54
1097.7
1099.54
1099.97
1096.12
1058.57
1060.92
1099.97
1099.97
1064.58
1099.97
1099.97
1057.21
1069.56
1099.98
1099.47
1056.15
1094.79
1079.25
1055.98
1099.97
1055.98
1099.97
1056.53
1099.97
1099.97
1098.69
1091.56
1098.95
1096.08
1087.4
1098.33
1077.37
1095.99
1070.5
1068.82
1084.84
1099.96
1099.96
1099.96
1070.57
1097.33
1098.57
1099.68
1095.77
1079.68
1068.97
1099.96
1095.78
1099.68
1095.81
1099.68
1099.68
1099.68
1099.9
1099.62
1069.86
1099.96
1099.54
1099.96
1099.67
1099.95
1099.68
1096.4
1099.68
1095.85
1099.95
1099.43
1096.42
1099.47
1098.43
1099.68
1099.96
1099.96
1068.99
1099.15
1099.04
1096.33
1089.25
1098.95
1099.22
1099.64
1081.95
1083.91
1096.33
1099.65
1073.17
1097.6
1099.85
1099.62
1099.58
1099.94
1095.9
1099.67
1099.68
1097.48
1069.72
1095.74
1095.74
1099.68
1099.68
1095.79
1099.68
1097.81
1099.81
1099.58
1099.97
1099.51
1097.68
1099.96
1099.68
1099.54
1099.54
1099.28
1099.54
1090.22
1098.09
1099.54
1099.54
1099.54
1097.48
1099.68
1099.54
1099.68
1062.55
1099.96
1099.97
1096.48
1099.97
1069.14
1099.96
1099.97
1077.37
1099.96
1059.59
1099.97
1068.86
1099.97
1099.12
1099.96
1099.95
1099.96
1099.96
1069.38
1097.28
1094.9
1091.45
1099.14
1086.69
1098.84
1072.87
1099.66
1099.74
1099.94
1099.95
1099.96
1096.73
1087.41
1099.85
1093.65
1079.05
1093.21
1099.78
1078.29
1086.61
1099.93
1078.53
1099.78
1099.93
1099.04
1099.93
1094.89
1093.23
1096.69
1099.78
1096.11
1095.81
1099.68
1099.68
1099.93
1099.96
1099.66
1099.47
1075.44
1099.96
1099.96
1099.09
1099.96
1094.33
1099.34
1099.26
1099.94
1099.78
1093.22
1088.48
1099.3
1099.65
1094.71
1079.68
1096.22
1075.12
1099.48
1071.55
1095.85
1099.92
1099.76
1069.14
1099.67
1095.74
1099.78
1093.34
1099.78
1098.76
1099.68
1099.68
1099.68
1099.77
1099.67
1096.11
1099.68
1099.73
1099.94
1096.05
1099.94
1097.01
1095.65
1099.68
1099.96
1099.62
1099.87
1099.68
1099.68
1099.68
1099.68
1096.51
1095.82
1095.21
1099.68
1099.68
1099.68
1099.96
1099.96
1071.2
1097
1069.65
1099.96
1097.72
1099.96
1099.95
1070.09
1082.14
1068.71
1087.54
1099.96
1099.93
1078.59
1099.96
1099.96
1099.96
1099.39
1068.92
1094.99
1079.67
1099.93
1099.93
1099.93
1099.78
1099.93
1099.94
1094.98
1099.68
1099.1
1084.6
1081.75
1099.8
1078.25
1099.85
1099.93
1097.91
1085.52
1099.77
1096.67
1099.78
1093.45
1099.78
1099.78
1099.36
1099.77
1099.92
1099.78
1099.77
1099.88
1099.78
1099.76
1099.93
1099.93
1092.93
1099.9
1089.74
1099.89
1094.55
1099.84
1093.52
1093.9
1097.54
1079.43
1079.04
1099.92
1099.93
1099.92
1099.49
1086.07
1099.59
1099.77
1093.9
1094.44
1099.71
1079.61
1099.9
1093.29
1093.48
1099.77
1099.76
1099.77
1078.59
1093.13
1093.16
1093.2
1077.92
1099.95
1078.08
1099.95
1099.93
1099.85
1099.78
1099.93
1097.34
1099.78
1099.78
1099.77
1099.78
1095.47
1099.77
1099.78
1094.62
1099.28
1099.68
1099.68
1096.31
1099.55
1095.7
1099.78
1099.68
1099.78
1084.68
1078.45
1099.96
1099.92
1099.93
1071.93
1097.93
1073.93
1099.96
1090.67
1088.63
1099.93
1099.93
1099.93
1099.4
1078.32
1092.57
1091.05
1099.34
1099.31
1099.93
1081.29
1099.78
1099.77
1099.93
1099.5
1099.63
1099.77
1099.65
1092.47
1099.77
1090.9
1099.84
1090.46
1085.61
1099.82
1085.04
1089.52
1089.53
1099.92
1099.83
1099.84
1099.93
1094.29
1093.54
1085.06
1099.89
1099.85
1099.93
1099.85
1099.89
1085.33
1098.4
1099.85
1099.9
1098
1099.84
1099.85
1099.9
1092
1083.12
1098.22
1099.85
1099.89
1099.43
1099.89
1099.84
1099.78
1093.21
1099.78
1091.83
1094.18
1083.09
1099.88
1080.52
1093.37
1099.91
1099.84
1077.9
1089.65
1099.89
1099.11
1099.77
1093.09
1099.9
1099.92
1093.62
1099.84
1099.78
1099.78
1099.78
1099.78
1099.93
1093.76
1094.33
1099.73
1099.78
1099.68
1099.77
1099.77
1099.93
1099.58
1079.53
1099.93
1079.31
1098.62
1099.93
1099.93
1080.17
1099.93
1085.33
1099.93
1095.56
1099.9
1095.6
1099.5
1090.42
1089.58
1099.86
1089.78
1084.76
1099.89
1099.85
1099.84
1099.89
1092.85
1091.34
1089.91
1099.84
1098.94
1088.65
1085.99
1099.85
1091.58
1086.14
1099.89
1099.84
1099.89
1099.85
1098.76
1099.78
1099.89
1099.89
1099.9
1099.61
1099.82
1091.39
1099.71
1089.91
1084.79
1099.89
1085.73
1092.68
1094.06
1099.89
1099.93
1099.89
1099.89
1080.69
1082
1099.93
1099.16
1099.9
1099.65
1091.92
1099.89
1099.75
1087.75
1099.81
1086.9
1086.16
1099.85
1090.14
1099.87
1085.26
1099.88
1089.66
1099.93
1084.59
1084.6
1084.9
1099.9
1096.52
1089.9
1097.32
1099.9
1091.2
1090.2
1099.9
1099.84
1099.9
1098.79
1099.86
1089.97
1099.83
1089.27
1098.52
1090.25
1099.9
1099.85
1090.67
1099.84
1099.9
1099.85
1099.86
1099.84
1099.84
1099.87
1099.25
1099.84
1099.85
1099.48
1099.84
1099.85
1099.9
1099.81
1099.84
1099.75
1099.84
1086.85
1099.84
1086.39
1099.89
1099.89
1088.71
1099.84
1099.89
1099.9
1087.25
1099.89
1085.81
1099.89
1090.52
1091.21
1099.64
1099.9
1099.84
1099.9
1099.84
1099.72
1087.85
1090.85
