1084.17
1092.27
1095.74
1070.17
1099.45
1082.62
1057.2
1084.04
1083.67
1083.06
1082.23
1081.2
1080.02
1078.71
1077.31
1075.84
1074.37
1072.91
1071.55
1071.08
1072.78
1070.73
1071.11
1071.7
1071.87
1071.22
1067.04
1065.72
1065.15
1064.31
1062.46
1056.22
1053.86
1052.97
1052
1049.44
1041.12
1038.03
1037.63
1037.34
1034.13
1022.82
1018.94
1020.2
1021.62
1016.68
999.737
994.899
1000.33
1004.28
991.164
962.775
954.886
953.178
953.171
954.126
958.327
960.012
961.088
962.202
964.008
969.948
972.319
973.474
974.493
976.8
984.956
988.133
988.928
989.282
992.363
1004.21
1008.71
1008.14
1006.86
1012.26
1031.52
1038.07
1033.25
1029.68
1044.59
1081.8
1092.97
1096.26
1097.46
1097.92
1098.1
1098.17
1098.2
1098.21
1098.22
1098.22
1098.22
1098.22
1098.22
1098.21
1098.21
1098.21
1098.2
1098.2
1098.18
1098.17
1098.15
1098.12
1098.09
1098.04
1097.98
1097.9
1097.81
1097.69
1097.56
1097.4
1097.22
1097.01
1096.79
1096.55
1096.28
1096.02
1095.98
1096.12
1096.19
1096.16
1096.02
1095.74
1095.28
1094.27
1093.25
1092.78
1092.48
1092.32
1093.67
1094.79
1095.77
1096.57
1097.23
1097.77
1098.21
1098.56
1098.85
1099.08
1099.25
1099.39
1099.5
1099.58
1099.64
1099.68
1099.71
1099.74
1099.75
1099.77
1099.77
1099.78
1099.78
1099.78
1099.79
1099.79
1099.79
1099.79
1099.79
1099.79
1099.79
1099.79
1099.78
1099.78
1099.77
1099.76
1099.75
1099.72
1099.68
1099.63
1099.56
1099.46
1099.33
1099.16
1098.95
1098.69
1098.38
1098.01
1097.58
1097.11
1096.58
1095.99
1095.34
1094.64
1093.91
1093.13
1092.33
1091.5
1090.66
1089.81
1088.97
1088.13
1087.32
1086.53
1085.79
1085.08
1084.43
1083.83
1083.3
1082.83
1082.44
1082.12
1081.89
1081.73
1081.65
1081.66
1081.75
1081.93
1082.19
1082.53
1082.93
1083.38
1083.89
1084.44
1085.01
1085.6
1086.19
1086.76
1087.29
1087.76
1088.15
1088.43
1088.58
1088.57
1088.39
1088.01
1087.42
1086.57
1085.54
979.511
1051.11
996.447
1099.77
1099.39
1099.67
1098.57
1062.33
988.103
1099.73
1099.26
1071.61
1085.13
1098.25
1096.71
1098.43
1084.02
1097.83
1086.46
1088.39
1088.21
1098.38
1083.14
1067.16
1043.64
1091.85
1081.32
1096.07
1096.59
1045.17
1017.19
993.174
1004.36
1032.43
1099.77
1099.78
1098.21
1099.78
1099.78
1007.78
1097.36
1098.5
1098.49
1098.48
1081.21
1082
1081.02
1018.61
1096.29
1097.04
1087.85
1096.48
1083.54
1094.12
1075.2
1077.14
1094.98
1022.29
1070.44
981.292
1099.73
1098.48
1099.66
1012.25
1082.14
1096.53
1093.71
1096.41
1086.42
1084.38
1085.01
1072.76
1094.81
1075.27
1074.06
1097.48
1088.39
1097.24
1086.7
1086.6
1098.49
1081.35
1098.46
1082.91
1098.36
1085.25
1098.08
1087.5
1090.13
1051.21
1032.84
1093.49
1084.41
1097.79
1098.49
976.514
1081.74
1081.06
1098.5
1067.48
981.55
1048.63
1099.57
1061.97
1099.78
1059.54
1097.78
1099.07
1008.35
1099.75
1031.83
1099.76
1099.6
1099.52
1040.03
1099.07
990.317
1098.84
1099.78
1099.76
1099.78
997.391
1028.4
1095.1
1096.32
1078.59
1096.27
1085.4
1074.19
1045.53
1099.72
1099.74
1061.96
1007.31
1099.04
1015.58
1099.5
1083.16
1068.79
1097.35
1016.7
1036.71
1099.76
1099.75
1098.73
1079.15
1096.44
1096.65
1074.87
1079.44
1084.48
1051.9
1074.93
1096.8
1095.79
1087.27
1097.27
1088.22
1097.28
1072.51
1073.33
1097.67
1088.38
1098.21
1098.18
1087.01
1084.63
1098.4
1082.42
1098.47
1081.14
1098.49
1083.45
1085.9
1098.31
1098.49
1098.45
1081.63
1085.86
1093.84
1097.97
1098.21
1087.91
1083.75
1098.5
1081
1098.49
1081.43
1087.53
1096.85
1013.19
1077.35
1091
1046.04
1026.15
1094.25
1095.66
1021.6
1039.4
1092.68
976.577
978.121
1089.26
1058.51
1064.33
1098.45
979.695
1082.6
1071.95
1097.81
1004.79
989.107
984.716
1099.25
1099.49
1099.63
1098.85
1099.77
1099.71
1002.84
1099.75
1035.09
1099.78
1099.77
1048.13
1099.7
1099.41
1013.89
1055.34
1099.78
1098.56
1022.62
990.746
1099.77
1099.78
1001.77
1033.34
1098.79
1095.64
1082.51
1080
1096.45
1094.56
1075.68
1093.86
1096.75
1096.68
1085.35
1086.01
1099.37
1099.65
1098.57
1004.13
1099.75
1097.87
1087.8
999.287
1080.93
1083.49
1098.4
1098.63
1098.62
1098.7
1086.19
1085.71
1087.94
1098.69
1089.44
1080.51
1056.35
1022.99
1023.37
1097.69
1030.2
1096.67
1098.72
1079.32
1036.46
1095.39
1093.05
1096.75
1041.64
1095.8
1087.73
1085.22
1097.45
1074.68
1097.81
1083.97
1095.55
1064.72
1047.83
1067.17
997.011
1042.67
1099.76
1017.89
1009.81
1099.75
1099.75
1099.24
1096.64
1077.97
1086.83
1074.86
1095.88
1095.14
1074.97
1096.95
1082.21
1073.59
1087.58
1087.22
1098.04
1098.18
1098.66
1080.41
1098.71
1079.12
1098.73
1084.89
1082.8
1098.73
1098.48
1079.35
1098.49
1098.15
1090.38
1081.7
1082.4
1079.97
1098.72
1098.73
1079.04
1094.64
1087.56
1082.13
1039.91
1098.68
1075.95
1098.54
1064.86
1091.29
1001.67
1070.15
997.325
1099.06
1099.55
998.43
1099.73
1099.73
1099.69
1012.97
1029.93
1098.49
1054.79
1099.75
1099.59
1005.44
1059.42
1099.71
1039.77
1048.57
1099.75
1099.75
1012.91
1099.75
1019.91
1099.39
1083.43
1096.16
1096.74
1080.87
1076.53
1094.93
1076.36
1098.03
1071.29
1017.79
1049.95
1099.67
1013.98
1099.69
1062.88
1098.6
1023.5
1099.32
1032.76
1086.87
1079.81
1080.81
1078.5
1098.84
1098.92
1098.01
1086.76
1096.86
1024.71
1099.7
1099.71
1099.71
1098.94
1076.45
1098.94
1075.62
1052.82
1093.32
1080
1098.72
1079.65
1055.31
1044.52
1098.91
1077.15
1096.03
1097.67
1087.86
1076.98
1097.21
1098.23
1087.39
1097.35
1071.73
1086.56
1098.21
1086.75
1098.3
1067.34
1084.82
1092.48
1098.71
1080.04
1078.98
1098.52
1084.19
1085.56
1060.37
1052.11
1096.06
1033.28
1093.86
1088.5
1069.84
1077.84
1098.93
1098.87
1098.68
1079.03
1098.73
1088.87
1086.63
1082.28
1043.8
997.655
1092.19
1098.63
1081.51
1098.69
1098.59
1079.61
1098.72
1081.07
1099.68
1099.23
1099.61
1025.7
1038.7
1099.65
1098.26
1099.75
1000.48
1099.74
1098.85
1099.68
1097.21
1026.39
1026.92
1099.47
1099.71
1008.57
1003.73
1057.18
1099.76
1098.11
1020.33
1027.99
1099.71
1099.71
1030.33
1095.45
1096.47
1082.85
1096.99
1097.04
1086.14
1084.12
1098.58
1084.11
1099.34
1097.91
1082.67
1093.06
1098.91
1076.51
1085.64
1098.14
1099.61
1047.03
1075.08
1075.25
1098.76
1098.54
1099.61
1038.86
1063.06
1077.57
1099.02
1099.51
1099.1
1040.7
1096.46
1097.27
1083.17
1078.53
1099.67
1098.49
1076.8
1098.93
1091.88
1089.91
1016.19
1060.47
1099.45
1021.4
1097.82
1035.2
1099.69
1099.71
1099.71
1035.82
1097.44
1097.32
1097.82
1086.65
1087
1077.28
1097.85
1074.4
1075.48
1098.37
1086.11
1069.39
1084.86
1072.98
1099.05
1065.18
1083.31
1080.73
1097.05
1077.24
1098.93
1098.93
1084.7
1081.65
1073.61
1085.73
1094.8
1049.74
1092.69
1066.51
1081.79
1076.1
1075.53
1098.94
1098.94
1078.22
1077.55
1098.76
1089.87
1080
1079.22
1087.81
1098.89
1098.91
1098.75
1098.8
1056.11
1075.85
1098.94
1099.68
1030.32
1021.83
1016.7
1099.61
1099.7
1013.94
1099.71
1099.71
1027.56
1014.81
1096.44
1043.7
1057.94
1040.82
1019.49
1052.64
1099.64
1047.27
1099.7
1033.06
1099.71
1099.14
1096.68
1081.47
1097.05
1085.67
1078.51
1096.24
1074.96
1083.1
1067.88
1061.18
1033.23
1099.64
1099.65
1099.02
1033.7
1073.24
1047.16
1074.2
1079.19
1029.89
1054.34
1099.62
1073.66
1099.11
1051.49
1095.74
1099.1
1085.76
1086.53
1081.79
1037.97
1099.65
1054.33
1095.5
1063.04
1091.56
1099.11
1073.73
1099.12
1070.65
1089.87
1097.91
1085.87
1097.89
1076.2
1097.98
1099.66
1098.37
1049.48
1097.34
1097.16
1085.89
1080.22
1097.03
1097.58
1098.25
1077.31
1078.06
1085.23
1098.65
1071.7
1085.53
1098.84
1098.51
1098.34
1099.21
1082.19
1098.85
1098.97
1082.49
1065.76
1078.16
1076.17
1099.07
1099.05
1074.44
1099.1
1076.14
1084.09
1083.69
1095.74
1046.74
1074.1
1090.92
1099.08
1098.86
1059.54
1081.7
1095.43
1036.9
1076.98
1069.96
1086
1098.94
1075.69
1098.84
1098.94
1065.78
1014.91
1099.62
1099.57
1042.84
1099.65
1044.63
1097.37
1099.71
1028.57
1099.44
1019.07
1099.54
1056.64
1097.29
1037.77
1099.59
1099.64
1099.63
1099.65
1042.37
1086.94
1084.5
1081.75
1097.36
1078.68
1096.89
1029
1098.44
1098.78
1099.3
1099.46
1099.48
1072.02
1079.84
1098.83
1081.04
1070.68
1076.31
1099.16
1058.91
1042.36
1099.55
1052.9
1098.91
1099.57
1078.48
1096.81
1084.55
1071.49
1068.99
1099.24
1083.93
1080.22
1099.06
1071.31
1087.74
1093.43
1060.19
1080.73
1027.94
1099.23
1096.75
1049.28
1099.65
1049.76
1097.63
1097.51
1099.59
1073.65
1083.26
1080.17
1097.65
1098.27
1084.24
1076.26
1084.65
1073.41
1097.96
1069.82
1081.23
1099.18
1098.89
1063.49
1098.92
1077.14
1099.2
1070.53
1099.22
1077.37
1097.07
1098.99
1079.86
1099.25
1082.69
1071.02
1068.5
1082.93
1088.9
1067.76
1089.78
1072.56
1072.54
1099.11
1094.87
1057.2
1085.33
1077.03
1099.12
1093.92
1088.84
1071.62
1071.86
1069.44
1099.11
1099.12
1099.12
1099.64
1099.6
1031.85
1053.09
1040.19
1099.65
1044.93
1099.64
1099.64
1035.74
1031.44
1058.88
1035
1099.56
1099.54
1050.97
1098.74
1096.09
1099.65
1051.59
1051.91
1084.65
1042.89
1099.58
1099.57
1098.55
1098.02
1099.58
1093.64
1066.13
1064.92
1058.59
1078.26
1075.7
1098.87
1066.78
1099.28
1099.54
1071.84
1058.73
1099.26
1060.03
1099.19
1065.04
1099.27
1077.68
1076.79
1099.26
1086.23
1084.39
1093.02
1083.41
1080.67
1070.86
1099.56
1097.52
1083.11
1099.13
1067.51
1099.45
1061.58
1099.37
1069.75
1068.57
1061.46
1046.16
1049.43
1099.55
1090.4
1087.67
1097.92
1079.19
1098.21
1098.58
1082.07
1083.7
1098.62
1072.43
1099.03
1077.57
1079.94
1099.06
1098.98
1099.12
1068.79
1073.77
1075.04
1072.63
1062.69
1099.39
1060.79
1099.52
1099.49
1099.31
1099.23
1099.52
1070.44
1098.57
1099.09
1088.66
1075.72
1066.82
1099.26
1097.24
1065.78
1079.64
1091.6
1099.11
1071.31
1077.98
1071.2
1099.23
1099.12
1079.84
1040.74
1054.89
1099.55
1099.55
1096.02
1030.23
1054.79
1028.09
1099.38
1046.09
1044.15
1099.57
1099.58
1095.15
1060.37
1056.88
1047.87
1081.77
1097.66
1097.58
1099.3
1040.19
1094.8
1099.26
1098.88
1097.96
1098.25
1098.7
1098.27
1082.7
1098.57
1080.05
1098.81
1078.83
1075
1099
1071.79
1071.65
1070.18
1099.33
1099.09
1099.17
1099.46
1056.53
1060.11
1061.73
1099.47
1099.17
1099.49
1099.29
1099.48
1056.99
1073.19
1098.96
1099.51
1068.06
1098.63
1099.34
1099.5
1058.51
1039.84
1062.81
1084.26
1095.13
1067.61
1094.01
1078.89
1099.27
1066.6
1099.28
1063.39
1082.97
1077.07
1098.99
1074.12
1078.78
1099.24
1099.23
1064.67
1068.84
1099.44
1075.69
1090.87
1064.82
1084.89
1086.96
1069.23
1082.05
1096.17
1082.09
1099.27
1099.28
1091.68
1065.2
1065.56
1067.77
1099.25
1079.33
1086.53
1099.26
1099.58
1062.42
1048.02
1094.25
1044.25
1056.61
1099.58
1099.56
1041.81
1099.57
1060.24
1098.11
1058.24
1087.81
1063.32
1097.95
1081.53
1081
1082.99
1074.72
1064.88
1099.38
1099.34
1099.35
1099.47
1054.62
1052.76
1066.3
1099.37
1070.59
1080.19
1051.22
1099.37
1058.46
1053.95
1097.83
1098.15
1099.49
1085.9
1064.27
1073.21
1099.49
1097.12
1092.81
1069.19
1075.84
1081.13
1098.5
1076.15
1070.02
1099.33
1056.06
1059.11
1065.39
1099.49
1099.42
1096.2
1099.48
1040.88
1039.69
1099.12
1065.89
1099.51
1098.27
1082.02
1084.24
1098.54
1079.16
1098.76
1077.92
1076.51
1098.94
1077.53
1099.07
1073.44
1099.18
1073.23
1099.4
1068.2
1066.49
1063.29
1099.41
1064.95
1051.2
1066.51
1099.36
1065.06
1065.3
1099.43
1099.38
1099.23
1074.47
1099.41
1062.14
1099.37
1060.46
1069.34
1059.02
1099.48
1099.4
1060.58
1097.52
1090.26
1099.38
1099.41
1099.39
1092.58
1081.76
1071.89
1096.67
1079.76
1073.37
1099.39
1087.66
1088.81
1077.94
1091.02
1076.37
1095.53
1050.31
1099.39
1050.65
1099.49
1099.26
1050.2
1099.39
1099.03
1099.46
1049.9
1098.74
1052.2
1098.35
1058.64
1058.45
1074.88
1099.49
1089.37
1091.57
1094.13
1071.09
1049.83
1058.5
