1055.15
1037.42
1007.08
1046.41
1035.6
1035.44
1049.11
1055.1
1054.94
1054.68
1054.31
1053.84
1053.27
1052.59
1051.81
1050.93
1049.95
1048.87
1047.71
1047.74
1048.83
1049.86
1050.65
1051.32
1051.83
1052.17
1052.45
1052.52
1052.49
1052.34
1052.04
1051.74
1051.25
1050.7
1050.08
1049.35
1048.67
1047.84
1046.99
1046.12
1045.18
1044.35
1043.4
1042.45
1041.53
1040.56
1039.78
1038.85
1037.99
1037.13
1036.32
1035.64
1034.89
1034.17
1033.5
1032.84
1032.39
1031.81
1031.28
1030.8
1030.32
1030.09
1029.69
1029.32
1028.99
1028.66
1028.62
1028.36
1028.1
1027.88
1027.65
1027.77
1027.58
1027.38
1027.22
1027.03
1027.27
1027.11
1026.91
1026.74
1026.56
1026.9
1026.73
1026.48
1026.25
1026.02
1026.46
1026.24
1025.88
1025.54
1025.22
1025.76
1025.44
1024.89
1024.37
1023.9
1024.54
1024.03
1023.19
1022.35
1021.63
1022.33
1021.53
1020.2
1018.84
1017.74
1018.51
1017.31
1015.34
1013.35
1011.92
1013.1
1011.78
1009.41
1007.08
1005.99
1008.82
1007.44
1006.55
1010.08
1012.71
1015.79
1019.44
1023.11
1026.57
1029.36
1031.76
1034.08
1035.89
1037.03
1038.69
1039.79
1040.74
1041.55
1042.23
1042.8
1043.27
1043.64
1043.93
1044.14
1044.27
1044.34
1044.35
1044.31
1044.22
1044.1
1043.94
1043.75
1043.54
1043.32
1043.08
1042.84
1042.59
1042.34
1042.09
1041.84
1041.59
1041.34
1041.11
1040.87
1040.65
1040.43
1040.22
1040.01
1039.82
1039.64
1039.46
1039.3
1039.15
1039.02
1038.89
1038.79
1038.69
1038.62
1038.56
1038.52
1038.5
1038.5
1038.53
1038.58
1038.67
1038.78
1038.91
1039.09
1039.29
1039.53
1039.81
1040.13
1040.48
1040.88
1041.32
1041.8
1042.33
1042.89
1043.5
1044.15
1044.84
1045.57
1046.33
1047.13
1047.96
1048.81
1049.69
1050.58
1051.48
1052.39
1053.3
1054.2
1055.08
1055.94
1056.77
1057.56
1058.3
1058.98
1059.59
1060.13
1060.58
1060.94
1061.19
1061.33
1061.36
1061.25
1061.01
1060.63
1060.11
1059.43
1058.6
1057.61
1056.46
1034.26
1051.41
1038.5
1039.88
1044
1043.81
1043.25
1053.43
1032.17
1039.34
1038.59
1053.54
1043.43
1018.6
1027.87
1022.02
1058.92
1015.22
1060.88
1041.25
1061.19
1027.35
1045.5
1028.31
1028.64
1039.73
1054.53
1023.48
1041.12
1049.15
1042.86
1030.92
1030.15
1046.58
1042.62
1041.41
1038.4
1042.14
1040.71
1029.57
1038.44
1026.53
1026.39
1024.73
1049.62
1055.88
1052.33
1029.32
1038.58
1011.15
1059.37
1013.1
1055.58
1035.28
1051.1
1052.21
1038.83
1028.87
1053.85
1036.87
1043.49
1027.31
1039.04
1040.99
1047.07
1007.6
1038.28
1010.41
1057.54
1055.95
1056.22
1048.98
1039.37
1051.95
1052.63
1011.4
1060.58
1041.81
1042.26
1027.88
1025.15
1054.14
1024.08
1057.5
1021.56
1060.07
1017.08
1061.28
1040.41
1028.25
1028.73
1039.21
1044.08
1027.93
1027.36
1035.49
1047.89
1050.52
1026.32
1053.82
1033.07
1050.74
1044
1053.01
1040.28
1052.57
1042.39
1043.77
1040.14
1043.3
1045.59
1039.69
1038.91
1038.79
1048.32
1038.52
1031.77
1038.46
1041.9
1043.08
1041.17
1030.64
1044.69
1030.16
1019.82
1053.08
1006.81
1056.39
1050.17
1050.4
1042.56
1039.47
1054.29
1033.35
1038.28
1032.25
1038.57
1043.23
1055.05
1029.26
1042.29
1047.75
1040.89
1041.55
1028.45
1049.44
1024.06
1039.88
1053.15
1054.21
1056.7
1051.93
1051.3
1009.84
1040.31
1058.53
1011.27
1060.05
1040.57
1053.15
1050.16
1012.73
1060.96
1042.86
1017.46
1061.13
1059.53
1021.83
1056.71
1024.66
1053.24
1026.08
1058.24
1042.82
1020.55
1024.75
1022.72
1055.02
1060.52
1027.81
1016.64
1027.84
1061.3
1044.77
1026.37
1051.42
1027.19
1048.75
1041.73
1038.5
1029.43
1028.25
1040.05
1028.32
1028.76
1039.01
1038.69
1029.19
1028.71
1039.45
1036.15
1034.85
1040.81
1028.28
1053.67
1027.24
1033.59
1046.27
1053.73
1038.41
1029.76
1037.7
1032.6
1043.92
1044.03
1043.93
1043.55
1040.07
1043.67
1039.29
1039.51
1047.45
1040.49
1042.86
1049.93
1039.18
1038.68
1041.98
1052.03
1041.65
1038.42
1043.78
1031.26
1042.38
1040.94
1030.39
1046.88
1038.22
1026.98
1055.11
1053.86
1016.2
1032.94
1051.24
1037.11
1013.65
1010.82
1057.08
1057.36
1043
1042.97
1042.08
1039.67
1040.25
1015.87
1060.78
1035.42
1056.53
1059.36
1020.42
1023.65
1037.79
1025.78
1060.96
1041.52
1029.42
1029.01
1039.83
1046.07
1029.87
1044.07
1031.3
1038.13
1030.94
1038.18
1027.32
1053.05
1030.49
1038.31
1038.77
1037.95
1048.91
1030.97
1059.87
1057.67
1013.4
1054.36
1041.16
1042.62
1029.44
1029.84
1030.2
1054.89
1036.71
1049.55
1040.67
1031.89
1032.92
1041.33
1041.98
1038.37
1020.4
1053.34
1058.35
1052.32
1039.09
1036.32
1053.83
1011.36
1055.65
1054.74
1061.02
1061.13
1016.73
1017.76
1024.57
1055.7
1026.39
1052.15
1027.52
1060.35
1058.74
1028.4
1021.36
1048.56
1029.02
1029.08
1039.51
1044.58
1043.88
1054.83
1026.98
1028.29
1050.34
1038.43
1040.59
1058.06
1030.34
1025.14
1029.62
1021.95
1054.62
1039.23
1034.9
1055.09
1037.42
1042.69
1043.08
1038.15
1042.38
1039.3
1038.98
1041.4
1045.95
1038.17
1052.63
1039.85
1038.7
1033.84
1053.81
1042.73
1048.67
1051.21
1039.66
1041.11
1032.6
1041.77
1043.14
1038.46
1056.23
1027.64
1016.82
1054.98
1052.39
1038.18
1055.47
1018.49
1056.17
1036.61
1051.51
1041.49
1038.52
1038.83
1054.91
1022.69
1035
1038.03
1033.37
1060.49
1042.89
1058.44
1056.22
1025.9
1028.01
1030.71
1039.46
1024.77
1043.38
1040.93
1040.02
1040.63
1029.23
1052.75
1029.94
1049.13
1031.8
1037.7
1055.18
1028.5
1047.7
1053.07
1049.81
1037.86
1053.36
1037.2
1014.75
1060.4
1054.91
1012.19
1041.67
1059.19
1038.62
1055
1060.73
1019.57
1061.1
1019.09
1055.76
1042.05
1029.5
1028.76
1046.87
1043.55
1030.69
1059.89
1060.7
1029.79
1030.03
1038.22
1030.7
1038.59
1040.19
1029.77
1055.38
1028.35
1026.49
1023.61
1051.24
1027.91
1038.85
1041.04
1029.47
1030.31
1036.04
1038.98
1029.1
1057.32
1025.38
1022.68
1053.95
1027.28
1045.31
1041.39
1042.88
1043.05
1034.56
1047.97
1038.83
1037.73
1040.05
1038.88
1042.19
1042.42
1042.86
1038.15
1045
1031.15
1043.07
1039.13
1040.53
1034.36
1053.26
1040.46
1038.13
1031.56
1034.14
1040.42
1039.16
1045.22
1033.89
1031.73
1056.61
1021.12
1014.28
1058.06
1057.19
1040.25
1060.41
1041.39
1037.12
1041.17
1030.89
1030.37
1046.55
1060.09
1021.56
1039.88
1049.92
1042.43
1055.79
1025.49
1032.14
1038.39
1036.08
1031.37
1031.04
1028.37
1041.61
1030.12
1032.55
1037.61
1025.54
1057.42
1055.88
1039.76
1021.7
1053.62
1028.92
1038.19
1038.6
1037.22
1054.37
1038.14
1035.48
1037.7
1033.07
1041.25
1039.5
1039.86
1047.05
1036.06
1015.12
1017.35
1058.89
1060.11
1054.21
1039.22
1056.09
1055.86
1020.65
1060.84
1056.02
1060.67
1056.19
1040.98
1055.37
1060.05
1042.27
1030.72
1054.5
1028.63
1030.33
1040.24
1059.06
1031.16
1039.83
1037.75
1031.94
1037.99
1031.31
1030.98
1051.88
1050.07
1029.48
1029.77
1044.25
1044.98
1030.6
1030.95
1057.76
1057.01
1039.14
1027.04
1027.56
1024.46
1025.23
1031.65
1048.24
1030.13
1038.68
1033.73
1042.5
1040.84
1041.63
1038.99
1039.24
1040.78
1040.2
1044.31
1037.85
1037.86
1032.29
1053.75
1035.61
1036.01
1052.3
1041.58
1050.68
1041.1
1046.14
1039.33
1037.94
1028.37
1055.94
1017.6
1058.49
1054.33
1034.7
1057.2
1060.27
1056.38
1054.71
1037.66
1039.52
1038.26
1037.32
1044.43
1043.8
1034.49
1032.61
1058.65
1038.88
1052.55
1038
1054.08
1030.65
1037.04
1032.2
1031.96
1032.31
1038.08
1039.35
1046.24
1038.87
1033.62
1037.11
1033.11
1036.95
1031.06
1052.45
1031.68
1048.67
1037.45
1020.44
1059.7
1036.69
1041.81
1032.16
1039.32
1037.18
1050.82
1021.93
1029.09
1059.17
1056.01
1032.42
1016.18
1039.77
1056.85
1056.44
1060.34
1024.65
1057
1060.81
1040.66
1023.71
1022.67
1041.22
1060.01
1026.29
1027.77
1059.6
1055.91
1058.03
1056.59
1029.33
1028.87
1054.95
1030.4
1047.38
1038.63
1040.69
1037.79
1032.09
1043.1
1038.38
1029.75
1030.46
1031.49
1041.7
1030.78
1036.57
1045.75
1031.25
1030.97
1030.26
1051
1032.1
1029.64
1032.95
1040.02
1039.84
1041.65
1035.2
1038.53
1049.01
1037.09
1039.68
1039.54
1041.52
1041.65
1038.26
1053.32
1037.67
1032.8
1039.91
1039.25
1039.77
1038.51
1048.1
1059.57
1058
1056.76
1018.47
1055.17
1035.42
1041.83
1025.9
1027.73
1039.3
1039.7
1037.61
1045.31
1057.29
1038.43
1059.78
1057.21
1058.13
1030.91
1053.41
1039.8
1038.06
1050.81
1033.51
1037.93
1040.71
1036.33
1059.2
1055.27
1041.89
1032.22
1060.42
1059.19
1032.01
1032.7
1037.85
1037.16
1033.27
1039.77
1040.25
1037.4
1037.07
1034.15
1038.78
1037.53
1026.35
1033.08
1038.12
1034.25
1058.09
1056.71
1019.4
1037.31
1059.6
1057.1
1060.44
1057.16
1023.84
1056.73
1059.65
1039.1
1028.45
1055.35
1027.07
1057.33
1031.33
1054.45
1031.66
1041.24
1032.18
1032.06
1032.42
1032.43
1032.34
1047.79
1032.81
1038.97
1037.65
1042.55
1037.1
1044.54
1053.02
1030.85
1037.31
1033.43
1038.34
1032.51
1031.75
1032.22
1032.29
1046.1
1051.48
1049.64
1031.88
1031.25
1031.57
1039.68
1037.87
1043.55
1036.58
1047.17
1038.39
1034.83
1038.14
1038.73
1045.31
1038.25
1054.03
1037.1
1039.91
1038.05
1049.88
1037.24
1037.09
1038.65
1033.85
1051.7
1058.67
1045.29
1037.61
1037.23
1036.48
1033.45
1037.36
1036.65
1044
1034.6
1035.44
1057.95
1058.02
1030.76
1056.18
1033.36
1037.06
1040.7
1051.54
1032.92
1038.36
1033.51
1048.11
1033.35
1033.92
1038.77
1033.38
1036.85
1033.62
1033.46
1037.22
1037.74
1034.35
1038.07
1036.37
1058.64
1036.67
1054.73
1036.1
1041.29
1034.25
1053.63
1051.87
1037.87
1047.17
1049
1037.28
1036.48
1036.36
1033.75
1057.7
1024.86
1037.92
1059.94
1059.85
1026.84
1057.58
1038.84
1058.68
1059.51
1029.74
1029.09
1030.34
1056.74
1056.81
1057.5
1056.07
1054.87
1039.52
1054.16
1039.85
1037.95
1033.65
1031.94
1038.02
1041.28
1033.47
1033.52
1033.47
1034.09
1043.26
1032.61
1033.44
1044.77
1040.23
1032.25
1031.8
1046.93
1038.38
1050.83
1033.47
1031.42
1033.79
1040.43
1051.72
1037.74
1037.53
1036.33
1042.67
1036.17
1041.01
1037.5
1038.61
1039.19
1038.04
1037.55
1036.34
1035.11
1052.58
1038.04
1057.46
1022.84
1029.8
1036.7
1042.73
1033.46
1033.34
1036.54
1027.22
1028.16
1030.01
1034.48
1059.05
1035.23
1059.38
1035.89
1059.22
1058.3
1031.29
1057.47
1056.91
1056.22
1037.23
1031.79
1032.33
1037.82
1039.42
1041.93
1053.32
1036.26
1034.78
1036.95
1034.83
1036.31
1050.57
1040.18
1034.68
1036.71
1039.07
1034.61
1034.84
1036.33
1043.38
1041.13
1037.41
1034.91
1035.45
1036.3
1035.48
1035.34
1033.08
1050.9
1033.29
1049.79
1059.97
1058.05
1036.36
1057.85
1059.14
1036.95
1032.87
1055.54
1055.5
1036.01
1039.22
1033.44
1048.76
1037.02
1036.7
1052.99
1037.46
1033.44
1033.69
1033.33
1033.37
1036.52
1047.24
1045.56
1034.45
1033.42
1038.04
1033.54
1032.78
1037.46
1034.82
1048.12
1036.41
1046.21
1035.78
1037.3
1037.16
1044.41
1037.6
1052.45
1036.43
1038.87
1035.96
1040.69
1030.57
1058.01
1058.42
1035.12
1058.1
1054.88
1035.63
1033.88
1034.07
1036.2
1039.99
1040.59
1053.92
1034.38
1038.13
1058.68
1046.02
1034.82
1044.17
1047.96
1035.56
1034.57
1036.12
1034.78
1036.99
1035.49
1036.23
1035.52
1035.53
1035.97
1035.36
1059.42
1029.11
1058.57
1056.9
1035.26
1049.74
1042.64
1046.39
1036.35
1036.82
1035.47
1036.3
1043.56
1041.9
1036.61
1036.63
1036.63
1031.4
1059.31
1036.17
1032.27
1058.79
1033.04
1058.75
1058.58
1033.61
1058.94
1034.04
1057.93
1034.42
1057.55
1037.57
1056.26
1055.59
1054.12
1035.86
1040.11
1041.23
1039.57
1035.91
1052.15
1053.09
1036
1034.49
1035.8
1039.69
1035.07
1050.91
1034.51
1050.18
1038.59
1047.55
1036.08
1034.92
1048.52
1034.56
1035.7
1034.8
1035.12
1034.78
1034.51
1036.17
1037.73
1034.55
1036.3
1037.38
1034.83
1034.69
1035.79
1036.5
1034.56
1036.76
1034.52
1044.31
1034.78
1045.14
1036.16
1034.85
1041.93
1034.64
1035.7
1036.05
1043.49
1035.63
1046.94
1035.59
1046.66
1044.96
1037.06
1036.1
1034.62
1035.61
1034.5
1035.7
1042.69
1045.8
