1057.84
1050.37
993.473
1048.99
1036.74
1036.25
1050.09
1057.79
1057.63
1057.36
1056.98
1056.5
1055.92
1055.23
1054.44
1053.55
1052.56
1051.47
1050.3
1050.33
1051.38
1052.43
1053.18
1053.8
1054.26
1054.53
1054.77
1054.76
1054.64
1054.4
1054.01
1053.64
1053.05
1052.39
1051.67
1050.83
1050.1
1049.16
1048.2
1047.23
1046.19
1045.33
1044.28
1043.25
1042.24
1041.19
1040.41
1039.41
1038.48
1037.55
1036.69
1036.03
1035.23
1034.46
1033.75
1033.05
1032.65
1032.04
1031.46
1030.94
1030.42
1030.27
1029.84
1029.41
1029.04
1028.66
1028.73
1028.42
1028.08
1027.79
1027.5
1027.75
1027.5
1027.18
1026.9
1026.63
1027.04
1026.79
1026.41
1026.08
1025.77
1026.33
1026.04
1025.54
1025.08
1024.69
1025.43
1025.04
1024.34
1023.67
1023.15
1024.1
1023.57
1022.56
1021.56
1020.85
1022.07
1021.33
1019.83
1018.31
1017.3
1018.86
1017.79
1015.5
1013.09
1011.57
1013.56
1011.95
1008.3
1004.35
1002.13
1004.98
1002.91
997.436
991.82
990.462
996.768
994.718
990.541
996.123
1002.46
1008.62
1015.53
1022.72
1029.61
1035.44
1040.36
1044.63
1047.79
1049.72
1051.62
1052.62
1053.38
1053.92
1054.28
1054.47
1054.51
1054.43
1054.25
1053.98
1053.64
1053.24
1052.79
1052.31
1051.8
1051.28
1050.75
1050.21
1049.67
1049.14
1048.61
1048.1
1047.59
1047.11
1046.63
1046.17
1045.73
1045.3
1044.89
1044.5
1044.11
1043.75
1043.4
1043.07
1042.75
1042.45
1042.17
1041.9
1041.65
1041.42
1041.2
1041
1040.83
1040.67
1040.53
1040.41
1040.32
1040.25
1040.21
1040.2
1040.22
1040.26
1040.34
1040.46
1040.61
1040.8
1041.03
1041.3
1041.61
1041.97
1042.38
1042.83
1043.33
1043.88
1044.47
1045.11
1045.8
1046.53
1047.3
1048.12
1048.97
1049.85
1050.76
1051.69
1052.64
1053.6
1054.57
1055.53
1056.48
1057.42
1058.32
1059.19
1060.01
1060.78
1061.48
1062.1
1062.64
1063.08
1063.41
1063.63
1063.73
1063.69
1063.51
1063.18
1062.7
1062.07
1061.26
1060.29
1059.15
1034.54
1053.01
1038.97
1042.87
1052.7
1050.83
1053.8
1055.42
1032.38
1041.99
1040.68
1055.93
1044.39
1012.6
1027.02
1017.45
1060.72
1007.2
1063.02
1042.29
1063.63
1026.04
1046.46
1027.9
1028.44
1040.93
1057.18
1023.17
1053.23
1050.45
1043.6
1031.02
1030.27
1047.63
1047.76
1045.46
1040.19
1046.79
1044.26
1029.56
1040.09
1024.49
1024.28
1021.59
1050.69
1057.35
1053.53
1029.36
1040.11
999.345
1062
1002.96
1058.25
1045.81
1053.64
1054.83
1040.24
1028.73
1056.07
1037.22
1049.8
1025.88
1041.49
1041.57
1048.04
993.302
1050.95
996.681
1060.22
1058.63
1058.9
1051.56
1051.93
1054.47
1055.11
1000.67
1063.12
1053.6
1043.25
1027.1
1022.16
1055.46
1020.64
1059.13
1017.27
1062.04
1010.54
1063.57
1041.52
1027.79
1028.58
1040.51
1045.04
1027.11
1025.98
1035.8
1048.89
1051.62
1024.06
1055.97
1033.26
1052.26
1051.81
1054.89
1043.53
1054.35
1053.8
1053.39
1040.67
1049.28
1046.52
1042.56
1041.26
1041.05
1049.53
1040.53
1031.97
1040.4
1046.33
1048.76
1045.04
1030.76
1045.55
1036.27
1016.01
1055.71
991.3
1059.08
1052.77
1051.74
1048.12
1042.28
1056.2
1033.56
1040.27
1032.46
1040.8
1044.16
1057.22
1028.57
1042.93
1048.8
1044.66
1045.88
1026.91
1050.48
1023.93
1051.21
1055.69
1056.83
1059.36
1053.43
1053.88
996.778
1052.69
1061.19
1000.13
1062.64
1051.59
1055.59
1052.75
1003.08
1063.45
1053.86
1010.87
1063.35
1061.42
1017.44
1058.26
1021.63
1054.5
1023.68
1059.95
1043.8
1015.63
1021.48
1018.52
1056.42
1062.58
1026.92
1009.86
1026.87
1063.67
1045.72
1024.19
1052.57
1025.6
1049.78
1042.75
1040.08
1029.45
1027.74
1041.21
1027.93
1028.58
1040.36
1040.16
1029.2
1028.58
1040.7
1036.47
1035.15
1041.89
1027.85
1055.74
1025.76
1033.8
1047.23
1056.03
1040.13
1029.78
1038.13
1032.8
1053.07
1052.27
1051.33
1053.64
1043.19
1050.31
1039.79
1042.27
1048.58
1043.89
1048.25
1051.32
1041.73
1040.86
1042.66
1053.72
1045.89
1040.28
1044.58
1031.37
1047.27
1044.64
1030.53
1047.87
1040.13
1030.07
1057.77
1056.5
1009.13
1041.55
1053.85
1048.98
1003.76
997.869
1059.75
1060.04
1051.1
1049.49
1051.93
1040.13
1043.56
1007.59
1063.27
1035.7
1058.07
1061.23
1015.07
1019.79
1039.59
1022.79
1063.17
1042.5
1028.95
1027.99
1040.94
1047.01
1029.72
1044.81
1031.43
1039.83
1031.08
1039.76
1025.09
1054.3
1030.52
1039.77
1040.06
1047.98
1049.99
1037.1
1062.46
1060.31
1003.64
1056.81
1051.83
1043.56
1028.9
1029.67
1030.21
1056.97
1037.05
1050.78
1044.28
1032.06
1033.12
1045.46
1046.75
1040.43
1016.84
1055.95
1061.01
1054.89
1050.68
1046.75
1056.33
999.818
1058.29
1057.12
1063.45
1063.49
1009.66
1011.55
1020.98
1057.16
1023.64
1053.34
1025.41
1062.39
1060.53
1026.91
1016.45
1049.57
1028.11
1028.24
1040.66
1045.5
1044.81
1056.22
1024.47
1026.62
1051.42
1039.83
1041.63
1059.76
1030.36
1021.78
1029.3
1017.52
1056.61
1040.42
1035.19
1057.34
1037.81
1051.66
1050.35
1038.56
1047.65
1042
1041.47
1041.99
1046.85
1040
1054.23
1042.89
1041.01
1034.08
1055.63
1048.58
1049.8
1052.64
1042.58
1045.05
1032.82
1046.31
1043.81
1040.6
1058.88
1030.83
1009.98
1057.61
1054.98
1049.95
1057.92
1012.41
1058.34
1036.96
1052.85
1046.62
1038.92
1041.34
1056.73
1018.82
1035.31
1040.04
1033.64
1062.98
1043.77
1060.22
1057.74
1022.98
1025.75
1030.31
1040.5
1024.88
1044.03
1045.1
1043.34
1044.44
1027.58
1053.97
1028.81
1050.15
1032.01
1039.01
1057.77
1027.11
1048.68
1054.6
1050.98
1039.73
1055.93
1047.47
1005.52
1062.94
1057.41
1001.8
1051.94
1061.81
1048.36
1057.32
1063.15
1014.05
1063.39
1013.37
1057.77
1043
1029.02
1027.55
1047.83
1044.43
1030.22
1061.86
1062.83
1029.62
1029.96
1039.74
1030.79
1039.93
1041.26
1029.56
1056.82
1026.29
1023.85
1020.07
1052.38
1026.01
1039.96
1042.04
1029.04
1030.35
1036.34
1040.22
1028.17
1058.94
1022.23
1018.57
1055.26
1024.94
1046.23
1046.25
1051.41
1049.93
1034.87
1048.96
1041.23
1039.47
1043.22
1039.3
1047.2
1051.84
1049.04
1039.79
1045.82
1031.3
1050.74
1041.73
1041.05
1034.64
1054.97
1043.91
1039.9
1031.7
1034.44
1044.06
1041.87
1046
1042.45
1037.82
1059.23
1017.9
1004.81
1060.71
1059.82
1048.95
1062.53
1048.52
1038.7
1042.09
1030.68
1029.65
1047.47
1062.56
1017.7
1044.07
1051.02
1043.25
1057.28
1023.16
1032.11
1040.63
1036.47
1031.49
1031.03
1026.71
1048
1028.87
1032.8
1039.14
1025.88
1060.01
1058.39
1043.09
1017.3
1054.91
1027.19
1039.43
1039.75
1037.6
1056.09
1040.23
1035.79
1039.37
1033.34
1045.87
1042.43
1043.04
1047.96
1044.06
1006.35
1010.47
1061.51
1062.64
1056.74
1048.64
1058.41
1058.26
1015.66
1063.19
1058.11
1062.87
1058.44
1048.9
1057.28
1062.09
1043.16
1030.38
1055.87
1026.76
1029.5
1041.21
1060.92
1031.19
1040.83
1039.15
1032.15
1039.27
1031.41
1030.92
1053.05
1051.13
1027.94
1028.53
1045.13
1045.87
1030.05
1030.81
1059.45
1058.62
1040.21
1024.57
1025.17
1021.07
1022.03
1031.83
1049.22
1029.1
1041.09
1034
1043.09
1041.36
1047.35
1041.6
1039.67
1044.76
1043.66
1045.03
1038.24
1039.4
1032.52
1055.38
1036
1036.34
1053.73
1047
1051.93
1045.49
1046.98
1042.14
1039.88
1031.63
1058.55
1011.12
1061.11
1056.92
1043.14
1059.47
1062.46
1058.31
1056.35
1038.08
1042.9
1040.55
1039.06
1045.13
1044.62
1034.87
1032.93
1060.49
1039.33
1053.92
1040.14
1055.42
1029.54
1037.53
1032.3
1031.67
1032.53
1039.12
1040.26
1047.05
1041.58
1033.99
1038.51
1033.48
1038.14
1030.15
1053.65
1031.11
1049.64
1038.59
1015.9
1062.23
1044.42
1042.63
1032.17
1042.38
1038.8
1052.01
1019.11
1032.41
1061.75
1058.57
1038.4
1008.33
1048.85
1059.25
1058.9
1062.75
1022.06
1059.11
1063.09
1048.99
1020.8
1019.33
1048.75
1062.11
1024.18
1025.99
1061.55
1057.75
1059.78
1058.16
1027.86
1027.3
1056.36
1029.23
1048.33
1039.6
1041.63
1039.27
1032.3
1043.91
1039.57
1028.4
1029.83
1031.63
1042.6
1030.51
1036.97
1046.65
1031.32
1030.87
1029.33
1052.11
1032.03
1028.26
1033.31
1040.5
1043.81
1047.69
1035.59
1040.86
1050.04
1038.61
1042.73
1040.02
1048.27
1042.21
1040.42
1054.78
1039.28
1033.07
1044.34
1042.37
1043.54
1040.96
1049.05
1062.16
1060.61
1059.34
1012.5
1057.73
1043.66
1042.39
1024.86
1027.14
1045.15
1044.94
1039.53
1046.16
1059.77
1045.34
1061.95
1059.15
1059.95
1030.64
1054.8
1040.32
1041.01
1051.95
1033.91
1040.44
1041.56
1037.64
1061.72
1056.73
1042.63
1032
1062.68
1061.12
1031.8
1033.04
1038.92
1038.45
1033.64
1040.66
1040.75
1039.2
1038.55
1034.52
1041.42
1038.02
1026.92
1038.92
1040.57
1034.8
1060.65
1059.24
1014.12
1044.79
1062.06
1059.44
1062.79
1059.35
1021.96
1058.75
1061.66
1045.31
1027.92
1057.09
1025.13
1059
1031.06
1055.84
1031.39
1042.07
1032.23
1031.92
1032.7
1032.24
1032.6
1048.73
1033.16
1039.91
1038.76
1043.3
1038.22
1045.37
1054.27
1029.83
1038.69
1033.8
1039.34
1032.81
1031.27
1032.37
1032.49
1046.98
1052.62
1050.66
1031.54
1030.45
1030.92
1043.26
1039.94
1044.2
1037.07
1048.05
1040.76
1035.22
1040.36
1041.41
1046.07
1038.68
1055.58
1037.51
1044.6
1041.17
1050.94
1038.93
1038.52
1041.19
1034.22
1052.98
1061.24
1046.04
1039.69
1039.05
1037.91
1033.88
1039.27
1037.89
1044.77
1035.11
1035.95
1060.3
1060.22
1032.14
1057.94
1034.47
1038.79
1041.46
1052.71
1032.84
1038.96
1033.84
1049.04
1033.47
1034.47
1039.59
1033.58
1037.84
1034.15
1033.95
1038.15
1038.62
1034.89
1040.87
1037.72
1061.15
1041.34
1056.17
1038.12
1041.96
1035.08
1054.94
1053.04
1038.46
1048.03
1049.98
1039.25
1037.58
1037.36
1039.45
1060.12
1023.43
1045.12
1062.19
1062.26
1026.07
1059.61
1045.42
1060.59
1061.6
1029.33
1028.6
1030
1058.59
1058.44
1059.23
1057.62
1056.44
1045.05
1055.64
1044.82
1041.48
1034.68
1031.69
1041.35
1042.03
1033.89
1033.88
1033.97
1034.64
1044.01
1032.43
1033.88
1045.56
1041.09
1032.43
1031.41
1047.83
1039.21
1051.93
1033.76
1030.71
1034.33
1040.96
1052.94
1039.73
1039.75
1037.61
1043.28
1036.66
1041.53
1039.36
1039.11
1039.7
1040.7
1039.57
1037.59
1035.61
1053.89
1038.54
1060
1020.47
1033.15
1038.26
1043.34
1033.94
1033.49
1038.01
1028.03
1029.2
1031.38
1040.05
1061.5
1040.67
1061.62
1041.15
1061.37
1060.35
1032.55
1059.34
1058.61
1057.83
1041.35
1032.95
1033.45
1041.57
1040.01
1042.61
1054.65
1038.06
1035.61
1038.62
1035.67
1037.96
1051.66
1040.95
1035.5
1038.45
1039.76
1035.41
1035.67
1037.78
1044.09
1041.69
1038.01
1035.67
1036.49
1036.92
1036.51
1036.07
1033.06
1051.99
1033.36
1050.81
1062.3
1060.33
1041.36
1059.97
1061.14
1041.33
1033.99
1057.2
1057.03
1038.16
1040.02
1033.93
1049.72
1037.98
1037.71
1054.24
1038.37
1033.9
1034.23
1033.46
1033.48
1037.67
1048.13
1046.38
1034.97
1033.67
1038.9
1034.05
1032.65
1039.42
1035.32
1049.04
1037.64
1047
1036.28
1039.16
1038.94
1045.11
1039.69
1053.7
1037.82
1039.45
1036.93
1041.36
1033.94
1060.51
1060.86
1035.89
1059.99
1056.38
1038.08
1034.83
1034.95
1038.1
1040.58
1041.18
1055.28
1035.18
1038.84
1061.05
1046.81
1035.63
1044.9
1048.86
1036.68
1035.36
1037.46
1035.54
1037.6
1036.15
1037.63
1036.61
1036.54
1036.6
1036.05
1061.73
1030.34
1060.55
1058.68
1037.81
1050.76
1043.32
1047.24
1037.98
1038.44
1036.53
1038.02
1044.21
1042.49
1038.12
1037.24
1038.25
1034.81
1061.69
1037.06
1035.7
1061.08
1036.43
1060.97
1060.71
1036.85
1061.01
1037.05
1059.89
1037.23
1059.35
1041.51
1057.95
1057.18
1055.54
1038.16
1040.78
1041.83
1040.25
1037.17
1053.35
1054.37
1037.29
1035.26
1037.02
1040.47
1036.01
1052.01
1035.15
1051.23
1039.29
1048.43
1037.41
1035.72
1049.46
1035.36
1036.69
1035.59
1036.02
1035.54
1035.27
1037.01
1038.45
1035.35
1037.11
1038.11
1035.59
1035.45
1036.76
1037.29
1035.33
1037.53
1035.31
1045.01
1035.53
1045.89
1037.53
1037.51
1042.55
1035.42
1036.88
1037.37
1044.16
1036.78
1047.79
1036.72
1047.49
1045.72
1037.81
1037.43
1035.39
1036.61
1035.27
1036.35
1043.33
1046.59
