264.458
241.357
209.465
260.061
264.371
264.111
263.678
263.074
262.304
261.371
260.281
259.043
257.666
256.164
254.547
252.833
251.057
249.251
247.451
245.713
244.181
242.81
241.83
209.482
209.54
209.64
209.784
209.994
210.267
210.625
211.096
211.735
212.633
213.954
215.99
219.133
223.562
228.674
233.384
237.024
239.498
240.908
213.98
218.602
222.834
227.016
230.965
234.673
238.172
241.42
244.408
247.138
249.606
251.811
253.754
255.436
256.854
258.006
258.928
259.556
259.935
260.085
260.162
260.29
260.463
260.678
260.936
261.234
261.532
261.874
262.206
262.555
262.896
263.221
263.521
263.784
264.028
264.203
264.344
264.428
249.013
217.753
262.164
254.502
214.403
261.021
260.624
237.785
227.995
254.837
263.128
249.173
213.703
260.314
264.051
244.385
226.074
258.553
263.201
221.519
235.401
258.159
215.727
243.971
261.636
213.622
260.043
264.285
240.265
219.329
224.144
222.48
226.737
225.419
230.616
229.327
232.975
234.206
237.589
238.845
240.823
239.787
242.979
243.868
245.849
245.554
247.703
248.168
250.012
248.881
251.752
250.542
252.595
253.527
252.856
250.346
252.313
254.617
249.916
251.863
249.46
251.437
253.232
247.846
247.318
244.997
244.473
241.898
252.874
254.836
255.184
256.652
257.195
257.937
258.441
259.511
259.045
258.961
260.009
259.486
260.547
259.964
261.221
260.32
259.172
231.934
235.652
240.17
237.383
241.268
240.108
243.777
243.456
246.365
246.14
248.049
248.995
244.355
261.33
260.871
261.961
250.481
251.375
259.51
239.063
246.853
254.504
255.935
239.595
236.482
235.968
233.168
256.246
257.465
257.161
258.182
258.496
259.986
232.666
229.192
252.612
257.944
257.471
262.124
257.947
252.2
248.727
258.343
228.263
250.534
259.591
259.304
259.839
260.779
262.718
262.371
261.537
256.936
262.97
228.926
235.604
225.561
226.007
233.805
256.139
245.622
236.264
238.289
253.137
252.395
263.189
257.778
258.778
225.353
221.686
221.987
258.273
258.615
245.619
260.418
226.604
222.615
249.717
259.705
258.554
261.161
255.785
254.275
252.532
250.773
232.685
235.104
240.123
237.493
241.701
239.739
242.72
243.821
244.309
246.06
242.086
262.84
256.837
261.088
260.767
260.097
259.903
250.657
248.571
252.718
257.368
256.205
246.552
248.189
217.011
258.876
231.052
235.446
262.411
228.382
251.628
254.017
255.813
256.655
258.566
259.453
259.259
260.37
259.815
263.52
256.381
254.974
260.168
248.667
246.296
246.342
243.791
243.838
241.175
225.511
221.705
229.095
232.394
245.568
232.919
247.39
232.397
235.488
238.381
221.191
251.216
253.167
262.474
262.203
261.889
262.5
262.066
217.654
262.796
261.928
245.235
213.661
213.659
224.423
252.749
250.971
252.413
250.641
251.905
253.546
234.571
237.944
256.432
253.325
255.529
256.304
255.863
257.681
248.747
216.589
220.175
248.889
247.416
226.263
264.17
264.082
264.128
263.729
263.636
263.223
262.558
262.493
261.735
227.358
223.436
260.581
259.258
242.852
258.764
263.976
255.227
256.614
231.823
251.065
237.155
240.29
241.165
238.263
248.398
246.414
248.761
244.081
224.338
249.058
259.46
258.467
244.773
253.642
248.203
221.607
217.715
257.467
257.825
261.619
259.015
242.114
218.467
219.309
254.237
215.009
241.091
238.034
261.413
246.516
243.12
229.687
261.949
258.211
257.095
236.475
254.238
260.422
260.582
230.308
257.026
261.374
254.1
261.902
238.851
241.889
247.534
244.32
260.75
255.728
244.052
232.207
257.746
241.452
257.689
259.669
255.661
263.461
243.129
242.752
213.919
255.683
242.433
260.101
259.242
246.788
246.555
247.49
234.154
241.45
217.8
250.832
254.906
256.386
256.124
256.959
254.69
230.409
255.299
253.827
254.437
218.105
228.848
231.765
234.782
237.628
239.924
238.666
241.478
251.269
261.189
261.613
260.942
260.743
260.515
261.427
259.976
260.158
261.541
262.762
263.713
254.094
259.713
260.764
242.355
248.745
259.665
254.45
235.705
259.634
241.039
249.469
250.84
257.225
257.031
222.161
263.737
246.652
242.874
258.252
262.479
229.815
245.809
261.681
262.328
213.745
264.355
241.424
263.872
260.507
261.757
263.2
263.438
259.969
263.134
263.849
262.254
255.557
252.921
250.115
259.058
