320.009
297.787
297.783
320.019
319.442
317.844
315.529
312.856
310.086
307.353
304.797
302.457
300.378
297.77
297.784
297.806
297.82
297.829
297.817
297.918
297.764
297.782
300.38
302.436
304.793
307.371
310.091
312.856
315.521
317.833
319.452
320.652
322.615
331.414
339.94
341.126
339.044
331.69
322.555
320.643
310.05
300.294
327.31
309.479
304.92
300.166
327.484
314.17
300.179
315.806
324.953
304.268
300.151
321.823
318.57
312.897
312.723
309.777
312.213
309.384
311.811
314.02
311.524
308.694
310.871
314.238
313.066
309.751
316.298
317.626
314.305
318.062
314.978
317.119
311.197
321.809
316.404
319.501
318.547
320.978
321.943
324.568
319.524
323.007
315.442
320.856
327.337
307.088
306.731
300.78
301.944
301.999
303.772
303.417
305.635
306.057
308.312
307.023
304.553
306.352
304.137
306.325
304.133
302.088
302.066
302.105
300.206
306.439
311.706
300.176
307.308
304.634
303.32
302.265
300.192
316.695
302.134
314.963
317.748
301.485
318.306
322.092
302.178
310.879
304.318
319.998
309.042
324.398
324.54
313.482
315.601
303.949
329.043
308.105
300.153
319.999
300.246
320.03
308.077
308.785
317.145
306.493
302.151
