299.139
293.353
229.573
297.559
299.123
299.075
298.994
298.88
298.732
298.552
298.337
298.09
297.811
297.501
297.157
296.785
296.39
295.974
295.541
295.098
294.659
294.17
293.667
230.59
233.94
239.95
248.44
257.574
265.712
272.269
277.266
281.079
284.02
286.319
288.131
289.564
290.694
291.577
292.253
292.751
293.094
293.292
240.723
251.905
260.436
267.19
272.739
277.336
281.255
284.506
287.192
289.423
291.272
292.798
294.05
295.067
295.878
296.505
296.99
297.308
297.497
297.569
297.604
297.661
297.736
297.828
297.935
298.055
298.172
298.302
298.422
298.545
298.66
298.766
298.861
298.943
299.015
299.067
299.107
299.131
290.869
284.668
298.41
297.135
268.835
297.971
298.398
280.981
291.055
294.721
298.742
295.944
253.939
297.669
299.028
294.74
266.084
296.795
298.9
288.578
292.576
297.9
278.454
286.869
298.213
243.508
297.547
299.097
293.382
286.837
287.61
285.576
286.542
284.281
287.548
285.536
286.883
288.642
289.836
291.112
291.109
289.882
291.352
292.333
292.611
291.863
293.058
293.54
294.175
293.393
294.734
293.856
295.335
295.347
294.809
293.357
294.288
295.527
292.791
293.793
292.2
293.306
294.273
291.715
290.971
289.594
288.668
286.829
293.898
295.103
295.952
296.49
296.829
296.955
297.243
297.59
297.348
297.517
297.828
297.771
298.06
297.989
298.312
298.154
297.871
284.888
290.158
292.148
291.456
292.825
292.814
293.93
293.535
294.685
294.375
295.168
295.281
294.344
298.399
298.076
298.519
295.886
295.865
298.033
284.575
290.243
294.799
295.555
285.945
283.492
281.829
280.696
295.803
296.385
296.175
296.672
296.86
297.675
278.639
275.024
293.591
297.571
297.333
298.585
296.524
296.27
295.472
297.767
283.213
295.376
297.473
297.223
297.483
297.946
298.716
298.605
298.492
296.008
298.799
272.74
280.37
270.952
274.241
282.803
296.14
290.539
291.931
292.863
296.281
295.856
298.816
296.414
296.936
268.077
266.128
270.283
297.428
297.106
293.883
297.78
277.487
274.545
294.817
298.142
297.893
298.112
296.359
294.56
293.42
292.463
291.227
292.219
293.545
292.989
294.036
293.591
294.32
294.537
294.714
295.084
294.165
298.707
295.917
298.023
297.883
297.58
297.487
292.22
290.8
293.455
297.634
297.386
295.282
295.599
265.008
297.076
282.664
286.682
298.57
288.421
295.361
296.264
297.206
297.267
296.817
297.263
297.163
297.693
297.435
298.886
297.473
297.13
297.601
290.708
289.146
288.96
286.885
287.229
284.975
266.346
260.255
271.418
275.669
295.052
275.463
295.518
276.893
279.37
282.383
283.062
292.417
293.694
298.521
298.437
298.319
298.546
298.419
260.196
298.632
298.323
294.757
248.174
258.387
289.955
296.754
296.358
296.642
296.243
296.462
296.824
284.837
286.938
297.538
295.832
296.663
295.575
295.344
296.336
291.152
281.897
279.97
294.18
294.083
289.249
299.063
299.058
299.075
298.991
298.957
298.893
298.764
298.728
298.6
280.525
278.363
297.796
297.157
292.97
297.674
299.025
295.437
296.079
291.914
292.853
285.257
287.394
288.841
293.058
292.421
291.498
292.89
287.851
281.567
291.639
298.165
297.93
293.173
294.678
294.697
262.604
255.96
296.664
296.621
298.595
297.067
290.188
271.661
276.187
294.452
274.054
284.266
281.522
298.127
289.626
294.331
277.63
298.417
296.863
297.487
288.388
295.853
297.879
298.278
280.236
296.37
298.272
295.098
298.454
288.503
292.152
292.461
294.733
298.365
295.367
290.373
289.275
297.147
293.601
296.354
297.372
295.786
298.9
289.128
294.151
264.407
295.283
287.935
297.623
297.282
294.984
293.352
295.314
290.74
293.851
252.751
294.795
296.289
296.732
296.994
297.06
296.646
289.977
296.96
296.632
296.911
251.405
290.571
291.622
292.449
293.099
293.569
283.356
285.798
296.213
298.044
298.21
297.942
297.854
297.757
298.165
297.512
297.599
298.266
298.646
298.926
297.009
297.386
298.405
294.029
295.803
298.179
294.521
279.106
297.347
284.45
295.792
292.227
297.662
295.997
259.66
299.002
289.08
294.313
296.645
298.761
271.468
295.121
298.561
298.664
241.063
299.117
293.579
298.975
297.757
298.299
298.787
298.842
297.513
298.857
298.98
298.493
297.324
296.58
296.05
297.058
