1079.39
1091.39
1094.89
1066.96
1099.04
1063.51
1054.92
1079.28
1078.96
1078.45
1077.75
1076.89
1075.88
1074.76
1073.54
1072.26
1070.93
1069.57
1068.26
1067.93
1069.49
1068.63
1069.2
1069.66
1069.77
1069.49
1067.06
1066.24
1065.6
1064.69
1063.39
1059.54
1057.88
1056.71
1055.38
1053.54
1048.56
1046.5
1045.34
1044.1
1042.08
1036
1033.76
1033.07
1032.4
1030.34
1022.78
1020.39
1020.59
1021.28
1018.41
1009.46
1006.32
1008.13
1010.12
1005.94
991.584
987.523
993.352
997.32
985.615
957.989
950.901
949.783
950.306
951.724
956.326
958.358
959.729
961.089
963.096
969.197
971.698
972.954
974.051
976.417
984.614
987.824
988.642
989.015
992.109
1003.96
1008.47
1007.91
1006.63
1012.03
1031.29
1037.83
1033.01
1029.45
1044.35
1081.55
1092.71
1096
1097.19
1097.64
1097.81
1097.87
1097.89
1097.88
1097.86
1097.83
1097.79
1097.74
1097.68
1097.6
1097.5
1097.39
1097.25
1097.1
1096.92
1096.72
1096.5
1096.25
1096
1095.73
1095.45
1095.17
1095.12
1095.27
1095.33
1095.3
1095.15
1094.87
1094.41
1093.39
1092.38
1091.9
1091.6
1091.44
1092.77
1093.92
1094.92
1095.75
1096.45
1097.03
1097.52
1097.93
1098.27
1098.54
1098.77
1098.95
1099.1
1099.22
1099.32
1099.39
1099.45
1099.49
1099.53
1099.55
1099.57
1099.58
1099.59
1099.59
1099.59
1099.58
1099.57
1099.55
1099.51
1099.46
1099.39
1099.29
1099.16
1098.99
1098.77
1098.51
1098.2
1097.82
1097.39
1096.9
1096.34
1095.72
1095.04
1094.3
1093.5
1092.64
1091.73
1090.77
1089.78
1088.75
1087.69
1086.59
1085.46
1084.31
1083.15
1081.99
1080.83
1079.69
1078.57
1077.48
1076.44
1075.45
1074.53
1073.69
1072.93
1072.27
1071.72
1071.27
1070.94
1070.73
1070.64
1070.66
1070.8
1071.04
1071.39
1071.84
1072.39
1073.02
1073.72
1074.49
1075.31
1076.17
1077.05
1077.94
1078.84
1079.71
1080.54
1081.32
1082.03
1082.64
1083.13
1083.49
1083.7
1083.73
1083.57
1083.19
1082.61
1081.77
1080.72
1003.55
1055.69
1018.57
1098.9
1098.95
1099.38
1097.93
1063.81
990.1
1098.03
1094.68
1070.2
1072.21
1097.77
1032.59
1098.07
1077.67
1097.18
1081.11
1075.7
1083.33
1045.79
1070.6
1018.33
1003.96
1080.13
1077.16
1095.2
1095.76
1050.68
1031.24
972.467
977.031
1041.65
1099.57
1099.55
1091.24
1099.58
1099.43
979.843
1089.23
1086.33
1097.52
1098.16
1070.25
1074.13
1071.38
986.95
1087.11
1096.25
1083.07
1095.62
1079.04
1093.23
1071.76
1073.54
1084.83
989.97
1069.32
1016.51
1099.48
1058.26
1097.16
1029.25
1070.11
1095.69
1092.81
1095.55
1081.64
1079.75
1080.27
1069.53
1093.95
1072.01
1071.54
1096.75
1083.59
1096.46
1073.79
1022.03
1098.09
1072.61
1098.14
1075.85
1097.95
1079.47
1097.52
1082.46
1077.84
1007.46
996.852
1082.48
1071.57
1039.16
1066.91
1009.74
1070.04
1070.53
1093.58
1067.46
999.021
1053.6
1099.21
1063.29
1099.23
1061.41
1097.04
1098.54
1026.97
1099.52
1041.2
1098.66
1096.64
1096.05
1047.26
1093.91
983.427
1093.07
1099.58
1099.54
1099.53
973.016
1038.89
1094.22
1095.45
1074.82
1095.41
1080.6
1070.87
1051.1
1099.49
1098.61
1063.69
997.642
1093.57
993.207
1095.82
1070.07
1068.76
1051.87
1030.32
1044.76
1099.51
1099.55
1092.23
1068.64
1095.59
1095.83
1072.32
1075.76
1080.03
1056.17
1071.8
1095.97
1094.94
1082.48
1096.51
1083.43
1096.5
1070.78
1070.22
1096.98
1083.55
1097.53
1097.66
1081.83
1078.58
1098.01
1074.97
1098.16
1071.95
1097.93
1076.75
1072.96
1097.87
1098.15
1098.11
1073.34
1080.32
1025.9
1097.36
1043.4
1082.96
1071.03
1096.44
1070.9
1077.09
1070.09
1074.71
1088.2
983.311
1021.33
1078.97
1004.43
992.531
1083.66
1085.99
989.372
1001.31
1081.3
1014.09
1005.78
1076.74
1012.89
1065.41
1050.97
1001.95
1070.3
1070.39
1090.25
977.632
1017.01
995.014
1098.76
1099.1
1099.31
1098.26
1099.09
1099.44
1022.65
1098.37
1043.83
1099.34
1099.56
1052.92
1097.63
1095.39
1029.24
1058.6
1099.57
1092.19
1035.02
976.46
1099.58
1099.49
975.162
1041.88
1092.69
1094.77
1078.17
1076.04
1095.59
1093.67
1072.22
1092.96
1095.91
1095.84
1080.75
1081.3
1098.93
1099.36
1097.93
1023.74
1099.33
1097.18
1083.11
1009.66
1073.96
1077.81
1097.88
1098.25
1091.6
1098.39
1081.26
1072.5
1039.64
1069.63
1076.8
1068.38
1019.89
1035.46
996.748
1089.74
1001.99
1087.64
1098.21
1070.66
1006.14
1085.32
1081.67
1095.93
1047.62
1094.94
1083.05
1080.8
1096.69
1072.61
1097.07
1070.78
1047.58
1026.55
1014.94
1067.63
1014.31
1049.2
1099.47
993.476
994.893
1099.54
1099.54
1094.38
1095.79
1074.47
1082.12
1072.03
1095.03
1094.28
1072.62
1096.13
1078.12
1072
1082.87
1082.46
1097.39
1097.58
1098.3
1073.05
1098.4
1070.01
1097.88
1079.65
1076.84
1087.68
1098
1068.4
1060.17
1056.13
1077.99
1068.98
1069.47
1072.19
1098.39
1095.29
1069
1084.09
1074.54
1075.87
1008.86
1098.34
1032.97
1098.1
1065.94
1079.21
1007.89
1069.68
1017.08
1098.53
1099.19
1019.48
1099.51
1098.31
1097.51
1027.95
1039.48
1091.76
1058.42
1099.06
1096.45
1001.45
1061.77
1099.46
1047.23
1053.41
1098.86
1099.53
993.625
1099.55
1033.06
1095.13
1079.14
1095.3
1095.89
1076.98
1073.18
1094.06
1073.99
1097.35
1070.68
1017.39
1054.27
1099.41
1022.46
1098.08
1064.41
1098.09
1011.76
1094.35
1010.08
1082.41
1066.55
1075.51
1072.32
1098.46
1098.61
1066.31
1073.16
1096.03
1034.67
1099.49
1099.42
1099.5
1098.48
1068.66
1095.2
1065.96
1024.56
1081.34
1076.44
1082.02
1068.27
1058.37
1049.84
1092.58
1073.97
1095.18
1096.95
1083.18
1074.3
1096.41
1097.54
1082.69
1096.58
1070.74
1082.12
1097.57
1081.92
1097.75
1067.73
1071.6
1043.54
1075.7
1068.26
1066.02
1069.86
1078.75
1080.5
1022.95
1017.36
1086.49
1004.02
1082.88
1075.65
1029.85
1071.31
1098.63
1098.52
1098.21
1069.46
1097.08
1075.66
1073.49
1036.17
1012.13
1011.67
1080.44
1064.51
1074.9
1098.37
1098.18
1071.39
1098.35
1068.62
1099.44
1098.75
1099.28
1010.43
1045.45
1097.01
1090.57
1099.21
1021.53
1099.53
1098.26
1099.41
1088.71
1037.49
999.565
1099.07
1097.94
1025.84
1005.19
1060.16
1099.41
1090.75
994.637
1009.61
1099.48
1098.73
1038.99
1094.58
1095.63
1078.84
1096.16
1096.22
1081.55
1079.89
1097.94
1079.5
1098.9
1088.65
1068.89
1055.79
1081.68
1065.27
1081.49
1097.46
1099.34
1050.87
1061.78
1070.17
1098.25
1076.95
1096.54
1023.41
1032.18
1043.21
1098.65
1099.15
1098.8
1015.1
1086.56
1096.46
1079.27
1075.61
1099.44
1097.94
1069.45
1098.58
1079.57
1076.97
1019.17
1062.43
1095.15
1013.47
1089.48
1011.32
1099.46
1099.14
1099.36
1043.28
1096.66
1096.52
1097.09
1082.1
1082.52
1074.33
1097.11
1072.91
1073.53
1097.77
1081.66
1069.23
1080.33
1071.95
1098.51
1066.18
1078.58
1067.23
1062.79
1070.32
1098.62
1085.8
1070.9
1076.57
1040.24
1072
1083.8
1022.09
1080.64
1034.8
1046.26
1067.9
1066.43
1098.25
1096.8
1065.63
1065.37
1073.59
1052.46
1074.44
1073.37
1074.39
1098.56
1098.59
1098.31
1098.39
1027.06
1065.65
1092.81
1097.64
1009.43
1032.61
1028.67
1099.31
1098.44
1024.4
1099.5
1099.46
1036.81
1020.77
1086.88
1017.28
1060.39
1023.16
1015.4
1056.38
1099.37
1052.07
1099.48
1041.14
1098.96
1093.5
1095.84
1077.68
1096.22
1081.31
1075.12
1095.4
1073.43
1079.1
1068.02
1062.62
1025.87
1099.42
1098.2
1092.12
1039.3
1061.06
1025.18
1046.74
1074.93
1028.03
1056.95
1097.22
1067.93
1098.81
1034.64
1067.98
1088.81
1056.47
1072.05
1066.99
1043.05
1099.27
1030.21
1084.04
1037.63
1077.69
1098.72
1066.81
1096.88
1062.36
1075.97
1097.18
1081.65
1097.16
1062.45
1073.9
1099.4
1089.87
1052.89
1096.53
1096.35
1081.59
1076.84
1096.22
1096.81
1097.57
1075.04
1075.47
1081.14
1098.1
1071.02
1081.06
1098.26
1097.92
1097.7
1098.73
1078.17
1098.38
1098.58
1077.6
1066.32
1073.74
1071.35
1098.75
1098.7
1069.04
1098.81
1065.41
1069.33
1069.87
1085.5
1019.65
1061.33
1078.28
1098.78
1077.52
1029.55
1068.02
1059.22
1023.99
1065.26
1037.45
1049.31
1089.61
1067.09
1079.97
1097.75
1039.88
1026.57
1099.38
1099.24
1023.38
1097.13
1048.88
1087.42
1099.26
1029.19
1099.04
1030.65
1095.88
1058.88
1088.28
1013
1099.3
1099.41
1099.4
1098.82
1046.94
1082.42
1080.36
1078.1
1096.56
1075.49
1096.07
1033.97
1097.8
1098.23
1098.85
1099.1
1095.01
1061.09
1076.92
1098.25
1077.66
1069.98
1073
1098.8
1059.83
1035.44
1099.29
1054.39
1084.4
1099.33
1064.08
1084.63
1080.62
1067.71
1056.03
1098.96
1079.92
1076.07
1085.95
1044.32
1073.46
1080.78
1035.2
1066.01
1030.57
1093.14
1086.18
1026.42
1099.18
1034.52
1096.86
1096.74
1099.32
1051.01
1079.49
1077
1096.88
1097.58
1080.43
1074.34
1080.61
1072.3
1097.23
1069.57
1077.15
1098.69
1098.39
1064.5
1098.49
1072.55
1098.86
1066.5
1098.9
1063.25
1070.86
1082.97
1051.49
1098.97
1053.79
1062.01
1042.05
1068.12
1074.84
1055.65
1075.41
1061
1066.5
1098.79
1083.32
1032.62
1070.7
1049.12
1095.53
1065.11
1059.36
1061.32
1065.01
1062.24
1091.42
1098.57
1097.76
1099.41
1096.59
1037.52
1034.91
1045
1098.55
1024.05
1097.77
1099.32
1041.13
1026.9
1060.75
1024.84
1099.25
1099.27
1052.58
1091.04
1085.01
1099.03
1028.02
1054.92
1080.6
1044.24
1099.08
1097.4
1089.03
1079.22
1098.34
1080.19
1055.77
1042.67
1037.74
1075.92
1074.02
1098.33
1066.72
1098.93
1095.97
1057.45
1057.85
1098.92
1044.07
1089.09
1058.46
1097.86
1054.37
1060.87
1094.6
1070.34
1060.48
1069.52
1067.25
1064.43
1048.34
1099.32
1086.16
1079.49
1098.64
1065.18
1099.17
1049.6
1099.09
1065.4
1063.36
1044.5
1047.68
1051
1099.2
1075.27
1071.42
1097.19
1076.54
1097.53
1097.95
1078.6
1080.01
1098.03
1071.42
1098.49
1074.28
1076.62
1098.63
1098.52
1098.73
1068.4
1070.32
1071.67
1069.03
1063.22
1098.99
1061.52
1099.18
1099.18
1098.99
1098.93
1099.23
1056.71
1081.78
1086.82
1064.45
1052.78
1055.59
1098.97
1076.76
1056.2
1065.06
1062.23
1093.68
1061.64
1061.87
1064.17
1091.12
1098.28
1056.25
1035.97
1056.22
1095.85
1099.3
1083.22
1035.74
1035.52
1032.17
1094.11
1034.76
1035.02
1099.33
1098.92
1081.84
1038.91
1058.02
1034.49
1078.3
1096.89
1096.81
1092.76
1039.71
1072.07
1095.95
1090.3
1097.23
1097.56
1098.11
1097.59
1079.25
1097.93
1077.15
1098.22
1076.1
1073.2
1098.5
1070.41
1069.45
1067.99
1098.92
1098.64
1098.75
1099.11
1043.15
1049.38
1061
1099.22
1089.42
1095.04
1091.27
1099.23
1056.11
1058.29
1087.31
1099.22
1052.21
1085.19
1092.86
1098.82
1050.09
1036.91
1045.01
1064.19
1079.45
1048.18
1077.88
1059.03
1098.83
1061.5
1098.68
1058.82
1079.39
1075.06
1098.45
1072.78
1075.49
1098.8
1098.85
1064.93
1066.6
1099.14
1060.05
1066.81
1058.84
1068.85
1071.08
1064.6
1065.84
1074.41
1058.3
1097.05
1098.38
1077.12
1057.87
1056.73
1045.33
1092.97
1063.13
1062.43
1098.96
1098.67
1040.48
1049.47
1080.62
1045.83
1036.45
1097.93
1096.76
1042.73
1099.15
1059.45
1087.67
1043.47
1070.86
1050.14
1097.21
1078.25
1077.94
1063.24
1072.37
1064.09
1099.03
1099.03
1099.06
1099.2
1042.83
1042.66
1063.82
1099.11
1053.63
1077.38
1048.96
1094.25
1050.93
1052.23
1084.91
1083.18
1097.61
1065.73
1045.79
1052.99
1098.53
1083.16
1076.33
1049.39
1055.68
1078.05
1097.86
1073.7
1068.85
1098.95
1054.9
1049.59
1057.3
1099.22
1093.97
1081.28
1099.23
1041.21
1038.19
1091.54
1046.88
1099.03
1097.58
1078.75
1066.8
1097.9
1076.61
1098.18
1075.63
1074.47
1098.4
1074.95
1098.58
1071.86
1098.73
1070.96
1099.03
1067.22
1065.63
1062.54
1099.09
1050.72
1042.79
1051.39
1092.76
1061.64
1062.57
1094.09
1099.11
1091.22
1059.16
1099.11
1059.06
1098.99
1057.56
1052.89
1054.54
1096.18
1098.45
1056.24
1081.3
1073.41
1095.45
1098.79
1096.46
1072.88
1063.82
1054.52
1079.36
1061.65
1055.72
1097.96
1067.5
1071.77
1059.82
1071.09
1058.36
1077.2
1046.59
1097.29
1047.74
1098.14
1098.85
1043.33
1099.11
1089.6
1095.22
1045.36
1088.01
1050.39
1086.46
1053.52
1051.77
1057.03
1096.97
1069.29
1074.88
1074.97
1051.03
1044.24
1052.63
