246.28
215.594
206.591
244.256
246.187
245.904
245.434
244.776
243.935
242.911
241.708
240.331
238.785
237.071
235.208
233.191
231.04
228.769
226.399
223.96
221.53
219.134
217.002
206.596
206.61
206.634
206.668
206.719
206.779
206.854
206.945
207.056
207.191
207.358
207.572
207.855
208.252
208.842
209.76
211.16
213.007
214.782
209.758
212.978
215.985
218.983
221.834
224.553
227.147
229.584
231.855
233.955
235.876
237.609
239.151
240.497
241.641
242.576
243.328
243.841
244.153
244.266
244.302
244.36
244.439
244.537
244.657
244.798
244.929
245.09
245.237
245.4
245.558
245.709
245.847
245.965
246.083
246.158
246.226
246.266
235.399
210.208
245.187
235.214
209.498
244.636
242.113
226.837
211.575
240.006
245.62
228.778
209.356
244.333
246.052
222.279
218.288
243.013
244.931
210.721
213.168
239.381
209.858
231.506
244.943
209.455
244.209
246.157
215.525
210.435
213.447
213.168
216.01
215.751
218.751
218.473
221.095
221.38
223.905
224.207
226.341
226.094
228.496
228.683
230.726
230.978
232.511
232.622
234.259
233.626
235.871
235.231
236.239
237.482
237.219
235.416
237.048
238.743
235.324
236.92
235.181
236.78
238.244
233.631
233.455
231.607
231.431
229.449
238.114
239.564
238.962
240.269
240.488
241.415
241.624
242.608
242.409
241.845
242.835
242.079
243.108
242.285
243.508
242.402
241.262
220.85
221.729
224.557
222.234
224.924
223.418
226.211
226.612
228.393
228.78
229.868
231.143
225.97
243.399
243.669
244.145
231.99
233.544
241.359
227.322
233.299
239.438
240.612
227.475
225.186
225.048
222.782
240.734
241.755
241.627
242.483
242.632
243.258
222.651
220.157
238.032
240.021
239.849
244.194
242.378
233.87
230.133
240.143
218.236
233.285
243.094
243.33
243.651
243.971
244.815
244.601
243.441
241.541
244.941
220.144
224.966
217.581
217.678
222.953
240.066
231.831
220.138
220.58
235.382
235.126
245.322
242.303
243.072
217.599
214.861
214.872
240.923
242.233
228.959
243.821
217.827
215.055
233.068
241.35
240.12
244.141
239.199
239.372
238.065
236.562
217.193
217.702
220.994
218.29
221.446
219.039
221.822
223.738
223.478
226.094
220.321
245.118
241.533
244.406
244.271
243.939
243.847
236.575
234.933
238.279
238.843
237.558
225.866
228.436
211.462
242.814
220.633
223.383
244.847
216.332
234.872
236.764
237.422
238.68
242.956
243.633
243.531
244.233
243.987
245.684
237.586
236.155
244.149
235.085
233.159
233.279
231.318
231.264
229.238
217.823
215.112
220.387
222.767
224.31
223.24
226.451
222.637
225.011
227.143
212.938
237.127
238.672
245.324
245.083
244.951
245.204
244.817
212.068
245.468
245.077
226.014
209.416
209.244
211.088
233.154
231.016
232.941
230.855
232.654
234.526
223.157
225.607
237.45
236.515
238.267
241.186
240.798
242.299
234.956
210.019
212.734
232.827
231.048
213.792
246.109
245.935
245.937
245.553
245.536
245.006
244.288
244.311
243.398
218.017
215.3
244.228
243.591
226.729
241.116
245.9
239.714
240.883
212.248
236.655
225.379
227.697
228.004
214.313
233.808
232.164
233.891
231.315
215.519
235.049
240.828
239.84
228.863
238.391
231.163
214.948
212.224
241.225
241.912
243.206
243.186
228.311
212.224
212.516
239.43
209.687
229.319
226.974
244.838
233.204
220.012
220.284
244.549
242.071
238.816
223.639
237.772
243.454
242.46
220.443
241.05
243.95
238.553
244.286
225.867
226.573
232.788
222.814
242.461
240.551
230.248
219.111
240.711
223.401
242.264
243.737
239.88
245.466
229.869
223.582
209.295
240.596
229.623
243.706
242.966
228.209
230.85
228.293
219.609
217.917
212.361
234.591
238.033
239.434
238.487
239.656
237.006
216.744
237.23
235.639
235.893
212.617
214.217
214.74
215.412
216.29
217.218
227.218
229.327
232.355
244.635
244.864
244.508
244.522
244.423
244.548
244.062
244.262
244.322
245.273
245.896
234.895
243.941
242.346
218.535
228.59
241.15
239.661
225.239
243.899
229.227
230.391
236.79
238.49
241.738
215.488
245.514
233.565
220.17
242.74
244.145
220.978
224.286
243.449
244.264
209.581
246.185
216.538
245.969
244.257
244.686
245.511
245.763
244.173
244.998
245.882
244.879
236.565
234.201
230.628
243.411
