1069.4
1089.46
1089.11
1059.46
1062.84
1039.54
1053.21
1069.33
1069.12
1068.78
1068.3
1067.7
1066.98
1066.16
1065.24
1064.22
1063.13
1061.95
1060.7
1060.59
1061.91
1062.28
1063.02
1063.49
1063.73
1063.83
1063.17
1062.88
1062.44
1061.8
1061.1
1059.57
1058.61
1057.58
1056.43
1055.28
1053.2
1051.91
1050.67
1049.36
1048.08
1045.72
1044.41
1043.25
1042.05
1040.89
1038.39
1037.26
1036.34
1035.55
1034.4
1032.16
1031.15
1030.59
1030
1029.2
1026.72
1025.93
1025.74
1025.51
1024.86
1021.94
1021.22
1021.39
1021.52
1020.87
1017.09
1016.24
1016.79
1017.36
1016.49
1011.2
1009.9
1011.06
1012.35
1010.85
1002.76
1000.55
1003.08
1005.75
1002.2
988.446
984.854
991.056
995.349
983.958
956.626
949.737
948.766
949.404
950.909
955.572
957.649
959.049
960.423
962.433
968.522
971.003
972.229
973.285
975.595
983.716
986.838
987.557
987.814
990.773
1002.46
1006.78
1006.03
1004.55
1009.7
1028.65
1034.9
1029.8
1025.92
1040.36
1076.98
1087.32
1089.65
1090.55
1091.48
1092.15
1092.47
1092.48
1092.2
1091.31
1090.38
1089.94
1089.66
1089.51
1090.82
1091.99
1092.99
1093.83
1094.53
1095.11
1095.57
1095.93
1096.18
1096.33
1096.38
1096.33
1096.18
1095.95
1095.62
1095.2
1094.69
1094.11
1093.45
1092.71
1091.9
1091.02
1090.08
1089.09
1088.04
1086.95
1085.8
1084.61
1083.38
1082.12
1080.82
1079.49
1078.14
1076.77
1075.39
1074
1072.61
1071.23
1069.86
1068.51
1067.18
1065.89
1064.64
1063.43
1062.27
1061.15
1060.09
1059.08
1058.14
1057.27
1056.46
1055.7
1055
1054.37
1053.8
1053.31
1052.89
1052.54
1052.27
1052.08
1051.96
1051.93
1051.98
1052.12
1052.34
1052.64
1053.03
1053.49
1054.05
1054.67
1055.38
1056.16
1057
1057.91
1058.87
1059.89
1060.94
1062.03
1063.14
1064.27
1065.39
1066.51
1067.6
1068.65
1069.66
1070.6
1071.46
1072.23
1072.89
1073.43
1073.84
1074.09
1074.18
1074.09
1073.82
1073.35
1072.69
1071.8
1070.72
1029.62
1057.61
1036.17
1076.04
1096.17
1094.9
1095.87
1062.13
1025.69
1071.86
1063.95
1064.94
1052.07
1020.47
992.717
1006.44
1068.54
1040.94
1072.14
1051.65
1074
975.058
1053.27
1001.45
1009.34
1052.5
1068.25
1092.74
1093.83
1053.81
1042.98
1024.58
1020.62
1048.88
1090.54
1085.19
1059.48
1088.54
1081.44
1020.47
1057.59
976.852
986.257
996.099
1056.82
1064.13
1059.73
1016.25
1055.96
1063.02
1073.27
1091.33
1069.57
1091.23
1064.1
1065.51
1054.53
1016.44
1064.58
1034.59
1093.75
971.962
1069.12
1040.89
1054.47
1081.68
1090.86
1089.86
1071.71
1070.05
1070.4
1062.04
1092.01
1064.65
1064.94
1047.89
1074.01
1094.53
1051.69
998.768
989.269
1061.88
1003.1
1066.38
1017.07
1070.5
1030.63
1073.34
1051.92
1008.26
1012.65
1053.38
1052.39
988.154
974.224
1032
1055.18
1057.74
979.108
1063.89
1028.71
1056.21
1095.72
1061.54
1078.78
1060.39
1095.09
1096.22
1039.53
1093.05
1047.98
1074.65
1067.78
1066.47
1052.13
1062.76
1025
1061.62
1087.47
1092.28
1083.98
1022.87
1046.46
1092.1
1092.64
1066.51
1088.17
1070.63
1063.24
1054.82
1091.84
1073.84
1062.5
1028.69
1061.92
1025.82
1065.6
1051.3
1065.16
999.162
1041.83
1050.7
1083.32
1086.89
998.787
1056.29
1092.92
1093.85
1065.65
1067.56
1070.63
1057.88
1064.34
1072.81
1093
1072.6
1054.79
1073.74
1094.5
1065.02
1062.95
1043.04
1074.09
1095.53
1024.16
1072.8
1069.55
1011.76
1065.26
1000.51
1060.79
988.68
1067.48
1051.84
1019.93
991.81
1003.51
1063
1071.36
996.314
1036.96
981.779
1073.75
1052.79
982.604
1058.71
976.183
1055.97
1051.63
1056.75
1018.33
999.835
1052.17
1009.81
1015.47
1053.92
1055.22
1015.71
1010.03
1052.9
1033.53
1030.52
1051.74
1004.7
1063.05
971.262
1029.55
1053.83
1065.03
1058.5
1021.2
1035.09
1027.18
1096.24
1095.99
1095.36
1096.1
1077.42
1094.37
1037.86
1073.26
1050.43
1080.13
1091.44
1055.29
1070.48
1065.19
1041.53
1059.04
1086.35
1060.52
1044.71
1025.29
1089.57
1082.73
1021.19
1048.93
1060.79
1092.52
1068.97
1067.43
1092.21
1091.62
1064.41
1090.99
1090.3
1087.42
1071.12
1071.48
1095.65
1093.99
1095.68
1038.48
1079.4
1061.6
1073.85
1032.03
1064.89
1069.23
1045.78
1031.83
1058.6
1019.1
1072.52
1050.74
1005.95
991.982
1051.09
1053.18
1015.07
1044.96
1023.83
1057.69
1021.89
1056.01
1008.13
1060.34
1020.5
1054.44
1052.61
1093.87
1052.09
1092.77
1073.5
1071.48
1072.02
1066.41
1095.01
1051.03
1002.49
1012.83
1017.34
1064.54
1033.87
1053.52
1082.05
1025.31
1027.77
1085.74
1089.05
1063.1
1092.6
1066.56
1072.36
1065.02
1093.06
1092.29
1066.14
1083.33
1069.3
1066.4
1073.75
1073.49
1057.6
1053.85
1028.83
1063.74
1016.6
1059.26
1005.4
1071.06
1068.21
995.912
1041.94
1055.41
993.238
995.699
1051.37
1052.08
1051.65
1062.59
1014.2
1001.24
1057.23
1053.75
1050.76
1067.13
1019.51
1025.63
1009.3
1038.21
1063.69
1051.71
1030.81
1065.62
1034.67
1095.88
1095.01
1035.79
1090.97
1072.43
1069.63
1040.5
1047.45
1059.7
1059.21
1076.65
1066.91
1029.29
1061.42
1092.63
1052.2
1056.25
1075.25
1084.56
1026.65
1088
1043.54
1064.33
1070.02
1092.94
1091.82
1068.48
1065.46
1092.11
1067.57
1074.46
1066.49
1034.07
1056.53
1090.66
1036.88
1070.18
1062.98
1060.94
1031.67
1062.01
1028.81
1073.44
1050.05
1067.66
1064.26
1048.23
1036.74
1009.48
1049.35
1092.98
1043.87
1086.42
1080.06
1084.1
1026.15
1059.63
1016.58
1055.41
1024.18
1051.22
1068.41
993.718
1054.59
1059.16
1053.52
1059.68
1066.39
1093.16
1066.29
1073.77
1067.41
1078
1095.41
1073.03
1094.43
1066.01
1073.34
1070.89
1073.07
1049.84
1064.91
1050.84
1004.72
992.416
1053.85
1050.46
1008.49
1070.19
1071.85
1013.94
1016.24
1055.18
1021.24
1053.15
1050.89
1011.3
1063.08
1034
1045.36
1057.61
1058.23
1003.27
1049.8
1050.71
1007.36
1018.41
1033.08
1052.13
992.205
1066.02
1022.11
1034.89
1061.45
1011.38
1052.59
1089.71
1095.82
1094.54
1030.92
1050.76
1068.25
1057.58
1078.03
1037.19
1090.04
1095.84
1093.35
1056.84
1046.2
1022.75
1095.38
1071.02
1039.47
1029.88
1060.35
1080.74
1058.63
1024.74
1030.2
1082.79
1073.08
1046.4
1092.53
1093.33
1070.14
1092.3
1088.35
1071.99
1070.87
1095.31
1071.38
1094.69
1054.16
1049.32
1013.7
1008.87
1052.86
1072.9
1082.76
1087.71
1053.65
1048.42
1063.41
1071.98
1021.12
1065.92
1034.36
1021.61
1017.88
1061.33
1093.71
1050.85
1026.81
1054.25
1092.84
1070.76
1068.47
1081.21
1064.19
1060.74
1028.68
1050.94
1050.12
1034.94
1061.74
1063.26
1032.46
1056.6
1028.15
1088.69
1075.94
1078.74
1049.34
1094.28
1085.5
1078.18
1072.65
1073.37
1067.03
1094.86
1067.47
1067.58
1067.48
1073.06
1065.74
1072.07
1067.09
1095.25
1064.04
1070.58
1049.73
1010.78
1061.89
1031.32
1010.34
1049.21
1068.7
1019.09
1049.25
1052.72
1024.82
1051.26
1020.92
1016.79
1058.57
1056.42
1023.63
1018.87
1050.94
1051.5
1007.96
1014.9
1066.56
1065.42
1049.54
1042.46
1039.55
1054.32
1051.17
1023.36
1054.5
1014.38
1068.74
1029.49
1042.61
1040.04
1092.36
1071.64
1037.89
1085.27
1081.39
1045.07
1035.88
1054.98
1026.07
1060.44
1033.69
1033.26
1057.92
1091.55
1055.04
1087.59
1047.85
1074.52
1060.82
1093.27
1069.31
1090.94
1072.13
1067.37
1093.27
1068.16
1071.45
1065.17
1061.76
1036.49
1082.47
1068.19
1057.18
1045.55
1049.43
1031.96
1026.84
1067.99
1038.07
1057.85
1065.24
1061
1045.67
1037.19
1022.15
1024.08
1024.28
1047.5
1047.13
1048.17
1075.29
1030.25
1051.49
1029.01
1047.98
1040.77
1058.96
1032.08
1054.2
1048.21
1085.25
1072.84
1094.56
1048.05
1021.23
1079.07
1055.11
1055.08
1091.67
1093.45
1072.58
1069.04
1093.74
1081.97
1095.15
1068.75
1068.73
1072.79
1074.74
1066.97
1072.63
1095.34
1077.45
1080.12
1095.03
1070.74
1069.18
1063.9
1069.68
1064.11
1066.91
1064.61
1056.04
1058.66
1062.2
1048.2
1053.64
1047.16
1049.24
1053.89
1025.41
1048.88
1050.51
1053.38
1008
1022.43
1049.5
1012.23
1035.06
1052.14
1020.13
1015.86
1012.24
1057.49
1021.31
1021.21
1028.46
1038.92
1086.54
1093.08
1033.09
1067.32
1052.22
1053.33
1077.36
1038.93
1094.25
1041.3
1064.56
1059.18
1055.61
1027.5
1088.84
1080.36
1085.31
1071.09
1050.84
1073.11
1071.5
1069.94
1089.5
1068.01
1093.85
1042
1086.11
1082.11
1093.15
1091.7
1060.84
1050.77
1069.75
1094.53
1070.71
1066.31
1067.12
1071.23
1059.21
1040.29
1082.26
1055.13
1032.32
1077.52
1047.53
1048.92
1072.19
1062.43
1046.54
1061.75
1072.05
1068.99
1022.76
1027.37
1047.75
1049.89
1029.49
1047.24
1039.86
1058.31
1052.57
1031.32
1074.05
1037.76
1092.45
1093.98
1075.08
1033.79
1071.2
1069.49
1087.55
1094.7
1072.26
1068.53
1072.5
1067.64
1089.4
1066.13
1069.91
1093.76
1079.78
1062.97
1066.47
1065.78
1068.89
1061.23
1066.48
1047.77
1021.59
1021.84
1025.56
1059.35
1024.83
1053.28
1027.9
1047.11
1048.03
1047.05
1047.33
1050.07
1059.54
1043.1
1051.6
1029.87
1047.31
1026.23
1029.73
1022.72
1023.8
1051.55
1057.59
1055.14
1025.66
1038.57
1034.37
1084
1063.76
1044.33
1036.62
1049.5
1069.66
1032.53
1066.77
1075.81
1046.84
1037.24
1060.49
1035.76
1089.9
1083.74
1053.75
1056.14
1051.95
1072.6
1030.71
1056.47
1071.94
1047.32
1069.6
1062.16
1051.46
1030.96
1064.96
1048.28
1048.39
1033.91
1035.15
1069.62
1068.73
1087.08
1064.14
1078.43
1059.28
1045.8
1056.45
1052.79
1040.44
1034.34
1052.85
1044.85
1032.91
1044.74
1038.38
1044.91
1031.86
1030.89
1044.55
1044.47
1033.84
1080.8
1049.69
1071.47
1091.86
1061.43
1078.67
1044.54
1070.18
1060.07
1057.71
1039.94
1049.89
1052.47
1070.3
1045.85
1044.17
1094.05
1069.78
1087.84
1094.69
1071.34
1072.13
1084.17
1067.21
1094.23
1068.16
1069.97
1075.31
1077.43
1073.23
1065.28
1064.84
1066.01
1063.65
1061.69
1092.46
1060.47
1090.87
1086.55
1076.45
1064.06
1085.19
1046.15
1031.44
1033.25
1031.03
1033.42
1047.68
1056.99
1030.75
1049.19
1047.37
1023.26
1027.5
1052.39
1044.55
1056.75
1035.45
1036.51
1032.5
1040.99
1056.51
1062.3
1074.71
1048.37
1043.15
1036.09
1040.88
1059.53
1038.99
1039.62
1079.27
1068.13
1047.92
1034.63
1057.87
1038.34
1070.39
1090.69
1093.43
1054.63
1043.92
1030.89
1040.15
1052.36
1091.81
1090.93
1088.58
1093.96
1071.53
1093.72
1070.55
1093.31
1069.89
1068.19
1085.23
1066.29
1065.01
1063.83
1089.87
1083.37
1081.66
1087.81
1041.39
1045.09
1059.1
1075.12
1042.17
1057.72
1043.56
1071.67
1055.04
1045.51
1040.71
1069.98
1042.93
1039.57
1044.81
1063.07
1046.6
1041.84
1039.44
1037.93
1043.21
1038.34
1043.01
1038.33
1050.92
1056.31
1049.64
1054.63
1071.82
1069.26
1092.7
1068.03
1069.11
1090.9
1080.05
1062.91
1062.65
1080.47
1045
1030.82
1053.57
1044.73
1044.88
1059.18
1044.5
1030.77
1032.14
1042.32
1047.49
1046.66
1051.88
1050.04
1033.8
1036.78
1044.49
1031.43
1054.88
1066.54
1034.18
1051.23
1047.7
1048.55
1035.59
1063.57
1060.79
1046.15
1070.35
1057.79
1050.6
1040.88
1042.95
1044.09
1093.22
1070.65
1070.7
1038.49
1067.25
1061.6
1083.73
1074.38
1072.27
1076.92
1041.89
1042.44
1060.21
1068.11
1042.17
1070.54
1048.91
1046.04
1047.5
1051.51
1045.12
1038.86
1057.62
1037.65
1039.01
1037.58
1061.08
1044.41
1042.85
1037.96
1037.77
1071.06
1089.84
1068.23
1065.18
1085.08
1053.9
1045.79
1050.94
1070.51
1056.15
1043.73
1073.38
1045.02
1042.84
1053.41
1038.65
1065.98
1092.8
1071.39
1042.3
1092.21
1070.2
1091.43
1069.67
1068.99
1090.4
1069.12
1089.12
1067.3
1087.74
1066.18
1088.9
1063.99
1062.8
1060.36
1082.17
1043.66
1043.07
1043.27
1050.55
1057.73
1058.99
1052.1
1066.08
1048.93
1045.25
1063.9
1055.9
1058.94
1054.83
1042.55
1051.52
1054.87
1055.08
1052.83
1038.49
1042.79
1047.37
1058.17
1048.81
1037.23
1041.51
1041.85
1038.17
1041.23
1041.64
1052.59
1037.52
1042.68
1041.18
1037.33
1041.3
1037.76
1046.76
1050.51
1047.8
1059.26
1086.41
1043.85
1064.35
1047.53
1053.5
1045.73
1046.48
1050.12
1045.73
1050.43
1048.43
1041.47
1056.21
1037.42
1042.82
1037.39
1037.71
1044.75
1049.41
