278.692
261.907
212.493
273.157
278.622
278.413
278.066
277.583
276.971
276.233
275.377
274.413
273.354
272.215
271.001
269.74
268.462
267.195
265.964
264.809
263.831
262.949
262.282
212.538
212.686
212.951
213.345
213.938
214.786
216.021
217.885
220.802
225.309
231.528
238.552
245.029
250.282
254.286
257.249
259.377
260.817
261.645
218.37
224.437
229.843
235.091
239.99
244.499
248.682
252.499
255.952
259.059
261.829
264.272
266.401
268.225
269.75
270.981
271.96
272.625
273.025
273.188
273.289
273.455
273.68
273.958
274.29
274.67
275.055
275.486
275.908
276.346
276.77
277.174
277.545
277.872
278.166
278.384
278.554
278.657
261.183
231.958
275.877
270.936
220.685
274.442
275.629
248.259
251.744
267.588
277.09
267.097
218.607
273.513
278.223
263.882
233.952
271.569
277.674
242.313
257.97
273.706
224.698
255.473
275.21
218.047
273.16
278.511
261.257
236.942
241.443
237.309
241.766
238.609
245.669
242.918
246.844
249.256
252.661
254.813
255.953
254.143
257.51
259.03
260.461
259.58
261.993
262.752
264.454
263.007
266.012
264.42
267.166
267.647
266.684
263.842
265.848
268.405
263.102
265.126
262.359
264.453
266.34
260.952
260.084
257.595
256.697
253.814
265.794
268.014
269.213
270.61
271.354
271.836
272.514
273.506
272.889
273.2
274.147
273.876
274.811
274.488
275.59
274.965
273.979
244.677
251.839
256.873
254.535
258.4
257.944
261.28
260.446
263.54
262.895
264.998
265.513
262.301
275.838
274.913
276.3
267.15
267.41
274.438
250.55
259.307
267.522
269.028
251.564
247.929
246.89
243.981
269.476
270.728
270.306
271.36
271.777
273.782
242.911
238.646
265.377
272.947
272.322
276.518
271.041
268.443
265.809
273.481
240.5
266.271
273.255
272.59
273.236
274.538
277.011
276.619
276.13
269.983
277.313
237.929
246.119
234.105
235.198
245.31
269.894
258.628
254.954
257.604
268.799
267.804
277.391
270.81
271.905
233.445
229.153
230.079
272.794
272.307
261.89
274.061
236.62
231.599
265.09
274.742
273.818
275.029
270.048
267.162
265.187
263.388
252.386
255.475
259.732
258.071
261.362
260.185
262.334
262.828
263.477
264.468
262.128
276.99
269.815
274.717
274.294
273.443
273.193
263.14
260.839
265.321
272.876
271.976
265.135
266.029
223.517
272.277
242.777
248.632
276.508
245.265
266.737
269.131
271.479
271.896
271.636
272.607
272.361
273.675
272.945
277.656
272.217
271.054
273.406
260.85
258.3
258.241
255.338
255.522
252.465
233.386
228.573
237.874
241.954
264.564
242.422
265.879
242.222
245.741
249.199
233.674
263.63
265.772
276.271
276.012
275.609
276.396
275.986
223.871
276.677
275.58
263.467
218.286
218.803
247.367
269.646
268.364
269.305
268.014
268.768
269.987
246.882
250.748
272.374
268.182
270.402
269.17
268.725
270.645
261.175
227.791
230.682
263.865
263.001
245.752
278.367
278.348
278.416
278.064
277.933
277.657
277.123
277.007
276.462
238.394
233.576
274.023
272.315
259.308
273.439
278.21
268.585
269.997
255.256
263.863
249.245
252.83
254.339
259.937
261.852
259.846
262.474
255.994
235.873
261.702
274.717
273.87
260.509
266.962
264.236
228.683
223.636
271.19
271.221
276.414
272.215
255.961
226.193
228.257
267.033
222.375
252.141
248.636
274.927
258.715
263.115
239.759
275.992
271.752
272.481
250.617
268.636
274.346
275.332
241.144
270.576
275.513
267.649
276.106
252.423
257.736
261.343
263.688
275.589
268.708
257.423
248.71
272.096
259.976
270.688
272.889
269.214
277.712
255.957
261.598
219.573
268.584
254.769
273.626
272.772
264.277
261.656
265.192
251.91
261.985
223.54
265.609
269.556
270.87
271.198
271.641
270.033
248.922
270.825
269.684
270.432
223.825
249.886
253.542
256.595
259.043
260.839
249.765
253.033
268.054
274.712
275.23
274.405
274.074
273.776
275.159
273.156
273.31
275.507
276.76
277.808
270.546
272.811
275.687
262.636
266.656
274.814
267.202
245.876
272.712
252.161
266.694
263.261
272.89
269.979
229.031
278.103
258.529
262.885
271.272
277.097
238.617
264.821
276.346
276.786
218.101
278.598
262.013
278.004
273.881
275.588
277.278
277.474
273.066
277.526
278.027
276.239
271.646
269.289
267.437
272.115
