289.29
276.809
216.108
284.091
289.238
289.083
288.826
288.469
288.016
287.472
286.843
286.138
285.366
284.542
283.665
282.759
281.846
280.943
280.064
279.235
278.513
277.817
277.313
216.236
216.633
217.364
218.505
220.383
223.355
228.125
234.93
243.004
250.796
257.326
262.476
266.471
269.569
271.966
273.795
275.148
276.081
276.63
224.155
231.025
237.95
244.189
249.809
254.863
259.456
263.545
267.159
270.346
273.139
275.564
277.649
279.414
280.875
282.044
282.969
283.593
283.968
284.122
284.221
284.384
284.603
284.873
285.194
285.558
285.927
286.336
286.734
287.143
287.538
287.91
288.25
288.55
288.816
289.014
289.167
289.259
272.506
254.003
286.711
283.605
231.492
285.351
287.02
259.043
270.391
278.806
287.842
280.861
225.567
284.446
288.876
278.555
242.924
282.603
288.53
263.855
274.442
285.611
241.716
266.684
286.081
223.887
284.099
289.136
276.615
259.353
261.435
256.939
259.744
255.672
262.421
258.985
262.143
265.07
267.745
270.086
270.45
268.371
271.307
273.019
273.857
272.68
274.944
275.793
277.168
275.707
278.402
276.763
279.587
279.74
278.714
275.982
277.781
280.201
275.092
276.946
274.2
276.161
277.92
273.126
272.065
269.715
268.552
265.697
277.295
279.471
281.053
282.235
282.99
283.275
283.954
284.777
284.169
284.628
285.397
285.278
286.022
285.86
286.732
286.317
285.55
259.237
267.895
272.156
270.546
273.591
273.524
276.051
275.176
277.766
277.072
278.876
279.138
277.023
287
286.014
287.321
280.55
280.521
285.988
262.373
271.088
278.923
280.33
263.827
260.121
258.534
256.012
280.815
281.959
281.515
282.486
282.91
284.926
254.259
249.572
276.803
284.758
284.16
287.528
282.156
281.467
279.587
285.265
255.568
279.432
284.404
283.644
284.268
285.567
287.904
287.555
287.28
281.169
288.178
248.169
257.295
244.442
246.577
258.083
281.493
271.001
271.535
273.746
281.529
280.572
288.189
281.915
282.957
242.995
238.612
240.778
284.412
283.584
276.028
285.102
249.201
243.862
278.253
286.288
285.599
286.04
281.912
278.508
276.548
274.886
269.975
272.404
275.434
274.348
276.68
275.884
277.409
277.7
278.225
278.869
277.281
287.83
280.978
285.67
285.259
284.433
284.187
274.553
272.285
276.63
284.901
284.245
279.426
279.985
232.901
283.415
256.451
262.802
287.401
263.576
279.514
281.56
283.788
283.968
282.687
283.606
283.362
284.626
283.907
288.386
284.47
283.585
284.361
272.216
269.749
269.587
266.615
266.934
263.779
242.487
236.694
247.696
252.336
279.038
252.614
279.993
253.008
256.582
260.334
252.023
274.941
277.043
287.082
286.863
286.481
287.226
286.884
232.078
287.46
286.431
278.035
224.517
226.495
267.478
282.68
281.763
282.398
281.474
281.948
282.822
260.394
264.095
284.638
280.618
282.53
280.326
279.916
281.731
272.734
247.888
247.01
276.988
276.602
265.333
289.005
289.016
289.081
288.804
288.681
288.502
288.105
287.988
287.613
252.254
247.571
284.987
283.304
273.998
285.033
288.888
280.095
281.371
272.674
275.462
262.032
265.548
267.475
275.736
274.2
272.431
274.943
267.603
251.537
273.397
286.351
285.696
274.602
278.622
277.865
237.299
231.016
282.617
282.471
287.599
283.269
269.456
237.891
242.235
278.329
235.984
263.193
259.548
285.812
270.314
277.969
251.536
286.939
283.018
284.521
265.335
280.761
285.473
286.67
253.868
281.979
286.569
279.384
287.102
266.259
272.377
274.032
278.406
286.922
279.972
270.287
265.752
283.729
275.36
281.787
283.887
280.774
288.478
268.516
276.711
228.719
279.811
266.987
284.668
283.916
278.471
275.189
279.275
268.848
277.136
230.355
278.364
281.692
282.739
283.303
283.499
282.433
267.034
283.182
282.356
283.036
230.382
268.611
271.286
273.427
275.115
276.35
261.2
264.597
281.335
285.626
286.114
285.333
284.993
284.702
286.096
284.115
284.247
286.492
287.576
288.499
283.288
283.773
287.038
277.588
280.504
286.392
278.455
256.567
283.676
263.304
280.357
274.61
284.971
281.113
237.015
288.848
269.824
277.819
282.332
288.103
248.315
279.237
287.491
287.78
223.843
289.216
277.125
288.677
284.835
286.506
288.046
288.195
284.008
288.376
288.714
287.126
284.082
282.217
280.992
283.12
