21.0002
21.5
22.5001
21.9997
21.0054
21.0209
21.0466
21.0815
21.1259
21.1742
21.2449
21.3202
21.4052
22.31
22.1401
21.99
21.8599
21.7498
21.6594
21.5854
21.5398
21.5098
22.406
22.318
22.2461
22.1804
22.1252
22.0798
22.0446
22.0196
22.0048
21.8096
21.6395
21.4896
21.3595
21.2494
21.1565
21.09
21.0399
21.01
21.9609
21.6059
21.2106
21.1522
22.0865
21.8116
21.3894
21.0718
21.4789
21.8659
21.087
21.27
22.0909
21.6609
21.0247
21.908
21.7574
21.8172
21.6362
21.6942
21.5363
21.5073
21.4445
21.4966
21.3616
21.3049
21.2253
21.2987
21.2084
21.2504
21.1544
21.1418
21.1181
21.0926
21.1621
21.103
21.676
21.679
21.5636
21.5406
21.4024
21.3115
21.3202
21.258
21.4039
21.1966
21.1306
21.879
21.7556
21.5205
21.4172
21.3711
21.3461
21.4261
21.3206
21.2573
21.2134
21.3709
21.4758
21.4823
21.5952
21.5475
21.703
21.6458
21.7576
21.4972
21.6971
21.2173
21.1083
21.4485
22.0206
21.9507
22.144
22.0547
21.9399
21.042
21.5517
21.5675
21.487
22.2063
21.8388
21.042
21.3393
21.2137
21.8208
21.0522
21.5875
21.1528
21.5123
21.1099
21.0747
21.3078
21.2842
21.4252
22.2454
21.8223
21.4195
21.0137
21.1915
21.2515
21.0556
21.6431
21.884
