1060.67
1066.96
934.129
1051.65
1037.96
1037.05
1051.01
1060.61
1060.44
1060.16
1059.78
1059.28
1058.68
1057.97
1057.16
1056.26
1055.25
1054.15
1052.97
1053.01
1054.01
1055.08
1055.78
1056.34
1056.74
1056.93
1057.13
1057.03
1056.8
1056.46
1055.94
1055.52
1054.81
1054.02
1053.18
1052.21
1051.43
1050.37
1049.29
1048.2
1047.03
1046.16
1044.99
1043.85
1042.75
1041.59
1040.84
1039.75
1038.72
1037.7
1036.78
1036.16
1035.3
1034.45
1033.67
1032.9
1032.6
1031.93
1031.26
1030.66
1030.08
1030.07
1029.57
1029.02
1028.54
1028.08
1028.33
1027.94
1027.44
1026.99
1026.58
1027.06
1026.69
1026.14
1025.62
1025.2
1025.9
1025.5
1024.79
1024.11
1023.6
1024.56
1024.06
1023.08
1022.13
1021.48
1022.77
1022.12
1020.73
1019.35
1018.5
1020.24
1019.4
1017.38
1015.3
1014.17
1016.62
1015.54
1012.48
1009.19
1007.69
1011.31
1009.92
1004.87
999.298
997.436
1003.25
1001.03
991.381
981.271
979.813
989.646
983.356
961.058
940.971
937.943
934.317
934.765
957.502
976.366
994.534
1010
1023.41
1034.83
1044.22
1051.36
1056.86
1061.31
1064.46
1066.34
1068.2
1069.13
1069.74
1070.08
1070.17
1070.04
1069.71
1069.22
1068.59
1067.84
1067.01
1066.1
1065.14
1064.15
1063.14
1062.12
1061.1
1060.09
1059.1
1058.13
1057.19
1056.27
1055.39
1054.53
1053.71
1052.93
1052.17
1051.44
1050.75
1050.08
1049.44
1048.84
1048.26
1047.7
1047.18
1046.68
1046.21
1045.77
1045.34
1044.95
1044.58
1044.23
1043.91
1043.62
1043.35
1043.11
1042.9
1042.71
1042.56
1042.45
1042.36
1042.31
1042.3
1042.32
1042.39
1042.5
1042.65
1042.85
1043.09
1043.39
1043.74
1044.14
1044.59
1045.1
1045.66
1046.27
1046.94
1047.66
1048.42
1049.24
1050.1
1050.99
1051.93
1052.89
1053.88
1054.89
1055.91
1056.93
1057.95
1058.96
1059.94
1060.89
1061.79
1062.65
1063.43
1064.15
1064.77
1065.3
1065.72
1066.02
1066.2
1066.23
1066.12
1065.85
1065.42
1064.83
1064.05
1063.11
1061.98
1034.52
1054.55
1039.2
1047.39
1065.37
1061.44
1068.47
1057.4
1032.24
1045.94
1043.7
1058.36
1045.56
999.857
1024.72
1007.67
1062.58
989.057
1065.24
1043.63
1066.17
1022.86
1047.57
1026.43
1027.38
1042.53
1059.94
1035.14
1069.38
1051.62
1044.16
1030.65
1029.9
1048.55
1055.73
1051.74
1042.72
1054.04
1049.7
1028.94
1042.4
1019.91
1019.49
1014.73
1051.85
1058.88
1054.81
1028.81
1042.21
962.167
1064.76
995.046
1061.04
1062.46
1056.25
1057.54
1042.16
1027.83
1058.32
1037.28
1059.46
1022.5
1045.1
1041.91
1049.15
958.773
1067.56
976.926
1063.03
1061.43
1061.72
1054.23
1068.46
1057.05
1057.65
977.435
1065.79
1069.45
1044.49
1024.96
1015.66
1056.86
1012.8
1060.82
1007.04
1064.08
995.394
1065.96
1042.98
1026.22
1027.62
1042.26
1046.18
1024.86
1022.66
1035.81
1050.01
1052.81
1019.06
1058.14
1033.08
1053.69
1063.44
1056.72
1048.49
1056.09
1069.31
1067.1
1040.95
1058.49
1047.28
1046.88
1044.71
1044.35
1050.62
1043.42
1031.78
1043.16
1053.24
1057.55
1051.03
1030.43
1046.22
1052.11
1023.76
1058.44
958.003
1061.9
1055.45
1052.97
1056.69
1046.47
1058.09
1033.4
1043.09
1032.29
1044.01
1045.27
1059.4
1026.54
1043.38
1049.7
1050.46
1052.58
1023.17
1051.61
1035.44
1067.29
1058.31
1059.54
1062.14
1054.86
1056.54
958.51
1069.06
1063.98
969.162
1065.36
1067.3
1058.08
1055.42
984.019
1066.06
1068.97
997.048
1065.66
1063.37
1007.66
1059.87
1014.73
1055.83
1018.24
1061.73
1045
1004.12
1014.45
1009.41
1057.88
1064.71
1024.55
992.955
1024.31
1066.13
1046.85
1019.33
1053.8
1021.84
1050.91
1044.03
1042.29
1028.87
1026.06
1042.73
1026.51
1027.58
1042.19
1042.17
1028.55
1027.65
1042.37
1036.49
1035.17
1043.28
1026.33
1057.82
1022.28
1033.65
1048.34
1058.35
1042.54
1029.22
1038.3
1032.64
1066.27
1064.42
1062.45
1067.84
1047.93
1060.45
1040.04
1046.4
1049.59
1049.08
1056.63
1052.59
1045.51
1044.02
1043.15
1055.36
1052.47
1042.92
1045.19
1031.05
1054.87
1050.35
1030.22
1048.7
1042.83
1044.56
1060.55
1059.24
1010.44
1058
1056.54
1065.64
995.569
977.627
1062.54
1062.84
1063.17
1059.44
1066.23
1040.35
1048.59
990.674
1065.87
1035.68
1059.66
1063.17
1003.14
1011.39
1042.1
1016.43
1065.47
1043.72
1027.37
1025.27
1042.38
1048.07
1028.78
1045.35
1031.08
1042.19
1030.72
1041.93
1020.13
1055.61
1029.95
1041.75
1041.78
1063.83
1050.95
1052.64
1065.17
1063.07
983.194
1059.3
1067.11
1044.7
1027.11
1028.65
1029.55
1059.05
1037.11
1051.9
1049.81
1031.81
1032.95
1051.85
1054.14
1043.37
1024.11
1058.64
1063.79
1057.55
1067.03
1063.25
1058.89
979.149
1061.04
1059.54
1065.98
1065.94
995.349
999.001
1012.69
1058.67
1017.57
1054.59
1020.79
1064.51
1062.38
1023.43
1005.27
1050.67
1025.72
1025.99
1042.16
1046.57
1045.9
1057.65
1018.66
1022.6
1052.59
1041.72
1042.95
1061.52
1029.76
1014
1028
1007.76
1058.58
1041.99
1035.18
1059.62
1037.93
1064.86
1061.33
1038.73
1055.81
1046.01
1045.14
1042.37
1047.6
1042.59
1055.77
1047.48
1044.36
1033.98
1057.41
1057.59
1050.79
1053.98
1046.97
1051.14
1032.67
1053.34
1044.29
1043.68
1061.65
1044.93
1010.85
1060.34
1057.66
1066.5
1060.44
1002.12
1060.54
1037.07
1054.09
1054.55
1039.1
1045.01
1058.51
1010.85
1035.34
1042.88
1033.56
1065.56
1044.8
1062.04
1059.3
1016.52
1020.56
1028.81
1041.8
1035.64
1044.49
1051.52
1048.36
1050.29
1023.65
1055.24
1025.97
1051.22
1031.73
1040.73
1060.46
1023.83
1049.76
1056.06
1052.03
1042.34
1058.58
1063.7
986.374
1065.6
1059.99
980.872
1066.75
1064.57
1063.73
1059.69
1065.67
1004.4
1065.77
1001.34
1059.77
1044.18
1027.37
1024.54
1048.9
1045.44
1028.55
1063.88
1065.04
1028.62
1029.16
1041.81
1030.33
1041.73
1042.64
1028.45
1058.3
1021.5
1017.87
1012.41
1053.58
1021.68
1041.38
1043.31
1027.55
1029.75
1036.34
1041.87
1025.65
1060.61
1015.28
1009.85
1056.63
1019.52
1047.3
1053.77
1064.04
1060.39
1034.89
1049.81
1044.74
1041.88
1048.03
1039.48
1054.96
1065.6
1058.51
1042.05
1046.47
1030.97
1062.26
1045.56
1041.35
1034.6
1056.63
1049.19
1042.37
1031.37
1034.42
1049.61
1045.88
1046.63
1058.68
1052.85
1061.96
1024.36
996.018
1063.48
1062.56
1062.53
1064.72
1059.54
1040.79
1043.21
1029.55
1027.56
1048.47
1065.14
1014.11
1050.53
1052.02
1044.16
1058.79
1019
1031.28
1043.86
1036.65
1031.04
1030.29
1022.83
1057.86
1025.66
1032.66
1041.2
1035.63
1062.7
1060.99
1048.13
1008.93
1056.24
1023.11
1041.05
1041.24
1037.73
1057.77
1043.19
1035.83
1041.67
1033.25
1053
1046.82
1047.84
1048.72
1058.75
996.757
999.879
1064.25
1065.29
1059.36
1063.46
1060.78
1060.71
1006.72
1065.63
1060.22
1065.15
1060.72
1061.2
1059.17
1064.19
1044.21
1029.03
1057.27
1022.4
1027.18
1042.41
1062.83
1030.53
1042.08
1041.03
1031.9
1040.96
1030.9
1030.1
1054.26
1052.24
1024.21
1025.46
1046.12
1046.86
1028.24
1029.79
1061.18
1060.26
1041.57
1018.92
1019.72
1013.71
1015.07
1031.5
1050.26
1026.38
1044.61
1033.95
1043.5
1041.68
1056.19
1045.44
1039.89
1050.88
1048.92
1045.58
1038.39
1041.51
1032.33
1056.95
1036.17
1036.4
1055.08
1055.37
1053.07
1052.26
1047.67
1046.34
1042.6
1045.09
1061.26
1011.18
1063.83
1059.59
1058.99
1061.79
1064.71
1060.24
1057.95
1038.3
1048
1043.83
1041.41
1045.69
1045.52
1035
1032.82
1062.37
1039.6
1055.21
1043.16
1056.77
1026.67
1037.89
1031.73
1030.36
1032.21
1040.4
1041.35
1047.73
1045.57
1034.07
1040.34
1033.51
1039.62
1027.64
1054.88
1029.27
1050.64
1040.03
1012.92
1064.86
1058.39
1043.57
1031.41
1046.94
1040.98
1053.1
1024.45
1044.99
1064.43
1061.23
1052.73
998.005
1063.07
1061.72
1061.43
1065.25
1017.88
1061.23
1065.45
1061.93
1016.65
1015.35
1060.4
1064.28
1020
1021.95
1063.55
1059.57
1061.57
1059.77
1024.34
1023.6
1057.79
1026.17
1049.35
1040.78
1042.79
1041.27
1032.08
1044.81
1041.13
1025.01
1027.91
1031.24
1043.69
1029.28
1037.17
1047.64
1030.75
1029.95
1026.78
1053.27
1031.11
1024.85
1033.32
1040.77
1049.91
1057.03
1035.74
1044.23
1050.96
1040.63
1047.32
1040.31
1058.7
1042.57
1043.51
1056.18
1041.48
1032.96
1051.22
1047.03
1049.3
1044.5
1049.89
1064.86
1063.32
1062.02
1011.49
1060.37
1058.99
1042.78
1026.06
1027.17
1054.63
1053.25
1042.19
1047.06
1062.32
1057.02
1064.17
1061.1
1061.79
1029.54
1056.13
1040.71
1045.43
1053.01
1033.83
1044.07
1042.55
1039.27
1064.34
1058.2
1043.42
1030.79
1065.03
1063.1
1030.62
1032.97
1040.26
1040.1
1033.69
1041.72
1041.07
1041.65
1040.49
1034.63
1045.27
1038.38
1035.51
1052.43
1044.09
1035.18
1063.3
1061.85
1012.02
1057.99
1064.62
1061.84
1065.21
1061.57
1024.95
1060.77
1063.73
1055.5
1027.46
1058.79
1020.98
1060.69
1029.87
1057.22
1030.15
1043.03
1031.56
1030.89
1032.51
1031.04
1032.34
1049.69
1033.14
1041.04
1040.15
1044.08
1039.61
1046.27
1055.53
1027.12
1040.51
1033.87
1040.58
1032.67
1029.59
1031.88
1032.11
1047.9
1053.78
1051.7
1030.12
1028.11
1028.92
1048.7
1042.83
1044.7
1037.42
1048.81
1044.16
1035.36
1043.51
1045.35
1046.68
1038.92
1057.07
1037.72
1051.92
1045.91
1051.91
1041.2
1040.4
1044.89
1034.31
1054.17
1063.91
1046.67
1042.58
1041.5
1039.73
1033.87
1041.86
1039.44
1045.56
1035.44
1036.29
1062.72
1062.46
1035.83
1059.68
1035.97
1041.09
1042.28
1053.82
1031.84
1039.49
1033.65
1049.96
1032.85
1034.8
1040.51
1033.14
1039.01
1034.41
1034.1
1039.24
1039.63
1035.26
1045.02
1039.41
1063.75
1049.59
1057.59
1040.96
1042.61
1035.81
1056.25
1054.2
1039.01
1048.79
1050.88
1041.93
1038.9
1038.52
1052.05
1062.61
1025.42
1057.57
1064.51
1064.74
1026.59
1061.65
1056.36
1062.53
1063.73
1028.35
1027.79
1028.92
1060.43
1060.09
1060.98
1059.18
1057.97
1053.91
1057.07
1052.63
1046.99
1035.92
1030.43
1046.46
1042.84
1033.85
1033.76
1034.16
1035
1044.79
1031.26
1033.91
1046.37
1042.12
1032
1029.86
1048.77
1040.16
1053.04
1033.48
1028.55
1034.64
1041.37
1054.09
1042.51
1042.88
1039.19
1043.72
1037.01
1041.89
1041.91
1039.48
1040.08
1044.61
1042.36
1039.14
1035.94
1055.13
1038.91
1062.63
1024.59
1044.74
1040.27
1043.84
1034.05
1032.97
1039.88
1035.43
1035.5
1035.86
1051.73
1064.03
1051.46
1063.91
1051.1
1063.57
1062.42
1035.44
1061.21
1060.31
1059.44
1048.22
1035.24
1035.37
1047.53
1040.53
1043.26
1055.94
1040.48
1036.32
1040.83
1036.38
1040.09
1052.69
1041.79
1036.18
1040.73
1040.47
1036.07
1036.36
1039.56
1044.77
1042.11
1038.55
1036.39
1037.64
1037.48
1037.65
1036.76
1032.19
1053.08
1032.65
1051.81
1064.7
1062.66
1050.47
1062.12
1063.18
1048.82
1035.67
1058.83
1058.54
1041.31
1040.91
1034.09
1050.67
1039.11
1038.9
1055.49
1039.42
1033.97
1034.52
1032.87
1032.85
1039.07
1049.01
1047.21
1035.31
1033.3
1039.87
1034.28
1031.56
1042.11
1035.65
1049.87
1039.16
1047.69
1036.63
1041.68
1041.33
1045.69
1042.6
1054.9
1039.58
1039.98
1038.02
1042.02
1044.45
1063.09
1063.37
1036.63
1061.9
1057.85
1041.91
1035.85
1035.8
1040.72
1041.1
1041.7
1056.62
1035.81
1039.58
1063.49
1047.53
1036.27
1045.6
1049.7
1037.93
1036.02
1039.04
1036.24
1038.15
1036.74
1039.31
1037.82
1037.66
1037.17
1036.68
1064.11
1035.66
1062.55
1060.45
1041.96
1051.73
1043.98
1048.09
1040.05
1040.55
1037.71
1040.29
1044.75
1042.94
1040.06
1037.79
1040.32
1044.27
1064.15
1038.06
1044.19
1063.44
1044.02
1063.23
1062.88
1043.54
1063.11
1042.86
1061.87
1042.32
1061.15
1047.9
1059.61
1058.75
1056.92
1041.64
1041.46
1042.36
1040.94
1038.64
1054.52
1055.62
1038.82
1035.82
1038.42
1041.34
1036.87
1053.08
1035.48
1052.24
1040.01
1049.28
1038.98
1036.34
1050.37
1036.03
1037.79
1036.19
1036.82
1036.1
1035.94
1037.93
1039.2
1036.02
1037.97
1038.88
1036.14
1036.15
1037.84
1038.12
1036.01
1038.34
1035.98
1045.65
1036.07
1046.56
1039.15
1042.07
1043.09
1036
1038.22
1038.92
1044.76
1038.08
1048.56
1038
1048.3
1046.45
1038.6
1039.01
1036.07
1037.72
1035.93
1036.92
1043.9
1047.36
