297.528
289.655
223.616
294.658
297.501
297.42
297.285
297.096
296.855
296.564
296.224
295.839
295.413
294.951
294.451
293.925
293.383
292.831
292.273
291.717
291.194
290.667
290.231
224.172
225.887
229.249
234.822
242.79
251.67
260.123
266.956
272.274
276.39
279.607
282.149
284.171
285.779
287.046
288.025
288.753
289.258
289.555
235.217
243.878
252.051
259.15
265.138
270.174
274.54
278.26
281.421
284.113
286.397
288.322
289.934
291.268
292.349
293.2
293.865
294.307
294.571
294.676
294.736
294.832
294.961
295.12
295.306
295.516
295.724
295.954
296.175
296.399
296.612
296.811
296.991
297.147
297.286
297.387
297.466
297.512
285.893
277.541
296.159
294.416
257.209
295.386
296.319
274.213
286.455
290.812
296.772
292.784
242.831
294.859
297.315
291.264
257.899
293.6
297.128
282.958
288.644
295.546
269.157
281.031
295.806
236.072
294.653
297.449
289.825
280.533
281.433
278.666
279.912
276.943
281.253
278.641
280.444
282.716
284.306
286.002
285.998
284.393
286.333
287.634
288.011
287.028
288.617
289.264
290.127
289.07
290.894
289.697
291.733
291.74
290.992
289.035
290.28
291.978
288.296
289.618
287.537
288.977
290.253
286.892
285.958
284.207
283.094
280.83
289.752
291.362
292.584
293.343
293.848
294.007
294.448
294.958
294.575
294.875
295.339
295.277
295.714
295.628
296.129
295.9
295.463
277.949
284.73
287.412
286.492
288.348
288.363
289.883
289.311
290.918
290.461
291.585
291.719
290.49
296.285
295.709
296.464
292.593
292.53
295.726
278.106
285.062
290.943
291.958
279.666
276.683
274.847
273.312
292.311
293.109
292.801
293.484
293.768
295.052
271.108
266.892
289.346
295.009
294.639
296.58
293.26
293.125
292.024
295.319
275.722
291.821
294.729
294.273
294.674
295.454
296.788
296.595
296.446
292.556
296.938
264.646
273.293
262.139
265.479
275.671
292.832
285.371
287.203
288.521
293.114
292.492
296.946
293.096
293.827
259.42
256.531
260.602
294.763
294.199
289.759
295.176
268.993
265.163
291.025
295.905
295.522
295.733
293.174
290.618
289.123
287.891
286.31
287.712
289.503
288.816
290.216
289.683
290.631
290.863
291.147
291.586
290.488
296.751
292.42
295.536
295.296
294.796
294.645
287.584
285.795
289.165
295.131
294.762
291.898
292.27
253.938
294.099
275.271
280.286
296.513
282.438
291.782
293.071
294.484
294.557
293.648
294.282
294.126
294.94
294.507
297.056
294.898
294.389
294.783
285.688
283.749
283.537
281.036
281.42
278.735
257.942
251.491
263.472
268.155
291.626
268.069
292.234
269.328
272.273
275.711
275.31
287.838
289.473
296.362
296.231
296.019
296.43
296.229
249.832
296.567
296.003
291.098
238.759
246.37
284.893
293.879
293.334
293.711
293.163
293.443
293.951
278.046
280.712
295.003
292.442
293.643
291.945
291.642
292.972
286.225
273.763
271.295
290.138
290.014
283.696
297.382
297.386
297.419
297.273
297.208
297.113
296.9
296.836
296.636
272.478
269.578
295.14
294.1
288.517
295.149
297.32
291.828
292.708
287.686
288.389
278.709
281.375
283.138
289.348
287.797
286.584
288.409
282.134
273.49
286.831
295.954
295.587
288.774
290.801
290.878
253.405
246.471
293.569
293.46
296.631
294.031
284.83
261.234
266.58
290.468
263.476
277.975
274.79
295.654
284.317
290.813
269.61
296.252
293.827
294.899
282.43
292.458
295.386
296.107
272.472
293.134
296.034
291.379
296.34
282.641
287.396
287.834
291.215
296.255
291.691
285.114
283.555
294.329
289.492
293.007
294.458
292.322
297.101
283.567
290.292
252.237
291.568
282.127
294.914
294.421
291.359
289.009
291.847
285.549
290.258
244.156
290.984
293.09
293.727
294.14
294.22
293.636
284.57
294.109
293.637
294.056
243.353
285.545
287.033
288.217
289.151
289.832
276.758
279.653
293.073
295.533
295.816
295.36
295.18
295.01
295.783
294.634
294.741
295.996
296.619
297.119
294.228
294.425
296.325
290.512
292.575
295.971
290.553
272.05
294.364
278.164
292.495
287.596
295.182
292.52
251.175
297.297
283.691
290.752
293.401
296.901
263.705
291.734
296.566
296.72
235.07
297.49
290.112
297.212
295.058
296.017
296.874
296.959
294.597
297.045
297.23
296.364
294.683
293.586
292.876
293.966
