1095.29
1095.49
1098.18
1082.32
1099.96
1099.96
1096.21
1095.28
1095.24
1095.16
1095
1094.71
1094.2
1093.35
1092.05
1090.27
1088.16
1086.07
1084.29
1084.24
1084.59
1067.91
1063.99
1071.01
1075.26
1061.12
1026.67
1017.06
1014.41
1013.49
1013.16
1013.04
1012.99
1012.97
1012.96
1012.96
1012.96
1012.96
1012.97
1012.97
1012.98
1013
1013.04
1013.13
1013.31
1013.66
1014.32
1015.42
1016.93
1018.19
1019.36
1037.1
1042.26
1036.27
1031.85
1046.22
1083.15
1094.11
1097.28
1098.42
1098.84
1099
1099.06
1099.09
1099.09
1099.1
1099.1
1099.1
1099.1
1099.1
1099.1
1099.1
1099.1
1099.1
1099.1
1099.1
1099.1
1099.1
1099.1
1099.1
1099.1
1099.1
1099.1
1099.1
1099.1
1099.1
1099.1
1099.1
1099.1
1099.1
1099.1
1099.1
1099.1
1099.1
1099.1
1099.1
1099.1
1099.1
1099.1
1099.1
1099.1
1099.1
1099.1
1099.1
1099.1
1099.1
1099.1
1099.1
1099.1
1099.09
1099.09
1099.07
1099.05
1099.01
1098.93
1098.83
1098.68
1098.51
1098.5
1098.64
1098.74
1098.77
1098.71
1098.53
1098.22
1097.2
1096.18
1095.84
1095.63
1095.53
1097.18
1098.04
1098.74
1099.26
1099.59
1099.79
1099.89
1099.95
1099.98
1099.99
1099.99
1100
1100
1100
1100
1100
1100
1100
1100
1100
1100
1100
1100
1100
1100
1100
1100
1100
1100
1100
1100
1100
1100
1100
1100
1100
1100
1100
1100
1100
1100
1100
1100
1100
1100
1100
1100
1100
1100
1100
1100
1100
1100
1100
1100
1100
1100
1100
1100
1100
1099.99
1099.99
1099.99
1099.98
1099.98
1099.97
1099.96
1099.96
1099.95
1099.94
1099.94
1099.94
1099.93
1099.93
1099.93
1099.93
1099.93
1099.93
1099.93
1099.93
1099.93
1099.93
1099.93
1099.93
1099.93
1099.93
1099.92
1099.92
1099.92
1099.92
1099.9
1099.87
1099.81
1099.7
1099.49
1099.13
1098.59
1097.86
1096.99
1079.08
1044.09
1049.47
1100
1100
1100
1099.95
1044.29
1098.79
1100
1100
1062.55
1099.97
1099.43
1099.43
1099.43
1099.9
1099.41
1099.9
1099.99
1099.85
1099.43
1099.94
1099.43
1099.43
1100
1095.81
1098.89
1099.26
1044.09
1044.44
1099.39
1099.42
1044.11
1100
1100
1100
1100
1100
1099.43
1100
1099.43
1099.43
1099.43
1099.91
1099.9
1099.9
1099.43
1100
1099.26
1099.12
1099.07
1096.65
1097.48
1086.97
1091.68
1100
1099.43
1047.89
1051.65
1100
1099.43
1100
1045.44
1099.93
1099
1097.2
1098.97
1097.83
1096.81
1096.9
1085.96
1098.05
1084.05
1078.64
1099.37
1099.68
1099.6
1099.98
1099.43
1099.43
1099.9
1099.43
1099.9
1099.43
1099.9
1099.42
1099.89
1100
1099.43
1099.43
1100
1099.96
1099.43
1099.43
1061.63
1099.92
1099.91
1099.43
1045.47
1095.03
1044.09
1100
1044.17
1100
1044.12
1099.79
1099.99
1046.51
1100
1044.13
1100
1100
1100
1044.1
1100
1099.18
1100
1100
1100
1100
1099.41
1044.17
1098.19
1099.05
1093.55
1098.82
1096.95
1087.44
1060.42
1100
1100
1060.48
1099.08
1100
1099.56
1100
1099.94
1061.49
1099.6
1061.61
1060.43
1100
1100
1099.6
1099.83
1099.15
1099.29
1083.46
1093.94
1097.49
1060.4
1087.45
1099.14
1098.75
1098.57
1099.33
1099.47
1099.61
1071.51
1086.27
1099.4
1099.79
1099.89
1099.43
1099.9
1099.9
1099.43
1099.9
1099.43
1099.9
1099.43
1099.9
1099.98
1099.43
1099.43
1099.43
1099.9
1099.9
1099.43
1099.42
1099.43
1099.88
1099.95
1099.43
1099.9
1099.43
1099.91
1099.99
1100
1099.43
1099.43
1100
1099.43
1099.43
1100
1100
1099.43
1099.43
1100
1055.47
1069.45
1099.99
1099.43
1044.61
1099.43
1087.98
1099.93
1054.3
1100
1099.43
1051.11
1097.78
1099.99
1100
1100
1099.98
1100
1100
1047.99
1100
1044.1
1100
1100
1044.09
1100
1100
1044.79
1044.1
1100
1100
1044.26
1099.33
1100
1100
1099.42
1060.46
1100
1098.58
1096.35
1094.92
1099.1
1097.8
1089.5
1097.29
1099.25
1099.15
1097.68
1097.78
1100
1100
1099.95
1065.57
1100
1099.57
1099.72
1089.58
1099.81
1099.81
1099.6
1099.6
1100
1099.6
1099.81
1099.98
1099.6
1099.6
1099.99
1099.87
1099.6
1060.74
1099.59
1100
1099.6
1100
1099.6
1099.81
1099.6
1100
1100
1099.34
1074.13
1098.72
1099.4
1098.17
1099.49
1074.09
1099.8
1099.95
1099.6
1099.6
1099.6
1060.85
1078.91
1060.42
1100
1099.58
1099.39
1100
1100
1100
1099.26
1091.75
1098.51
1086.2
1098.79
1098.26
1079.12
1099.3
1096.54
1069.4
1099.77
1099.8
1099.58
1099.59
1099.6
1099.81
1099.6
1099.81
1099.6
1099.81
1099.81
1099.6
1099.6
1099.84
1099.6
1099.6
1100
1099.91
1099.92
1099.81
1099.6
1099.6
1099.82
1100
1099.99
1099.81
1099.6
1099.6
1099.6
1099.6
1060.58
1100
1093.79
1062.99
1073.89
1099.99
1100
1070.13
1100
1100
1100
1062.54
1060.5
1100
1060.4
1100
1100
1098.34
1060.44
1100
1060.42
1060.41
1100
1100
1099.51
1100
1061.05
1100
1097.15
1098.96
1099.29
1095.52
1089.27
1098.12
1080.94
1099.7
1074.8
1094.56
1074.12
1100
1085.43
1100
1074.1
1099.74
1098.92
1100
1099.71
1099.55
1099.88
1099.61
1099.61
1099.74
1099.74
1099.74
1099.99
1099.4
1075.08
1100
1100
1100
1099.74
1099.62
1099.74
1099.63
1099.74
1100
1093.91
1099.6
1099.84
1074.03
1074.12
1100
1088.15
1098.88
1099.54
1099.61
1083.61
1099.41
1099.9
1099.05
1099.64
1065.58
1099.59
1099.72
1099.81
1099.59
1074.21
1099.97
1099.6
1099.6
1099.86
1099.84
1099.74
1099.81
1099.81
1099.6
1099.6
1100
1099.6
1100
1099.99
1099.6
1099.61
1099.74
1099.74
1099.74
1099.82
1099.6
1099.99
1099.98
1099.6
1099.6
1084.44
1100
1099.6
1099.81
1099.6
1099.6
1099.81
1099.6
1099.89
1100
1099.99
1100
1099.37
1074.15
1100
1100
1100
1067.45
1100
1099.98
1100
1100
1060.58
1099.6
1100
1100
1063.88
1096.66
1060.41
1100
1100
1099.59
1099.58
1100
1100
1074.43
1098.47
1099.16
1097.05
1099.46
1099.41
1098.39
1097.77
1099.95
1099.62
1099.99
1099.99
1099.95
1099.74
1099.74
1099.7
1099.2
1099.8
1099.99
1084.41
1099.75
1099.21
1099.84
1099.84
1100
1099.36
1099.74
1099.74
1099.84
1100
1099.84
1099.73
1100
1099.61
1097.34
1088.91
1099.99
1099.73
1099.62
1099.74
1100
1100
1091.83
1074.04
1100
1098.07
1100
1099.72
1100
1100
1100
1074.22
1099.68
1099.53
1099.67
1098.92
1099.45
1086.17
1099.81
1076.79
1078.59
1099.73
1099.61
1074.39
1099.62
1075.54
1099.99
1074.12
1099.61
1099.91
1099.74
1099.62
1099.74
1099.74
1099.98
1099.61
1099.74
1099.99
1100
1099.74
1100
1099.74
1099.74
1099.62
1099.63
1099.74
1099.74
1099.8
1099.76
1099.74
1099.74
1099.61
1099.61
1099.99
1099.74
1099.74
1099.74
1099.74
1099.74
1099.65
1099.74
1100
1099.67
1075.8
1078.28
1100
1100
1082.5
1100
1100
1074.65
1088.65
1100
1099.74
1073.99
1099.61
1096.65
1074.08
1100
1074.11
1100
1074.31
1100
1100
1099.3
1095.83
1099.47
1098.66
1091.21
1099.01
1085.12
1099.21
1084.32
1084.11
1097.11
1099.99
1099.99
1099.99
1085.13
1099.58
1099.82
1099.84
1099.2
1093.85
1084.37
1099.99
1099.21
1099.84
1099.63
1099.84
1099.84
1099.84
1099.99
1099.97
1084.76
1099.99
1099.84
1099.99
1099.84
1099.99
1099.84
1099.36
1099.84
1099.21
1099.99
1099.77
1099.13
1099.83
1099.82
1099.84
1099.99
1099.99
1084.38
1099.63
1099.56
1098.97
1093.56
1099.49
1099.62
1099.91
1086.58
1087.64
1099.22
1099.84
1084.49
1099.62
1099.98
1099.83
1099.82
1099.99
1099.21
1099.84
1099.84
1099.61
1084.27
1099.2
1099.2
1099.84
1099.84
1099.22
1099.84
1099.67
1099.99
1099.97
1100
1099.74
1099.67
1100
1099.84
1099.74
1099.74
1099.93
1099.74
1098.91
1099.73
1099.74
1099.74
1099.74
1099.62
1099.84
1099.74
1099.84
1080.11
1099.99
1100
1099.73
1100
1084.43
1099.99
1100
1091.87
1100
1076.85
1100
1084.27
1100
1099.73
1099.99
1099.99
1099.99
1099.99
1084.57
1099.26
1098.19
1095.89
1099.61
1090.18
1099.42
1087.22
1099.89
1099.9
1099.99
1099.99
1099.99
1099.43
1092.54
1099.97
1098.46
1090.86
1098.43
1099.91
1090.95
1096.62
1099.98
1091.09
1099.91
1099.98
1099.91
1099.98
1098.52
1098.45
1099.49
1099.91
1099.22
1099.21
1099.84
1099.84
1099.99
1099.99
1099.84
1099.96
1089.98
1099.99
1099.99
1099.83
1099.99
1099.4
1099.75
1099.71
1099.99
1099.92
1097.46
1093.05
1099.7
1099.91
1098.55
1085.7
1099.23
1084.71
1099.82
1084.31
1099.21
1099.99
1099.91
1084.16
1099.84
1099.2
1099.91
1098.49
1099.91
1099.87
1099.84
1099.84
1099.84
1099.91
1099.84
1099.27
1099.84
1099.98
1099.99
1099.32
1099.99
1099.5
1099.18
1099.84
1099.99
1099.84
1099.99
1099.84
1099.84
1099.84
1099.84
1099.37
1099.22
1099.05
1099.84
1099.84
1099.84
1099.99
1099.99
1085.61
1099.76
1084.7
1099.99
1099.79
1099.99
1099.99
1084.83
1095.63
1084.12
1098.19
1099.99
1099.98
1091.1
1099.99
1099.99
1099.99
1099.83
1084.34
1098.43
1091.52
1099.98
1099.98
1099.98
1099.91
1099.98
1099.99
1098.98
1099.9
1099.89
1091.64
1091.13
1099.94
1090.75
1099.95
1099.99
1099.76
1095.16
1099.91
1099.67
1099.91
1098.48
1099.91
1099.91
1099.95
1099.91
1099.98
1099.91
1099.91
1099.98
1099.98
1099.91
1099.98
1099.98
1097.47
1099.98
1097.13
1099.97
1099.02
1099.95
1098.55
1098.66
1099.79
1091.49
1091.35
1099.98
1099.98
1099.98
1099.84
1092.03
1099.86
1099.95
1098.49
1098.54
1099.9
1090.85
1099.98
1098.44
1098.44
1099.91
1099.91
1099.91
1090.81
1098.41
1098.42
1098.44
1090.68
1099.99
1090.81
1099.99
1099.98
1099.95
1099.91
1099.98
1099.65
1099.91
1099.91
1099.9
1099.91
1099.14
1099.91
1099.91
1098.85
1099.94
1099.84
1099.84
1099.32
1099.97
1099.18
1099.91
1099.84
1099.91
1095.44
1091.05
1099.99
1099.98
1099.98
1086.27
1099.84
1088.38
1099.99
1098.45
1097.64
1099.98
1099.98
1099.98
1099.9
1090.97
1099.02
1095.8
1099.75
1099.74
1099.98
1092.71
1099.91
1099.91
1099.98
1099.84
1099.89
1099.94
1099.91
1097.41
1099.95
1097.19
1099.97
1097.13
1094.77
1099.95
1094.75
1097.02
1097.03
1099.98
1099.95
1099.95
1099.98
1099.16
1098.66
1094.93
1099.97
1099.95
1099.99
1099.95
1099.97
1095.03
1099.84
1099.95
1099.97
1099.81
1099.95
1099.95
1099.97
1098
1094.3
1099.86
1099.95
1099.97
1099.94
1099.97
1099.95
1099.91
1098.43
1099.91
1097.95
1098.52
1091.31
1099.98
1090.93
1098.44
1099.98
1099.95
1090.62
1097.09
1099.97
1099.93
1099.9
1098.36
1099.98
1099.98
1098.57
1099.98
1099.91
1099.91
1099.91
1099.91
1099.99
1098.57
1098.75
1099.91
1099.91
1099.98
1099.91
1099.91
1099.98
1099.9
1091.64
1099.99
1091.35
1099.87
1099.98
1099.99
1091.83
1099.98
1095.06
1099.98
1099.47
1099.98
1099.32
1099.85
1095.63
1095.41
1099.95
1097.08
1094.76
1099.97
1099.95
1099.95
1099.97
1098.72
1098.15
1097.2
1099.95
1099.92
1095.2
1095.21
1099.95
1097.8
1095.37
1099.97
1099.95
1099.97
1099.95
1099.9
1099.94
1099.97
1099.97
1099.97
1099.94
1099.95
1097.25
1099.92
1097.08
1094.69
1099.97
1095.21
1098.31
1098.66
1099.97
1099.98
1099.97
1099.97
1092.2
1093.36
1099.98
1099.92
1099.97
1099.91
1097.32
1099.97
1099.94
1095.06
1099.96
1094.94
1094.83
1099.97
1097.1
1099.97
1094.75
1099.97
1097.06
1099.98
1094.64
1094.66
1094.84
1099.97
1099.55
1097.49
1099.71
1099.97
1097.73
1097.32
1099.97
1099.95
1099.97
1099.9
1099.95
1097.22
1099.94
1096.89
1099.88
1097.25
1099.97
1099.95
1097.45
1099.95
1099.97
1099.95
1099.95
1099.95
1099.95
1099.97
1099.94
1099.95
1099.97
1099.96
1099.95
1099.95
1099.97
1099.97
1099.95
1099.97
1099.95
1095.66
1099.95
1095.41
1099.97
1099.97
1096.85
1099.95
1099.97
1099.97
1095.92
1099.97
1095.15
1099.97
1097.35
1097.63
1099.96
1099.97
1099.95
1099.97
1099.95
1099.94
1096.31
1097.48
