239.687
208.974
205.652
238.472
239.598
239.328
238.88
238.253
237.451
236.475
235.33
234.02
232.548
230.915
229.144
227.223
225.168
222.991
220.704
218.325
215.886
213.409
210.989
205.654
205.66
205.672
205.687
205.712
205.738
205.773
205.812
205.859
205.914
205.978
206.055
206.149
206.271
206.438
206.683
207.062
207.648
208.441
208.371
211.13
213.72
216.307
218.771
221.13
223.386
225.512
227.5
229.344
231.034
232.565
233.93
235.124
236.141
236.974
237.644
238.101
238.38
238.478
238.5
238.536
238.583
238.642
238.715
238.803
238.878
238.978
239.063
239.162
239.257
239.348
239.43
239.498
239.571
239.612
239.654
239.678
230.61
208.398
239.013
229.162
208.037
238.664
235.722
223.111
208.875
234.685
239.266
223.024
207.982
238.494
239.527
216.744
215.703
237.36
238.405
208.591
209.377
233.124
208.25
227.19
238.865
208.099
238.419
239.587
210.188
208.486
210.965
210.853
213.233
213.123
215.552
215.432
217.668
217.792
219.953
220.076
222.042
221.948
224.015
224.059
225.948
226.286
227.585
227.615
229.088
228.604
230.558
230.086
230.795
232.023
231.869
230.34
231.793
233.241
230.327
231.746
230.26
231.679
232.981
228.824
228.732
227.101
227.004
225.269
232.912
234.157
233.363
234.547
234.673
235.588
235.708
236.608
236.492
235.838
236.749
235.98
236.934
236.102
237.233
236.148
235.09
217.559
217.949
220.232
218.221
220.439
219.03
221.372
221.871
223.258
223.735
224.55
225.781
220.991
237.072
237.522
237.799
226.41
227.981
235.117
223.419
228.649
234.089
235.134
223.493
221.514
221.45
219.441
235.203
236.118
236.043
236.811
236.908
237.266
219.381
217.233
232.876
233.934
233.85
237.814
236.747
228.166
224.697
233.977
215.326
227.872
237.174
237.54
237.785
237.915
238.4
238.238
237.067
235.998
238.482
217.261
221.423
215.018
215.056
219.524
234.433
227.23
216.21
216.347
229.687
229.562
238.883
236.701
237.369
215.071
212.686
212.655
234.918
236.393
224.035
237.832
215.127
212.759
227.8
235.056
233.896
238.016
233.498
234.065
232.934
231.574
213.722
213.901
216.442
214.105
216.583
214.424
216.743
218.625
218.198
220.739
215.205
238.734
236.014
238.36
238.287
238.068
238.009
231.616
230.167
233.143
232.693
231.477
220.341
222.888
209.746
237.027
217.459
219.728
238.525
213.37
229.441
231.079
231.415
232.679
237.286
237.873
237.802
238.353
238.208
239.23
231.466
230.144
238.308
230.322
228.605
228.733
227.012
226.941
225.169
215.289
212.953
217.499
219.554
218.796
219.985
220.786
219.41
221.494
223.343
210.758
232.135
233.502
239.092
238.874
238.801
238.937
238.586
210.298
239.175
238.946
220.847
208.052
207.87
208.717
227.201
225.163
227.039
225.062
226.833
228.6
219.622
221.728
231.293
230.949
232.469
235.732
235.377
236.723
230.155
208.321
210.665
227.7
226.002
211.099
239.562
239.375
239.364
239.01
239.016
238.489
237.806
237.853
236.961
215.221
212.906
238.286
237.876
222.109
235.022
239.362
234.24
235.288
209.089
231.617
221.611
223.614
223.797
209.747
228.911
227.45
228.931
226.95
213.018
230.194
234.499
233.588
224.09
233.057
225.97
212.792
210.455
235.48
236.213
236.762
237.444
223.966
210.35
210.545
234.144
208.157
225.277
223.219
238.801
228.61
214.419
217.291
238.293
236.304
232.729
219.842
232.196
237.385
236.148
217.368
235.383
237.725
233.139
237.986
221.858
222.11
227.93
217.413
236.104
235.114
225.757
215.716
234.799
218.769
236.677
237.939
234.331
238.981
225.507
218.7
207.887
235.18
225.362
237.78
237.112
222.961
225.95
222.896
215.968
212.561
210.588
229.292
232.343
233.629
232.583
233.75
231.202
213.55
231.317
229.823
229.971
210.817
211.256
211.436
211.671
212.008
212.356
223.375
225.211
226.644
238.614
238.774
238.529
238.604
238.547
238.439
238.255
238.451
238.13
238.946
239.434
228.893
238.181
235.963
212.868
222.92
234.829
234.368
221.708
238.151
225.183
224.819
231.826
232.314
236.211
213.288
238.961
228.996
214.735
237.107
237.656
218.025
218.688
237.037
237.842
208.216
239.6
210.678
239.477
238.344
238.514
239.111
239.351
238.395
238.505
239.377
238.609
230.476
228.376
224.933
237.71
