1082.98
1092.08
1095.54
1069.21
1099.39
1077.9
1056.24
1082.86
1082.5
1081.91
1081.12
1080.14
1079
1077.73
1076.38
1074.97
1073.54
1072.1
1070.62
1070.74
1070.75
1073.34
1073.08
1072.01
1070.68
1069.4
1070.64
1068.89
1066.11
1063.18
1060.67
1061.62
1058.93
1054.86
1050.7
1047.5
1049.03
1045.91
1040.65
1035.22
1031.71
1034.77
1031.57
1024.56
1017.17
1013.77
1019.89
1016.52
1005.61
994.129
992.854
1002.72
996.702
974.544
954.942
952.92
951.063
952.644
955.254
958.153
960.812
960.187
962.832
966.586
970.602
973.914
972.567
975.654
980.67
986.207
990.174
987.332
990.789
998.039
1006.32
1010.86
1004.96
1009.09
1021.56
1035.32
1039.29
1027.24
1035.47
1063.23
1089.57
1094.92
1096.95
1097.69
1097.97
1098.08
1098.13
1098.15
1098.15
1098.16
1098.16
1098.15
1098.15
1098.15
1098.14
1098.13
1098.11
1098.1
1098.07
1098.04
1097.99
1097.94
1097.87
1097.78
1097.68
1097.55
1097.41
1097.24
1097.04
1096.83
1096.59
1096.34
1096.08
1095.81
1095.76
1095.91
1095.97
1095.95
1095.8
1095.53
1095.05
1094.07
1093.09
1092.59
1092.3
1092.14
1093.4
1094.59
1095.54
1096.36
1097.03
1097.58
1098.04
1098.41
1098.7
1098.94
1099.14
1099.29
1099.4
1099.49
1099.56
1099.62
1099.65
1099.68
1099.7
1099.72
1099.73
1099.73
1099.74
1099.74
1099.75
1099.75
1099.75
1099.75
1099.75
1099.74
1099.74
1099.74
1099.73
1099.71
1099.69
1099.66
1099.62
1099.56
1099.47
1099.36
1099.21
1099.02
1098.78
1098.5
1098.16
1097.76
1097.29
1096.77
1096.2
1095.57
1094.89
1094.15
1093.36
1092.53
1091.66
1090.77
1089.85
1088.92
1087.98
1087.04
1086.12
1085.21
1084.34
1083.5
1082.7
1081.96
1081.28
1080.67
1080.13
1079.68
1079.32
1079.05
1078.87
1078.79
1078.8
1078.9
1079.1
1079.4
1079.78
1080.23
1080.75
1081.32
1081.94
1082.6
1083.27
1083.95
1084.62
1085.26
1085.85
1086.37
1086.8
1087.11
1087.28
1087.3
1087.13
1086.76
1086.16
1085.35
1084.25
974.334
1054.58
1006.43
1099.7
1099.28
1099.61
1098.41
1063.81
979.724
1099.59
1098.66
1071.9
1082.01
1098.13
1082.17
1098.33
1082.22
1097.66
1084.98
1085.48
1086.91
1097.29
1079.95
1048.37
1028.88
1089.3
1080.19
1095.83
1096.38
1043.38
1024.98
988.831
994.568
1036.96
1099.73
1099.74
1097.05
1099.73
1099.74
1003.06
1095.89
1098.41
1098.42
1098.4
1078.2
1079.74
1078.29
1005.94
1094.52
1096.83
1086.61
1096.24
1082.32
1093.84
1072.14
1076.17
1092.92
1016.33
1067.75
996.983
1099.67
1098.24
1099.43
1014.56
1078.97
1096.31
1093.43
1096.18
1085.2
1083.13
1083.73
1071.84
1094.61
1072.24
1072.73
1097.29
1087.13
1097.04
1083.67
1062.92
1098.41
1078.85
1098.37
1080.89
1098.25
1083.63
1097.93
1086.14
1087.39
1041.62
1021.8
1091.17
1081.25
1090.51
1098.35
982.839
1078.62
1078.13
1098.41
1067.02
977.653
1051.51
1099.49
1059.74
1099.73
1057.23
1097.59
1098.94
1010.81
1099.69
1031.11
1099.68
1099.3
1099.13
1042.12
1098.35
982.049
1097.98
1099.74
1099.71
1099.74
990.16
1027.78
1094.84
1096.09
1077.57
1096.03
1084.11
1073.28
1048.41
1099.67
1099.66
1063.69
1001.91
1098.27
1008.04
1099.1
1079.91
1069.32
1090.33
1021.13
1039.29
1099.71
1099.71
1098.66
1076.19
1096.23
1096.44
1075.43
1078.52
1083.35
1053.27
1074.22
1096.57
1095.56
1086.01
1097.07
1086.97
1097.08
1072.87
1072.95
1097.48
1087.1
1098.04
1098.04
1085.6
1082.92
1098.3
1080.28
1098.39
1078.52
1098.41
1081.53
1082.81
1098.2
1098.41
1098.36
1079.26
1084.32
1072.03
1097.81
1095.57
1086.58
1080.57
1098.42
1078.16
1098.39
1078.36
1084.56
1095.23
1004.42
1054.33
1088.35
1036.58
1020.24
1092.06
1093.75
1009.85
1023.83
1090.25
990.579
976.749
1086.43
1044.65
1066.06
1097.97
976.172
1079.42
1069.25
1096.49
999.826
1002.05
978.616
1099.13
1099.4
1099.56
1098.7
1099.72
1099.65
1008.89
1099.64
1040.62
1099.73
1099.72
1046.43
1099.52
1098.92
1020.83
1055.99
1099.74
1097.55
1026.61
986.211
1099.73
1099.74
991.519
1036.67
1097.87
1095.41
1081.34
1078.92
1096.22
1094.28
1074.71
1093.58
1096.54
1096.47
1084.19
1084.81
1099.26
1099.58
1098.41
1012.24
1099.71
1097.7
1086.56
995.602
1078.91
1081.88
1098.28
1098.54
1097.53
1098.63
1084.84
1082.58
1072.8
1098.29
1086.6
1077.27
1045.67
1027.62
1016.56
1096.28
1021.68
1094.96
1098.66
1076.81
1028.48
1093.37
1090.62
1096.54
1043.3
1095.6
1086.5
1084.06
1097.26
1073.97
1097.62
1080.75
1085.23
1054.12
1038.09
1067.14
997.239
1045.3
1099.71
1010.96
1003.99
1099.71
1099.7
1098.6
1096.43
1077.1
1085.6
1075.22
1095.65
1094.94
1074.85
1096.74
1081.17
1073.24
1086.33
1085.95
1097.88
1098.04
1098.57
1078.28
1098.64
1076.49
1098.66
1083.43
1081.1
1098.64
1098.37
1076.29
1096.52
1094.14
1087.62
1078.42
1079.13
1077.71
1098.65
1098.66
1076.18
1092.47
1084.56
1080.33
1031.71
1098.6
1062.42
1098.44
1065.27
1088.64
995.82
1071.34
999.735
1098.93
1099.47
1003.67
1099.68
1099.63
1099.51
1018.12
1033.79
1097.41
1055.76
1099.7
1099.28
999.482
1061.44
1099.65
1042.18
1051.1
1099.68
1099.71
1005.69
1099.71
1024.31
1098.88
1082.34
1095.94
1096.53
1079.88
1075.6
1094.73
1075.72
1097.86
1071.02
1012.99
1051.18
1099.61
1013.34
1099.59
1063.2
1098.47
1017.67
1098.73
1026.31
1085.69
1076.38
1079.29
1076.68
1098.75
1098.84
1094.32
1083.6
1096.64
1027.51
1099.66
1099.67
1099.67
1098.87
1074.13
1098.87
1072.76
1045.2
1090.76
1079.09
1098.6
1076.52
1056.19
1045.88
1098
1075.99
1095.8
1097.49
1086.63
1076.11
1097.01
1098.06
1086.17
1097.15
1072.67
1085.38
1098.05
1085.44
1098.17
1067.47
1081.65
1079.09
1098.51
1076.84
1075.54
1096.29
1082.66
1084.16
1049.88
1041.74
1094.19
1025.04
1091.56
1085.57
1058.31
1075.91
1098.85
1098.78
1098.56
1076.28
1098.66
1085.87
1083.56
1067.1
1034.7
995.97
1089.64
1097.77
1079.6
1098.62
1098.5
1077.22
1098.66
1077.8
1099.63
1099.12
1099.53
1019.6
1040.73
1099.41
1096.98
1099.7
1008.34
1099.69
1098.7
1099.62
1095.64
1030.77
1018.82
1099.38
1099.58
1015.34
997.242
1058.62
1099.71
1096.86
1013.95
1021.71
1099.67
1099.64
1032.63
1095.25
1096.24
1081.8
1096.77
1096.82
1084.94
1083.01
1098.42
1082.84
1099.23
1096.32
1079.3
1083.93
1098.59
1073.3
1084.55
1097.97
1099.55
1048.25
1071.42
1073.73
1098.64
1096.47
1099.35
1033.26
1054.33
1068.02
1098.93
1099.43
1099.03
1033.65
1094.54
1097.06
1082.16
1077.83
1099.62
1098.35
1074.62
1098.86
1089.19
1087.01
1012.3
1060.91
1098.99
1015.89
1096.36
1028.62
1099.64
1099.66
1099.67
1038.09
1097.24
1097.11
1097.63
1085.47
1085.83
1076.17
1097.66
1073.8
1074.94
1098.21
1084.92
1069.35
1083.62
1072.48
1098.92
1065.38
1082
1077.31
1091.51
1075.19
1098.86
1098.75
1081.42
1080.2
1064.51
1082.51
1092.53
1042.24
1090.08
1057.71
1071.69
1073.66
1072.82
1098.87
1098.87
1074.81
1074.19
1097.54
1079.72
1078.39
1077.52
1084.73
1098.81
1098.83
1098.64
1098.7
1048.12
1072.86
1098.85
1099.54
1023.98
1025.03
1019.82
1099.54
1099.62
1015
1099.66
1099.67
1030.02
1012.38
1094.59
1036.41
1058.56
1035.07
1014.29
1053.72
1099.58
1048.53
1099.65
1035.35
1099.65
1098.4
1096.46
1080.48
1096.84
1084.54
1077.65
1096.01
1074.66
1082.01
1068.04
1061.75
1028.41
1099.59
1099.57
1098.11
1035.16
1069.7
1041.12
1066.89
1077.98
1026.32
1055.17
1099.48
1071.91
1099.04
1046.26
1090.25
1098.86
1078.08
1083.15
1078.2
1039.33
1099.6
1047.84
1093.17
1056.28
1088.47
1099.05
1071.62
1099.05
1068.03
1086.71
1097.73
1084.77
1097.7
1072.52
1094.87
1099.61
1097.02
1050.56
1097.13
1096.95
1084.77
1079.38
1096.82
1097.38
1098.08
1076.8
1077.47
1084.15
1098.51
1071.67
1084.33
1098.7
1098.36
1098.18
1099.09
1081.09
1098.73
1098.88
1081.11
1066.03
1076.88
1074.74
1098.99
1098.96
1072.81
1099.04
1073.03
1080.58
1080.36
1093.7
1039.29
1070.48
1088.12
1099.01
1098.24
1051.12
1078.3
1087.94
1031.5
1073.68
1061.11
1075.59
1098.82
1073.12
1097.57
1098.87
1058.85
1017.2
1099.57
1099.49
1036.99
1099.46
1045.94
1095.56
1099.67
1025.98
1099.34
1022.46
1099.19
1057.39
1095.63
1031
1099.52
1099.59
1099.58
1099.6
1043.71
1085.76
1083.42
1080.8
1097.15
1077.9
1096.68
1029.4
1098.28
1098.64
1099.19
1099.38
1099.08
1068.69
1079.11
1098.69
1080.14
1070.57
1075.37
1099.08
1059.19
1038.36
1099.49
1053.29
1097.7
1099.51
1074.81
1094.5
1083.53
1070.34
1065.11
1099.18
1082.86
1079.06
1098.65
1064.07
1084.44
1090.71
1053.55
1077.11
1026.44
1098.52
1094.73
1043.08
1099.6
1044.64
1097.44
1097.31
1099.54
1067.79
1082.28
1079.38
1097.45
1098.1
1083.25
1075.84
1083.58
1073.25
1097.77
1069.89
1080.1
1099.06
1098.77
1063.92
1098.81
1075.8
1099.11
1069.27
1099.14
1073.69
1092.75
1098.25
1072.42
1099.19
1075.1
1068.19
1061.39
1079.37
1085.68
1063.98
1086.5
1069.12
1070.67
1099.05
1092.48
1050.64
1081.89
1069.66
1099.04
1087.43
1081.25
1068.44
1069.73
1067.12
1098.97
1099.05
1099.06
1099.59
1099.39
1033.2
1047.77
1041.52
1099.59
1039
1099.53
1099.59
1037.17
1027.12
1059.56
1029.83
1099.49
1099.47
1051.34
1097.62
1093.89
1099.6
1045.22
1052.85
1083.6
1042.81
1099.53
1099.47
1097.17
1095.42
1099.51
1090.74
1062.69
1059.1
1053.01
1077.71
1075.33
1098.74
1066.85
1099.2
1099.33
1067.86
1058.33
1099.2
1055.28
1098.73
1062.77
1099.21
1071.67
1072.78
1099.15
1082.47
1078.38
1087.64
1079.53
1076.71
1065.02
1099.5
1095.52
1082.17
1099.01
1066.77
1099.39
1057.53
1099.3
1068.38
1066.89
1056.64
1046.32
1049.73
1099.5
1086.94
1083.84
1097.74
1078.54
1098.04
1098.42
1081.15
1082.73
1098.47
1072.23
1098.9
1076.65
1079.04
1098.96
1098.87
1099.02
1068.76
1072.75
1074.07
1071.55
1062.9
1099.29
1061.03
1099.44
1099.42
1099.24
1099.16
1099.45
1066.5
1096.73
1098.34
1082.7
1069.79
1063.19
1099.19
1093.83
1062.54
1075.99
1084.39
1099.02
1068.29
1073.98
1068.99
1098.96
1099.06
1073.8
1037.32
1055.26
1099.27
1099.5
1093.47
1031.25
1049.39
1027.65
1098.84
1041.35
1039.72
1099.51
1099.53
1092.39
1054.69
1057.21
1042.9
1080.87
1097.47
1097.38
1098.67
1038.81
1089.97
1099.18
1097.77
1097.78
1098.08
1098.56
1098.1
1081.8
1098.41
1079.3
1098.66
1078.12
1074.54
1098.87
1071.44
1071.02
1069.54
1099.23
1098.98
1099.07
1099.37
1051.98
1056.26
1061.46
1099.41
1098.43
1099.19
1098.82
1099.43
1056.55
1069.2
1097.84
1099.46
1063.68
1097.02
1099.05
1099.44
1055.23
1037.11
1057.92
1079.31
1091.87
1062.57
1090.52
1073.9
1099.21
1064.9
1099.22
1061.79
1082.03
1076.62
1098.86
1073.84
1077.88
1099.14
1099.14
1064.82
1068.16
1099.37
1071.69
1085.09
1062.76
1081.06
1083.22
1067.76
1078.13
1092.01
1076.05
1099.2
1099.22
1088.42
1062.67
1062.54
1061.93
1099.08
1075.34
1080.52
1099.2
1099.52
1056.64
1048.22
1091.35
1044.36
1051.12
1099.5
1099.42
1041.41
1099.52
1059.92
1096.42
1053.57
1083.8
1059.13
1097.76
1080.69
1080.22
1078.11
1074.08
1064.63
1099.29
1099.26
1099.28
1099.4
1050.25
1048.65
1065.5
1099.31
1066.15
1079.48
1049.97
1099.18
1055.48
1053.08
1095.73
1096.01
1099.41
1080.98
1059.32
1068.06
1099.44
1094.6
1089.14
1064.09
1070.73
1080.33
1098.34
1075.5
1069.72
1099.24
1055.49
1055.52
1062.61
1099.43
1098.98
1093.28
1099.42
1040.05
1037.67
1098.27
1060.9
1099.46
1098.1
1081.17
1080.02
1098.38
1078.52
1098.62
1077.34
1076
1098.81
1076.85
1098.95
1073.04
1099.07
1072.6
1099.31
1067.94
1066.24
1063.03
1099.34
1060.67
1047.43
1062.17
1098.89
1063.91
1064.39
1099.12
1099.32
1098.53
1070.47
1099.35
1061.04
1099.31
1059.37
1064.94
1057.28
1099.34
1099.34
1058.96
1094.84
1086.36
1099.25
1099.36
1099.29
1088.1
1077.36
1067.41
1093.46
1075.28
1068.88
1099.33
1082.79
1084.8
1073.43
1086.37
1071.87
1091.81
1048.3
1099.31
1049.06
1099.43
1099.16
1046.86
1099.33
1098.03
1099.26
1047.48
1097.4
1051.21
1096.63
1056.62
1055.79
1070.39
1099.39
1084.59
1087.78
1089.97
1065.95
1046.95
1056.16
