1093
1094.43
1097.48
1078.01
1099.82
1099.79
1083.08
1092.91
1092.62
1092.13
1091.4
1090.44
1089.23
1087.78
1086.12
1084.32
1082.52
1080.82
1079.21
1078.8
1077.38
1084.21
1082.91
1076.73
1069.63
1066.55
1073.37
1069.49
1057.04
1044.14
1040.96
1052.19
1044.03
1018.26
995.117
990.791
989.19
988.641
988.455
988.42
988.464
988.571
988.748
989.012
989.39
989.918
990.647
991.591
992.631
993.88
997.529
992.915
995.28
1001.62
1009.14
1013.06
1006.67
1010.45
1022.68
1036.27
1040.12
1027.97
1036.16
1063.91
1090.25
1095.59
1097.61
1098.34
1098.63
1098.74
1098.79
1098.8
1098.81
1098.81
1098.82
1098.82
1098.82
1098.82
1098.82
1098.82
1098.82
1098.82
1098.82
1098.82
1098.82
1098.82
1098.82
1098.82
1098.82
1098.82
1098.82
1098.82
1098.82
1098.82
1098.82
1098.82
1098.82
1098.82
1098.82
1098.82
1098.82
1098.82
1098.81
1098.81
1098.81
1098.81
1098.8
1098.79
1098.77
1098.74
1098.7
1098.64
1098.56
1098.45
1098.32
1098.15
1097.96
1097.71
1097.68
1097.86
1097.94
1097.94
1097.84
1097.61
1097.15
1096.26
1095.37
1094.89
1094.63
1094.48
1095.58
1096.78
1097.62
1098.29
1098.8
1099.17
1099.44
1099.63
1099.76
1099.85
1099.9
1099.93
1099.96
1099.97
1099.97
1099.98
1099.98
1099.98
1099.98
1099.98
1099.98
1099.98
1099.98
1099.98
1099.98
1099.98
1099.98
1099.98
1099.98
1099.98
1099.98
1099.98
1099.98
1099.98
1099.98
1099.98
1099.98
1099.98
1099.98
1099.98
1099.98
1099.98
1099.98
1099.98
1099.98
1099.98
1099.98
1099.98
1099.98
1099.98
1099.98
1099.97
1099.97
1099.96
1099.94
1099.92
1099.89
1099.85
1099.79
1099.73
1099.64
1099.54
1099.43
1099.31
1099.18
1099.05
1098.92
1098.79
1098.67
1098.57
1098.48
1098.41
1098.35
1098.3
1098.26
1098.22
1098.2
1098.19
1098.18
1098.18
1098.18
1098.18
1098.19
1098.19
1098.2
1098.21
1098.22
1098.23
1098.23
1098.22
1098.19
1098.11
1097.96
1097.73
1097.38
1096.88
1096.21
1095.36
1094.15
1031.09
1015.7
1014.81
1099.98
1099.93
1099.97
1099.63
1048.35
1049.29
1099.98
1099.98
1070.81
1099.04
1099.02
1099.04
1099.04
1097.93
1098.92
1097.99
1099.58
1097.91
1099.04
1098.6
1099.04
1099.04
1099.87
1090.24
1097.86
1098.3
1009.37
1010.14
1072.71
1096.2
1009.2
1099.98
1099.98
1099.98
1099.98
1099.98
1098.6
1099.98
1099.04
1099.04
1099.04
1098.1
1097.92
1097.96
1098.97
1099.97
1098.53
1096.74
1098.17
1092.46
1095.97
1076.49
1085.26
1099.96
1099.03
1059.85
1022.08
1099.98
1099.04
1099.98
1011.41
1098.35
1098.16
1095.61
1098.09
1095.23
1093.21
1093.72
1080.03
1096.8
1075.07
1075.43
1098.77
1097.57
1098.81
1099.34
1099.04
1099.04
1097.93
1099.04
1097.92
1099.03
1097.95
1098.99
1098
1099.76
1099.04
1099.04
1099.93
1098.89
1099.04
1099.04
1025.42
1098.25
1098.04
1099.04
1057.24
1042.99
1011.33
1099.96
1040.52
1099.98
1032.26
1099.18
1099.85
1012.36
1099.98
1009.31
1099.98
1099.98
1099.98
1009.19
1099.98
1055.13
1099.98
1099.98
1099.98
1099.98
1082.82
1009.49
1096.93
1098.08
1087.07
1097.91
1094.03
1081.78
1031.86
1099.97
1099.97
1048.82
1068.04
1099.97
1085.91
1099.97
1098.6
1063.79
1099.28
1033.85
1031.73
1099.97
1099.97
1099.28
1097.31
1098.22
1098.35
1081.32
1087.81
1093.54
1033.32
1082.35
1098.36
1097.64
1096.08
1098.67
1097.23
1098.84
1074.76
1079.93
1098.86
1097.78
1099.45
1099.01
1098
1097.94
1099.04
1097.92
1099.04
1097.94
1099.04
1097.92
1099.19
1099.03
1099.04
1099.04
1097.92
1097.97
1099.04
1098.96
1099.04
1097.97
1098.74
1099.04
1098
1099.04
1098.17
1099.46
1099.97
1098.86
1099.04
1099.82
1099.04
1099.04
1099.95
1099.97
1099.01
1099.04
1099.9
1024.82
1026.66
1099.68
1099.04
1053.83
1099.04
1038.32
1098.47
1064.14
1099.98
1097.92
1017.02
1045.77
1099.9
1099.95
1099.97
1099.76
1099.98
1099.98
1013.44
1099.98
1009.15
1099.98
1099.98
1009.9
1099.98
1099.98
1010.68
1023.13
1099.98
1099.98
1009.76
1063.65
1099.98
1099.98
1091.15
1031.83
1099.97
1097.48
1091.47
1088.76
1098.17
1096.38
1083.45
1095.74
1098.44
1098.35
1094.34
1094.9
1099.93
1099.97
1099.64
1037.15
1099.97
1099.08
1097.22
1052.12
1097.08
1097.12
1099.25
1099.28
1099.95
1099.28
1097.26
1099.21
1099.28
1099.28
1099.73
1097.8
1099.28
1032.64
1097.15
1099.97
1098.91
1099.97
1099.28
1097.1
1099.22
1099.96
1099.92
1098.44
1048.26
1097.67
1096.78
1094.22
1098.88
1077.19
1099.2
1098.81
1099.28
1099.28
1099.28
1059.64
1045.31
1031.71
1099.97
1090.97
1073.62
1099.97
1099.97
1099.97
1098.38
1085.9
1095.72
1082.32
1097.71
1097.09
1079.6
1098.56
1091.18
1074.12
1097.3
1097.31
1099.15
1099.2
1099.28
1097.08
1099.28
1097.13
1099.28
1097.18
1097.1
1099.28
1099.26
1097.4
1099.28
1099.28
1099.81
1098.18
1098.39
1097.08
1099.28
1099.28
1097.24
1099.95
1099.52
1097.09
1099.26
1099.28
1099.28
1099.27
1054.5
1099.86
1055.88
1067.31
1042.58
1099.84
1099.96
1040.31
1099.97
1099.97
1099.97
1034.76
1032.01
1099.97
1035.39
1099.97
1099.97
1063.55
1043.31
1099.97
1031.68
1032.27
1099.97
1099.97
1079.83
1099.97
1033.15
1099.97
1092.49
1097.98
1098.45
1089.61
1084.12
1096.9
1079.58
1099.24
1068.49
1066.81
1048.34
1099.95
1058.4
1099.95
1054.44
1099.42
1076.78
1099.95
1092.16
1096.24
1097.76
1095.59
1095.55
1099.45
1099.46
1099.46
1099.56
1098.56
1050.22
1099.95
1099.95
1099.95
1099.46
1095.64
1099.46
1095.81
1099.41
1099.93
1087.91
1099.28
1097.51
1049.12
1048.21
1099.95
1083.97
1097.85
1099
1097.06
1081.6
1098.73
1099.46
1096.33
1098.9
1070.79
1096.21
1099.31
1097.3
1099.23
1061.19
1099.02
1099.28
1099.28
1097.64
1097.43
1099.46
1097.15
1097.22
1099.28
1099.28
1099.96
1099.13
1099.94
1099.64
1099.28
1095.55
1099.46
1099.46
1099.44
1097.18
1099.28
1099.77
1099.37
1099.28
1099.27
1048.49
1099.9
1099.28
1097.08
1099.28
1099.28
1097.09
1099.28
1097.98
1099.95
1099.89
1099.96
1080.67
1048.36
1099.97
1099.95
1099.97
1038.7
1099.97
1099.76
1099.97
1099.97
1032.28
1098.39
1099.94
1099.97
1035.87
1059.71
1038.75
1099.97
1099.97
1094.76
1084.73
1099.95
1099.95
1049.16
1097.36
1098.23
1091.61
1098.66
1098.66
1095.1
1093.05
1099.65
1095.82
1099.91
1099.93
1098.71
1099.46
1099.46
1096.33
1094.78
1099.35
1099.93
1061.71
1096.37
1093.17
1099.56
1099.6
1099.95
1085.67
1099.45
1099.46
1099.6
1099.94
1099.6
1098.12
1099.95
1098.86
1091.69
1084.14
1099.94
1099.4
1095.61
1099.46
1099.91
1099.84
1063.85
1051.92
1099.95
1073.17
1099.95
1094.9
1099.95
1099.95
1099.95
1048.56
1098.97
1098.85
1099.14
1095.64
1096.18
1083.12
1099.24
1074.65
1077.25
1099.36
1096.13
1064.91
1095.92
1071.74
1099.83
1057.58
1095.74
1098.1
1099.46
1095.56
1099.46
1099.46
1099.21
1095.62
1099.46
1099.4
1099.95
1099.34
1099.93
1099.46
1099.46
1095.66
1095.69
1099.46
1099.46
1097.11
1096.82
1099.46
1099.46
1095.56
1095.55
1099.68
1099.46
1099.46
1099.45
1099.45
1099.44
1095.97
1099.46
1099.95
1088.68
1051.04
1053.23
1099.95
1099.95
1056.24
1099.95
1099.95
1049.6
1060.97
1099.96
1098.83
1050.15
1088.44
1069.89
1048.58
1099.95
1048.22
1099.95
1048.83
1099.95
1099.95
1098.41
1089.88
1098.69
1094.64
1085.83
1098.03
1076.5
1093.88
1066.76
1062.43
1077.54
1099.93
1099.93
1099.93
1063.47
1095.36
1095.46
1099.6
1093.29
1072.54
1061.71
1099.93
1093.22
1099.6
1091.25
1099.6
1099.6
1099.6
1099.72
1099
1062.68
1099.93
1098.77
1099.93
1099.52
1099.9
1099.6
1094.08
1099.6
1093.37
1099.88
1099.24
1094.89
1099.27
1096.92
1099.6
1099.93
1099.93
1061.64
1098.91
1098.78
1094.86
1087.57
1098.68
1099.01
1099.48
1080.91
1082.68
1094.6
1099.54
1071.39
1096.03
1099.76
1099.5
1099.44
1099.88
1093.67
1099.58
1099.59
1095.67
1064.93
1093.22
1093.16
1099.6
1099.6
1093.22
1099.6
1096.14
1099.46
1098.98
1099.95
1099.18
1095.84
1099.88
1099.6
1099.46
1099.45
1098.42
1099.46
1082.87
1096.56
1099.46
1099.46
1099.46
1095.62
1099.6
1099.46
1099.56
1054.53
1099.93
1099.95
1091.08
1099.95
1061.82
1099.93
1099.95
1070.22
1099.93
1052.03
1099.95
1061.74
1099.95
1096.85
1099.93
1099.93
1099.93
1099.93
1062.11
1096
1093.33
1089.78
1098.91
1085.21
1098.56
1065.83
1099.52
1099.64
1099.89
1099.92
1099.93
1094.57
1085.89
1099.75
1091.08
1074.81
1090
1099.71
1072.05
1080.81
1099.89
1072.27
1099.71
1099.89
1097.91
1099.89
1093.21
1089.86
1094.24
1099.71
1094.12
1093.39
1099.6
1099.59
1099.8
1099.92
1099.41
1098.7
1068.3
1099.93
1099.93
1096.97
1099.93
1089.29
1099.12
1099.03
1099.9
1099.66
1091.55
1086.88
1099.09
1099.49
1092.91
1078.81
1094.37
1073.96
1099.3
1068.88
1093.52
1099.86
1099.67
1063.44
1099.59
1093.18
1099.71
1089.99
1099.71
1097.45
1099.6
1099.6
1099.6
1099.71
1099.59
1093.73
1099.58
1099.25
1099.85
1093.41
1099.88
1094.93
1093.04
1099.6
1099.94
1099.19
1099.61
1099.6
1099.6
1099.6
1099.6
1094.27
1093.29
1092.47
1099.6
1099.6
1099.6
1099.93
1099.93
1064.14
1093.04
1062.43
1099.93
1093.45
1099.93
1099.92
1062.94
1074.96
1061.86
1080.13
1099.93
1099.89
1072.37
1099.93
1099.93
1099.93
1098.05
1061.59
1093.38
1073.66
1099.89
1099.9
1099.9
1099.71
1099.9
1099.91
1092.11
1099.19
1097.26
1083.01
1079.48
1099.71
1072.85
1099.79
1099.9
1095.94
1080.42
1099.71
1093.31
1099.71
1090.21
1099.71
1099.7
1098.37
1099.71
1099.82
1099.71
1099.71
1099.68
1099.36
1099.59
1099.89
1099.89
1091.2
1099.84
1085.51
1099.85
1091.15
1099.79
1090.22
1090.73
1094.59
1073.38
1072.89
1099.88
1099.88
1099.86
1099.29
1084.57
1099.43
1099.65
1091.55
1092.49
1099.59
1076.06
1099.82
1090.2
1090.7
1099.69
1099.68
1099.7
1073.72
1089.78
1089.87
1089.83
1071.86
1099.91
1071.89
1099.92
1099.89
1099.79
1099.71
1099.89
1095.12
1099.71
1099.71
1099.7
1099.69
1092.7
1099.71
1099.71
1091.68
1098.34
1099.6
1099.6
1094
1098.77
1093.12
1099.71
1099.6
1099.7
1078.8
1072.18
1099.93
1099.88
1099.89
1064.9
1094.67
1066.84
1099.93
1085.09
1082.92
1099.89
1099.89
1099.9
1098.13
1072.04
1087.18
1089.4
1099.12
1099.08
1099.9
1075.36
1099.71
1099.71
1099.9
1099.32
1099.47
1099.66
1099.5
1090.63
1099.64
1088.29
1099.74
1087.53
1082.03
1099.74
1080.63
1085.4
1085.32
1099.87
1099.76
1099.77
1099.89
1090.22
1089.94
1079.88
1099.85
1099.8
1099.9
1099.8
1099.85
1080.21
1096.68
1099.79
1099.86
1095.77
1099.79
1099.79
1099.85
1088.19
1077.19
1095.74
1099.79
1099.85
1098.32
1099.85
1099.72
1099.71
1089.85
1099.72
1088.11
1092.03
1081.25
1099.8
1077.66
1090.42
1099.86
1099.78
1072.09
1085.42
1099.85
1097.89
1099.7
1089.74
1099.77
1099.84
1090.35
1099.55
1099.71
1099.71
1099.71
1099.72
1099.89
1090.61
1091.33
1099.45
1099.71
1099.1
1099.7
1099.71
1099.89
1098.76
1073.48
1099.9
1073.26
1096.09
1099.9
1099.9
1074.2
1099.89
1080.19
1099.9
1091.79
1099.85
1092.44
1099.31
1088.75
1087.83
1099.79
1086.01
1079.59
1099.85
1099.79
1099.79
1099.85
1088.51
1086.8
1085.7
1099.79
1097.37
1086.71
1081.06
1099.79
1087.75
1081.23
1099.85
1099.79
1099.85
1099.79
1096.75
1099.46
1099.85
1099.85
1099.85
1098.83
1099.62
1089.1
1099.58
1086.37
1080.06
1099.84
1080.71
1088.96
1091
1099.85
1099.9
1099.85
1099.85
1074.74
1076.06
1099.9
1097.62
1099.86
1099.49
1089.89
1099.8
1099.62
1085.51
1099.71
1084.27
1083.07
1099.76
1086.89
1099.8
1081.24
1099.82
1085.69
1099.89
1079.63
1079.5
1079.71
1099.85
1093.64
1085.21
1094.75
1099.85
1087.29
1086.06
1099.86
1099.79
1099.85
1097.33
1099.8
1085.8
1099.78
1084.96
1096.62
1086.2
1099.85
1099.79
1086.71
1099.79
1099.85
1099.79
1099.8
1099.79
1099.78
1099.74
1098
1099.79
1099.64
1098.54
1099.79
1099.79
1099.85
1099.49
1099.79
1099.27
1099.79
1082.01
1099.79
1081.5
1099.85
1099.83
1083.93
1099.79
1099.85
1099.85
1082.41
1099.85
1080.85
1099.85
1086.53
1087.34
1098.96
1099.85
1099.79
1099.85
1099.79
1099.21
1083.03
1086.93
