238.143
207.871
205.427
237.096
238.056
237.791
237.351
236.737
235.951
234.995
233.873
232.59
231.15
229.553
227.82
225.942
223.935
221.806
219.571
217.243
214.851
212.397
209.999
205.429
205.436
205.447
205.461
205.481
205.503
205.531
205.562
205.599
205.641
205.691
205.749
205.819
205.908
206.026
206.197
206.459
206.867
207.447
208.1
210.646
213.232
215.673
218.059
220.334
222.508
224.559
226.479
228.26
229.894
231.375
232.695
233.851
234.836
235.643
236.293
236.736
237.006
237.101
237.12
237.151
237.192
237.243
237.306
237.382
237.446
237.534
237.606
237.691
237.774
237.852
237.922
237.98
238.044
238.078
238.115
238.135
229.484
208.023
237.556
227.84
207.717
237.249
234.258
222.242
208.385
233.425
237.772
221.843
207.683
237.106
237.998
215.707
215.096
236.017
236.887
208.172
208.752
231.716
207.905
226.179
237.428
207.825
237.042
238.048
209.34
208.092
210.437
210.351
212.642
212.555
214.86
214.765
216.912
217.01
219.086
219.181
221.093
221.024
223.012
223.033
224.873
225.221
226.466
226.483
227.911
227.458
229.34
228.902
229.552
230.763
230.631
229.165
230.572
231.962
229.166
230.54
229.113
230.487
231.747
227.711
227.635
226.057
225.976
224.3
231.689
232.886
232.065
233.216
233.323
234.227
234.33
235.206
235.106
234.442
235.329
234.566
235.496
234.671
235.773
234.704
233.672
216.825
217.137
219.307
217.371
219.486
218.114
220.354
220.859
222.166
222.649
223.41
224.616
219.958
235.605
236.084
236.321
225.203
226.754
233.687
222.517
227.566
232.829
233.843
222.577
220.671
220.621
218.677
233.9
234.788
234.723
235.469
235.555
235.859
218.629
216.56
231.663
232.545
232.477
236.329
235.413
226.914
223.537
232.574
214.681
226.67
235.781
236.17
236.398
236.49
236.903
236.752
235.591
234.686
236.975
216.594
220.603
214.43
214.458
218.744
233.119
226.169
215.407
215.5
228.416
228.314
237.377
235.373
236.017
214.485
212.196
212.155
233.532
235.023
222.963
236.42
214.515
212.245
226.623
233.618
232.484
236.577
232.181
232.814
231.725
230.403
213.028
213.161
215.55
213.311
215.645
213.566
215.772
217.613
217.17
219.656
214.262
237.239
234.707
236.934
236.872
236.677
236.626
230.449
229.048
231.93
231.307
230.12
219.239
221.74
209.342
235.661
216.744
218.91
237.044
212.751
228.216
229.792
230.07
231.32
235.941
236.506
236.441
236.958
236.834
237.717
230.101
228.815
236.921
229.202
227.538
227.666
226.004
225.931
224.22
214.698
212.478
216.827
218.81
217.723
219.229
219.655
218.665
220.677
222.459
210.276
230.958
232.28
237.623
237.412
237.351
237.463
237.122
209.877
237.694
237.498
219.79
207.762
207.58
208.268
225.923
223.932
225.771
223.842
225.582
227.306
218.824
220.849
229.924
229.684
231.147
234.44
234.094
235.399
229.03
207.962
210.202
226.547
224.884
210.541
238.028
237.84
237.827
237.483
237.493
236.972
236.303
236.353
235.475
214.594
212.375
236.88
236.517
221.111
233.619
237.832
232.956
233.973
208.543
230.436
220.752
222.68
222.841
209.019
227.782
226.367
227.791
225.933
212.469
229.06
233.061
232.174
223.04
231.81
224.83
212.309
210.022
234.136
234.871
235.277
236.084
222.985
209.919
210.097
232.896
207.825
224.331
222.343
237.372
227.537
213.42
216.607
236.827
234.948
231.355
219
230.915
235.963
234.693
216.669
234.053
236.27
231.877
236.515
220.957
221.135
226.818
216.382
234.642
233.83
224.731
214.994
233.431
217.822
235.352
236.564
233.032
237.465
224.505
217.72
207.591
233.899
224.379
236.381
235.733
221.857
224.856
221.77
215.208
211.623
210.137
228.092
231.041
232.292
231.241
232.394
229.894
212.896
229.989
228.53
228.659
210.344
210.66
210.794
210.971
211.233
211.496
222.484
224.254
225.412
237.19
237.335
237.113
237.2
237.152
236.999
236.875
237.07
236.677
237.46
237.918
227.583
236.811
234.498
211.874
221.753
233.388
233.116
220.887
236.784
224.239
223.636
230.657
230.929
234.901
212.813
237.431
227.924
213.755
235.77
236.153
217.337
217.604
235.555
236.349
207.95
238.059
209.726
237.955
236.943
237.062
237.61
237.845
237.02
236.992
237.853
237.137
229.131
227.102
223.73
236.355
