1061.4
1070.87
941.603
1052.38
1038.33
1037.25
1051.23
1061.34
1061.17
1060.89
1060.49
1059.99
1059.38
1058.67
1057.86
1056.95
1055.94
1054.84
1053.63
1053.6
1054.82
1055.59
1056.39
1056.97
1057.36
1057.64
1057.57
1057.53
1057.33
1056.98
1056.56
1055.8
1055.16
1054.41
1053.56
1052.71
1051.52
1050.55
1049.52
1048.45
1047.43
1046.06
1045.01
1043.96
1042.9
1041.93
1040.56
1039.63
1038.71
1037.86
1036.99
1035.85
1035.08
1034.41
1033.74
1033.15
1032.12
1031.59
1031.16
1030.74
1030.36
1029.41
1029.07
1028.86
1028.64
1028.42
1027.44
1027.23
1027.18
1027.1
1026.97
1025.84
1025.68
1025.75
1025.77
1025.66
1024.23
1024.04
1024.21
1024.31
1024.14
1022.24
1021.97
1022.24
1022.43
1022.14
1019.54
1019.1
1019.51
1019.84
1019.35
1015.72
1014.97
1015.6
1016.22
1015.38
1010.1
1008.78
1009.9
1011.12
1009.52
1001.33
998.962
1001.3
1003.71
999.867
985.785
981.756
987.371
990.96
978.823
950.759
942.815
940.542
939.637
939.275
942.266
941.344
962.078
983.122
1000.27
1015.76
1029.08
1040.22
1049.31
1056.16
1061.37
1065.57
1068.53
1070.28
1072.12
1073.04
1073.66
1073.99
1074.07
1073.92
1073.58
1073.07
1072.4
1071.62
1070.74
1069.77
1068.74
1067.67
1066.57
1065.45
1064.33
1063.21
1062.11
1061.03
1059.97
1058.94
1057.94
1056.98
1056.05
1055.16
1054.3
1053.47
1052.68
1051.93
1051.2
1050.51
1049.86
1049.23
1048.64
1048.07
1047.53
1047.03
1046.55
1046.1
1045.67
1045.28
1044.91
1044.57
1044.26
1043.97
1043.72
1043.5
1043.31
1043.16
1043.04
1042.96
1042.91
1042.91
1042.94
1043.03
1043.15
1043.33
1043.55
1043.83
1044.15
1044.54
1044.97
1045.47
1046.01
1046.62
1047.27
1047.98
1048.74
1049.56
1050.41
1051.31
1052.25
1053.22
1054.22
1055.23
1056.26
1057.3
1058.33
1059.36
1060.36
1061.33
1062.25
1063.13
1063.94
1064.67
1065.32
1065.87
1066.32
1066.64
1066.83
1066.89
1066.79
1066.54
1066.12
1065.54
1064.78
1063.83
1062.71
1034.19
1054.88
1039.02
1048.88
1069.02
1064.73
1072.34
1057.79
1031.84
1047.23
1044.68
1058.89
1045.91
996.07
1023.68
1006.65
1063.06
976.672
1065.81
1044.04
1066.82
1022.89
1047.89
1024.83
1026.28
1043.02
1060.65
1040.51
1073.33
1051.99
1044.15
1030.78
1029.3
1048.58
1058.34
1053.81
1043.52
1056.42
1051.5
1029.08
1043.13
1019.82
1015.12
1011.48
1052.16
1059.28
1055.15
1028.01
1042.88
963.995
1065.47
1000.74
1061.76
1066.72
1057.05
1058.23
1042.76
1028
1058.94
1037.44
1062.53
1020.99
1046.27
1042.2
1049.46
962.418
1071.51
983.564
1063.75
1062.16
1062.45
1054.96
1072.41
1057.76
1058.32
964.037
1066.48
1073.39
1044.86
1025.06
1015.33
1057.22
1008.02
1061.25
999.425
1064.61
989.029
1066.57
1043.43
1026.4
1027.13
1042.8
1046.51
1022.6
1019.51
1035.73
1050.32
1053.14
1019.19
1058.69
1033.19
1053.9
1066.93
1057.32
1050.13
1056.59
1073.23
1070.88
1041.13
1061.45
1047.64
1048.3
1045.83
1045.42
1050.88
1044.35
1031.34
1044.04
1055.52
1060.38
1053.01
1030.2
1046.48
1056.9
1029.39
1059.13
962.36
1062.63
1056.12
1053.17
1059.47
1047.85
1058.45
1033.47
1043.99
1031.94
1045.05
1045.6
1059.93
1025.79
1043.29
1049.98
1052.38
1054.79
1021.37
1051.92
1040.75
1071.34
1058.92
1060.23
1062.86
1055.27
1057.27
963.999
1073.01
1064.7
963.345
1066.06
1071.34
1058.7
1056
968.997
1066.73
1072.87
993.167
1066.25
1063.87
1002.91
1060.28
1008.8
1056.18
1014.6
1062.18
1045.36
997.508
1014.34
1008.37
1058.26
1065.26
1024.74
983.816
1022.28
1066.77
1047.17
1017.14
1054.13
1019.11
1051.23
1044.42
1042.99
1028.54
1024.56
1043.2
1026.66
1027.74
1042.76
1042.8
1027.74
1026.52
1042.89
1036.61
1034.91
1043.71
1025.62
1058.31
1022.46
1033.81
1048.65
1059.06
1043.31
1029.4
1038.12
1032.49
1069.99
1068
1065.84
1071.67
1049.49
1063.63
1040.07
1047.75
1049.74
1050.8
1059.35
1053.07
1046.74
1045.04
1043.02
1055.77
1054.65
1043.77
1045.31
1031.21
1057.36
1052.24
1029.66
1048.75
1043.69
1049.64
1061.26
1059.94
1016.16
1062.51
1057.23
1069.72
1001.09
983.707
1063.26
1063.57
1066.79
1062.6
1070.16
1040.49
1050.26
985.964
1066.54
1035.73
1060.07
1063.66
999.329
1007.5
1042.89
1013.84
1066.06
1044.09
1026.97
1023.7
1042.81
1048.37
1028.74
1045.54
1031.06
1042.94
1030.24
1042.61
1018.39
1055.95
1029.98
1042.37
1042.32
1068.06
1051.12
1057.4
1065.87
1063.78
983.402
1059.95
1071.13
1045.04
1025.91
1027.87
1028.89
1059.59
1037.08
1052.14
1051.64
1031.67
1032.97
1053.96
1056.57
1044.32
1029.62
1059.34
1064.51
1058.14
1071.1
1067.51
1059.52
983.185
1061.75
1060.2
1066.63
1066.58
988.027
991.316
1009.69
1059.06
1015.07
1054.92
1019.35
1065.06
1062.85
1022.32
1002.01
1050.97
1025.04
1025.6
1042.62
1046.88
1046.21
1058.03
1016.22
1020.61
1052.9
1042.31
1043.35
1061.97
1029.67
1011.38
1027.49
1003.61
1059.13
1042.48
1034.96
1060.13
1037.78
1068.65
1064.73
1038.6
1058.48
1047.32
1046.33
1042.28
1047.64
1043.41
1056.18
1048.99
1045.45
1033.89
1057.77
1060.5
1051.08
1054.19
1048.41
1053.15
1032.36
1055.66
1044.47
1044.67
1062.36
1049.97
1016.45
1061.04
1058.33
1070.57
1061.06
1001.59
1061.1
1036.99
1054.44
1057.18
1039.16
1046.21
1059
1007.59
1035.27
1043.79
1033.55
1066.23
1045.09
1062.5
1059.7
1014.06
1018.92
1028.17
1042.19
1040.82
1044.65
1053.65
1050.02
1052.23
1022.21
1055.57
1024.72
1051.5
1031.44
1041.26
1061.16
1023.06
1050.06
1056.38
1052.23
1043.17
1059.3
1067.95
984.427
1066.29
1060.65
982.98
1070.72
1065.28
1067.93
1060.21
1066.32
1002.63
1066.38
995.45
1060.24
1044.53
1026.32
1023.43
1049.19
1045.72
1027.84
1064.4
1065.61
1028.41
1028.83
1042.46
1030.11
1042.3
1043.06
1027.55
1058.68
1019.76
1015.21
1009.51
1053.9
1020.04
1041.81
1043.69
1027.39
1029.18
1036.42
1042.38
1024.25
1061.04
1012.61
1005.32
1056.99
1017.3
1047.6
1056.27
1067.75
1063.66
1034.74
1050.06
1045.88
1042.63
1049.61
1039.56
1057.5
1069.46
1061.54
1042.77
1046.58
1030.55
1065.77
1046.81
1041.36
1034.35
1057.01
1050.93
1043.15
1031.43
1034.3
1051.46
1047.19
1046.7
1063.17
1057.57
1062.66
1029.67
1001.23
1064.2
1063.27
1066.53
1065.28
1063.05
1041.44
1043.54
1029.02
1026.69
1048.75
1065.8
1016.21
1052.76
1052.26
1044.42
1059.18
1018.01
1030.87
1044.89
1036.65
1030.88
1030
1021.6
1061.08
1024.43
1032.48
1041.84
1040.63
1063.4
1061.64
1049.82
1005.72
1056.59
1021.29
1041.55
1041.69
1037.64
1058.19
1044.13
1035.85
1042.4
1033.14
1055.38
1048.26
1049.43
1048.95
1063.13
1001.09
1000.99
1064.96
1065.97
1060.07
1067.61
1061.42
1061.31
1004.03
1066.26
1060.72
1065.73
1061.34
1064.98
1059.69
1064.72
1044.52
1028.49
1057.63
1020.47
1026.28
1042.77
1063.32
1030.16
1042.46
1041.61
1031.72
1041.47
1030.62
1029.79
1054.58
1052.53
1022.99
1024.14
1046.4
1047.14
1027.48
1029.26
1061.62
1060.68
1041.98
1016.47
1017.8
1011.34
1012.84
1031.24
1050.54
1025.33
1045.75
1033.93
1043.64
1041.64
1059.1
1046.69
1039.95
1052.91
1050.66
1045.63
1038.37
1042.17
1032.26
1057.3
1036.18
1036.42
1055.46
1058.13
1053.34
1054.51
1047.82
1047.71
1043.47
1050.06
1061.95
1016.5
1064.54
1060.25
1063.47
1062.34
1065.29
1060.69
1058.35
1038.32
1049.72
1044.88
1042.15
1045.76
1045.76
1034.95
1032.7
1062.85
1039.62
1055.49
1044.13
1057.11
1025.64
1037.95
1031.42
1029.86
1032.02
1040.78
1041.67
1047.89
1046.88
1034.03
1040.9
1033.44
1040.06
1026.6
1055.2
1028.58
1050.9
1040.46
1016.07
1065.54
1062.69
1043.83
1031.08
1048.46
1041.66
1053.37
1029.47
1049.86
1065.12
1061.92
1057.39
1000.89
1067.15
1062.35
1062.09
1065.89
1017.3
1061.77
1066.06
1065.82
1016.75
1016.37
1064.05
1064.83
1018.83
1020.72
1064.07
1059.99
1062.02
1060.17
1023.05
1022.35
1058.16
1025.06
1049.62
1041.13
1043.13
1041.89
1032.02
1045.06
1041.6
1023.72
1027.09
1031.08
1044
1028.77
1037.15
1047.92
1030.36
1029.52
1025.85
1053.57
1030.63
1023.59
1033.24
1040.75
1051.99
1060.09
1035.74
1045.31
1051.13
1041.25
1048.84
1040.32
1062.06
1042.62
1044.5
1056.49
1042.17
1032.75
1053.59
1048.6
1051.27
1045.66
1050.04
1065.55
1064.01
1062.7
1016.32
1061.02
1063.43
1042.87
1028.7
1028.44
1057.92
1056.15
1043.02
1047.3
1062.97
1060.9
1064.74
1061.6
1062.26
1029.41
1056.47
1040.78
1047
1053.26
1033.71
1045.31
1042.83
1039.75
1065.01
1058.57
1043.63
1030.36
1065.63
1063.6
1030.15
1032.86
1040.66
1040.6
1033.62
1042.02
1041.09
1042.42
1041.09
1034.6
1046.54
1038.45
1040.25
1056.99
1045.26
1035.23
1063.98
1062.52
1016.12
1062.18
1065.27
1062.42
1065.83
1062.12
1029
1061.28
1064.26
1059.01
1028.17
1059.21
1019.75
1061.12
1029.64
1057.57
1029.82
1043.31
1031.26
1030.39
1032.34
1030.6
1032.15
1049.95
1033.04
1041.37
1040.57
1044.28
1040.03
1046.51
1055.86
1026.11
1041.06
1033.8
1040.94
1032.52
1028.85
1031.58
1031.9
1048.14
1054.07
1051.96
1029.5
1027.12
1028.19
1050.54
1043.76
1044.76
1037.48
1048.96
1045.27
1035.32
1044.53
1046.66
1046.82
1038.96
1057.44
1037.71
1054.46
1047.61
1052.15
1041.9
1040.98
1046.1
1034.28
1054.44
1064.6
1046.82
1043.51
1042.27
1040.27
1033.76
1042.68
1039.9
1045.76
1035.48
1036.33
1063.34
1063.03
1038.26
1060.11
1036.79
1041.81
1042.51
1054.09
1031.44
1039.62
1033.49
1050.2
1032.55
1034.83
1040.76
1032.88
1039.35
1034.42
1034.04
1039.55
1039.92
1035.3
1046.48
1039.91
1064.41
1052.81
1057.94
1042.05
1042.77
1036.11
1056.58
1054.49
1039.13
1048.95
1051.1
1042.81
1039.28
1038.85
1056.48
1063.24
1028.79
1061.61
1065.1
1065.37
1028.51
1062.17
1060.06
1063.02
1064.27
1028.44
1028.1
1028.87
1060.91
1060.51
1061.42
1059.57
1058.34
1057
1057.43
1055.35
1049.03
1036.57
1030.03
1048.32
1043.05
1033.72
1033.63
1034.14
1035.05
1045
1030.83
1033.83
1046.57
1042.41
1031.74
1029.14
1049.02
1040.42
1053.33
1033.28
1027.69
1034.65
1041.44
1054.36
1043.39
1043.94
1039.66
1043.8
1037.06
1041.95
1042.71
1039.55
1040.14
1045.96
1043.26
1039.59
1035.99
1055.43
1038.97
1063.3
1029.19
1049.44
1040.88
1043.93
1034
1032.69
1040.44
1039.83
1039.47
1038.82
1055.97
1064.68
1055.48
1064.49
1054.88
1064.12
1062.94
1037.35
1061.67
1060.74
1059.84
1050.87
1036.72
1036.55
1049.76
1040.65
1043.42
1056.25
1041.36
1036.47
1041.51
1036.54
1040.82
1052.93
1042.03
1036.32
1041.49
1040.65
1036.2
1036.5
1040.11
1044.93
1042.19
1038.67
1036.55
1037.95
1037.61
1037.95
1036.93
1031.81
1053.35
1032.32
1052.05
1065.31
1063.26
1053.98
1062.65
1063.7
1051.75
1036.64
1059.23
1058.92
1042.55
1041.16
1034.04
1050.91
1039.44
1039.24
1055.81
1039.72
1033.92
1034.52
1032.58
1032.54
1039.48
1049.24
1047.42
1035.35
1033.06
1040.15
1034.28
1031.14
1042.97
1035.69
1050.06
1039.6
1047.84
1036.67
1042.48
1042.08
1045.82
1043.55
1055.19
1040.1
1040.1
1038.32
1042.19
1048.93
1063.74
1064.01
1036.81
1062.38
1058.21
1043.51
1036.36
1036.19
1041.7
1041.22
1041.82
1056.95
1036.05
1039.77
1064.1
1047.69
1036.41
1045.77
1049.9
1038.28
1036.15
1039.51
1036.4
1038.27
1036.87
1039.83
1038.16
1037.97
1037.3
1036.83
1064.72
1039.14
1063.06
1060.89
1043.75
1051.95
1044.14
1048.31
1040.76
1041.19
1038.03
1041.09
1044.86
1043.03
1040.64
1037.92
1040.98
1048.48
1064.78
1038.33
1048.07
1064.03
1047.53
1063.8
1063.43
1046.65
1063.65
1045.57
1062.36
1044.65
1061.61
1050.34
1060.03
1059.13
1057.25
1043.05
1041.63
1042.47
1041.12
1039.07
1054.81
1055.93
1039.26
1036.02
1038.81
1041.58
1037.15
1053.34
1035.54
1052.48
1040.2
1049.49
1039.44
1036.48
1050.59
1036.16
1038.1
1036.31
1037.03
1036.21
1036.08
1038.17
1039.39
1036.17
1038.2
1039.08
1036.25
1036.31
1038.14
1038.34
1036.15
1038.55
1036.12
1045.79
1036.17
1046.71
1039.64
1044.1
1043.21
1036.19
1038.59
1039.37
1044.89
1038.44
1048.74
1038.35
1048.49
1046.63
1038.81
1039.47
1036.23
1038.03
1036.07
1037.05
1044.02
1047.54
