275.28
257.06
211.65
269.904
275.206
274.983
274.612
274.096
273.44
272.649
271.731
270.694
269.552
268.32
267.004
265.631
264.235
262.844
261.487
260.21
259.126
258.157
257.443
211.686
211.802
212.009
212.313
212.765
213.392
214.274
215.551
217.491
220.524
225.131
231.261
237.856
243.709
248.321
251.746
254.189
255.827
256.764
217.156
222.827
227.921
232.896
237.557
241.873
245.897
249.588
252.945
255.977
258.692
261.095
263.196
265
266.514
267.736
268.711
269.373
269.772
269.934
270.031
270.191
270.407
270.675
270.995
271.363
271.734
272.153
272.562
272.987
273.401
273.795
274.157
274.476
274.765
274.978
275.145
275.246
258.054
227.18
272.528
266.941
218.769
271.135
272.006
245.48
245.726
264.367
273.707
262.746
217.197
270.242
274.816
259.195
231.804
268.32
274.196
236.095
252.621
269.938
221.766
252.472
271.881
216.811
269.903
275.098
256.303
231.254
236.235
232.693
237.326
234.666
241.385
239.005
242.966
245.093
248.586
250.554
251.94
250.3
253.688
255.074
256.672
255.928
258.312
259.01
260.774
259.384
262.4
260.88
263.497
264.093
263.188
260.391
262.413
264.94
259.722
261.751
259.046
261.133
263.018
257.566
256.78
254.305
253.502
250.67
262.514
264.693
265.702
267.135
267.843
268.391
269.039
270.062
269.471
269.698
270.681
270.351
271.328
270.944
272.098
271.404
270.368
241.098
247.437
252.487
249.971
253.957
253.331
256.838
256.089
259.226
258.652
260.766
261.381
257.801
272.321
271.48
272.826
263.025
263.419
270.809
247.488
256.079
264.235
265.738
248.371
244.837
243.947
241.021
266.158
267.415
267.017
268.074
268.471
270.387
240.119
236.04
262.132
269.277
268.673
273.036
267.771
264.43
261.571
269.792
236.967
262.321
269.881
269.292
269.92
271.16
273.558
273.169
272.6
266.713
273.855
235.466
243.295
231.721
232.606
242.15
266.457
255.238
250.051
252.68
264.914
263.955
273.964
267.551
268.635
231.21
227.045
227.759
269.224
268.915
257.729
270.703
233.765
228.981
261.2
271.096
270.109
271.635
266.495
263.904
261.968
260.162
247.149
250.26
254.845
252.953
256.538
255.197
257.56
258.162
258.813
259.955
257.291
273.566
266.56
271.37
270.963
270.141
269.9
259.946
257.68
262.117
269.1
268.13
260.618
261.659
221.617
268.95
239.486
245.011
273.088
240.407
262.936
265.371
267.644
268.157
268.376
269.337
269.1
270.384
269.684
274.246
268.364
267.129
270.127
257.714
255.187
255.156
252.322
252.469
249.49
231.227
226.675
235.487
239.375
259.968
239.869
261.402
239.559
242.996
246.325
229.75
260.459
262.571
272.91
272.645
272.254
273.016
272.595
222.099
273.304
272.239
258.951
216.978
217.301
241.092
265.537
264.136
265.189
263.78
264.644
265.97
243.495
247.288
268.503
264.463
266.716
265.935
265.487
267.4
257.976
224.026
227.411
260.046
259.022
240.182
274.957
274.925
274.989
274.621
274.496
274.187
273.616
273.509
272.91
235.221
230.577
270.707
269.063
255.044
269.846
274.79
265.226
266.649
249.588
260.593
245.975
249.486
250.835
254.825
258.386
256.358
258.948
252.88
232.428
258.45
271.026
270.134
256.443
263.594
260.18
226.71
221.973
267.777
267.884
272.848
268.932
252.296
223.888
225.526
263.796
220.053
249.235
245.822
271.607
255.551
258.34
236.962
272.575
268.387
268.722
246.756
265.03
270.93
271.755
238.115
267.195
272.068
264.233
272.657
248.769
253.581
257.776
259.007
271.999
265.442
253.914
244.112
268.553
255.29
267.435
269.608
265.816
274.28
252.578
256.912
217.885
265.336
251.515
270.287
269.422
259.921
257.767
260.822
247.104
257.099
221.943
261.867
265.907
267.279
267.482
268.017
266.239
243.793
267.007
265.776
266.511
222.243
244.215
247.97
251.217
253.874
255.841
246.812
249.986
263.927
271.387
271.892
271.089
270.782
270.495
271.796
269.886
270.047
272.099
273.365
274.41
266.539
269.555
272.082
257.815
262.293
271.147
263.978
243.159
269.459
249.233
262.452
260.085
269.084
266.732
227.142
274.654
255.454
258.094
268.02
273.579
236.236
260.234
272.805
273.295
216.893
275.183
257.146
274.602
270.577
272.21
273.874
274.082
269.812
274.062
274.615
272.838
267.732
265.27
263.197
268.862
