1059.95
1062.87
932.485
1051.03
1037.63
1036.85
1050.78
1059.89
1059.73
1059.45
1059.06
1058.57
1057.97
1057.27
1056.47
1055.57
1054.57
1053.48
1052.27
1052.26
1053.47
1054.28
1055.09
1055.68
1056.11
1056.42
1056.42
1056.42
1056.25
1055.95
1055.58
1054.91
1054.32
1053.62
1052.82
1052.02
1050.93
1050.01
1049.03
1048
1047.02
1045.75
1044.75
1043.72
1042.69
1041.75
1040.49
1039.58
1038.67
1037.83
1036.98
1035.94
1035.19
1034.51
1033.85
1033.27
1032.35
1031.83
1031.39
1030.96
1030.59
1029.78
1029.45
1029.22
1028.98
1028.78
1027.99
1027.8
1027.73
1027.63
1027.52
1026.65
1026.53
1026.57
1026.56
1026.49
1025.42
1025.3
1025.42
1025.47
1025.39
1023.98
1023.82
1024
1024.11
1023.95
1022.05
1021.78
1022.04
1022.22
1021.93
1019.31
1018.85
1019.23
1019.53
1019.01
1015.33
1014.53
1015.1
1015.64
1014.71
1009.32
1007.86
1008.81
1009.83
1007.98
999.507
996.788
998.694
1000.6
996.183
981.522
976.788
981.548
984.238
971.251
942.89
933.82
953.021
973.154
989.818
1005.08
1018.4
1029.8
1039.31
1046.64
1052.33
1056.95
1060.25
1062.22
1064.12
1065.04
1065.67
1066.03
1066.14
1066.04
1065.77
1065.33
1064.77
1064.1
1063.36
1062.55
1061.7
1060.82
1059.92
1059.02
1058.12
1057.23
1056.36
1055.51
1054.68
1053.88
1053.1
1052.35
1051.63
1050.94
1050.27
1049.63
1049.02
1048.44
1047.88
1047.34
1046.83
1046.35
1045.88
1045.45
1045.03
1044.64
1044.27
1043.92
1043.6
1043.3
1043.02
1042.77
1042.54
1042.33
1042.15
1042
1041.89
1041.8
1041.75
1041.73
1041.74
1041.79
1041.88
1042.01
1042.19
1042.41
1042.68
1042.99
1043.36
1043.77
1044.24
1044.76
1045.33
1045.96
1046.63
1047.35
1048.12
1048.94
1049.8
1050.69
1051.62
1052.58
1053.56
1054.56
1055.56
1056.57
1057.57
1058.56
1059.53
1060.46
1061.34
1062.17
1062.94
1063.63
1064.23
1064.74
1065.13
1065.42
1065.57
1065.58
1065.46
1065.17
1064.73
1064.12
1063.34
1062.39
1061.26
1034.36
1054.15
1039.03
1046.07
1061.85
1058.4
1064.59
1056.82
1032.12
1044.79
1042.83
1057.68
1045.24
1006.53
1025.41
1013.41
1062.11
993.847
1064.67
1043.26
1065.52
1024.87
1047.27
1026.22
1027.26
1042.08
1059.24
1030.16
1065.3
1051.42
1043.97
1031.05
1029.75
1048.2
1053.39
1049.89
1041.99
1051.91
1048.1
1029.5
1041.74
1022.66
1019.2
1016.64
1051.54
1058.49
1054.48
1028.65
1041.61
977.176
1064.06
990.648
1060.33
1058.1
1055.7
1056.85
1041.61
1028.6
1057.8
1037.47
1056.66
1023.48
1044.05
1042.06
1048.86
960.279
1063.44
974.413
1062.31
1060.72
1061
1053.6
1064.34
1056.44
1057.03
988.104
1065.11
1065.4
1044.15
1026.42
1019.44
1056.5
1013.93
1060.39
1007.51
1063.56
1000.3
1065.35
1042.57
1027.36
1027.92
1041.76
1045.87
1024.62
1022.4
1035.83
1049.72
1052.5
1022.21
1057.61
1033.35
1053.23
1060.15
1056.39
1047.04
1055.72
1065.3
1063.37
1041.03
1055.81
1047.28
1045.62
1043.71
1043.39
1050.37
1042.58
1031.63
1042.36
1051.21
1054.98
1049.27
1030.55
1046.17
1047.39
1018.83
1057.75
954.737
1061.18
1054.76
1052.61
1054.18
1045.25
1057.54
1033.63
1042.28
1032.21
1043.08
1044.97
1058.84
1027.28
1043.16
1049.56
1048.75
1050.6
1024.02
1051.32
1030.61
1063.13
1057.6
1058.85
1061.43
1054.57
1055.91
969.052
1064.95
1063.27
983.195
1064.67
1063.2
1057.44
1054.65
991.742
1065.39
1065.02
1004.46
1065.07
1062.87
1010.39
1059.46
1014.54
1055.49
1018.77
1061.27
1044.67
1006.48
1018.76
1014.54
1057.5
1064.17
1026.17
996.332
1024.36
1065.51
1046.54
1020.72
1053.48
1022.07
1050.61
1043.68
1041.66
1029.07
1026.01
1042.3
1027.58
1028.38
1041.67
1041.59
1028.41
1027.47
1041.9
1036.66
1035.05
1042.89
1026.8
1057.29
1024.54
1033.95
1048.04
1057.87
1041.85
1029.79
1038.15
1032.71
1062.64
1061.01
1059.28
1064.03
1046.54
1057.52
1040.03
1045.19
1049.31
1047.56
1054.17
1052.43
1044.41
1043.1
1042.88
1054.97
1050.54
1042.16
1045.06
1031.46
1052.64
1048.67
1030.08
1048.41
1042.05
1039.68
1059.84
1058.54
1005.67
1053.47
1055.86
1061.43
992.117
976.847
1061.83
1062.13
1059.76
1056.56
1062.35
1040.44
1047.11
997.653
1065.21
1035.83
1059.25
1062.68
1007.5
1013.98
1041.38
1018.77
1064.88
1043.38
1028.14
1025.72
1041.97
1047.79
1029.43
1045.31
1031.38
1041.52
1030.66
1041.31
1021.97
1055.27
1030.42
1041.18
1041.3
1059.57
1050.69
1047.98
1064.48
1062.37
989.451
1058.69
1063.07
1044.39
1027.32
1028.75
1029.53
1058.55
1037.14
1051.62
1048.18
1031.95
1033.16
1049.96
1051.96
1042.52
1019.41
1057.96
1063.08
1056.8
1062.85
1058.91
1058.23
979.987
1060.34
1058.97
1065.34
1065.32
999.921
1002.21
1015.29
1058.28
1019.54
1054.27
1022.75
1063.97
1061.91
1024.83
1009.54
1050.38
1026.78
1027.18
1041.74
1046.28
1045.6
1057.29
1020.18
1023.45
1052.28
1041.18
1042.58
1061.07
1030.17
1016.52
1028.49
1011.07
1058.14
1041.55
1035.1
1059
1037.83
1061.19
1058.18
1038.62
1053.42
1044.84
1044.07
1042.19
1047.35
1041.85
1055.43
1046.14
1043.39
1034.06
1056.91
1054.96
1050.61
1053.57
1045.68
1049.35
1032.61
1051.27
1044.28
1042.79
1060.94
1040.14
1006.55
1059.64
1056.97
1062.29
1059.79
1005.07
1060
1037.03
1053.84
1052.21
1039.14
1043.94
1058.11
1013.02
1035.36
1042.07
1033.7
1064.9
1044.52
1061.58
1058.9
1018.66
1022.45
1029.32
1041.44
1031.05
1044.46
1049.62
1046.88
1048.57
1024.95
1054.92
1026.86
1050.94
1031.77
1040.25
1059.79
1025.39
1049.48
1055.68
1051.75
1041.59
1057.95
1059.39
994.193
1064.93
1059.35
984.322
1062.78
1063.86
1059.55
1059.03
1065.03
1007.63
1065.16
1004.89
1059.25
1043.86
1027.62
1025.59
1048.61
1045.16
1029.06
1063.37
1064.48
1029.18
1029.49
1041.22
1030.53
1041.22
1042.25
1028.51
1057.92
1023.12
1019.56
1014.63
1053.27
1023.15
1040.98
1042.96
1028.44
1029.76
1036.49
1041.4
1026.13
1060.18
1017.72
1012.54
1056.28
1020.98
1047.01
1051.55
1060.5
1057.37
1034.85
1049.67
1043.72
1041.19
1046.61
1039.54
1052.68
1061.82
1055.75
1041.41
1046.32
1030.94
1058.98
1044.44
1041.29
1034.52
1056.21
1047.64
1041.66
1031.71
1034.42
1047.98
1044.71
1046.45
1054.18
1048.28
1061.27
1020.06
994.159
1062.78
1061.87
1058.69
1064.17
1056.33
1040.2
1042.9
1029.91
1028.29
1048.21
1064.48
1014.36
1048.6
1051.8
1043.92
1058.41
1020.15
1031.58
1042.92
1036.63
1031.31
1030.64
1024.07
1054.97
1026.63
1032.69
1040.61
1031.39
1062.02
1060.32
1046.65
1011.45
1055.9
1024.3
1040.6
1040.82
1037.67
1057.36
1042.33
1035.92
1041.02
1033.31
1050.9
1045.53
1046.43
1048.6
1054.5
996.584
1002.21
1063.56
1064.62
1058.73
1059.37
1060.22
1060.07
1009.73
1065.01
1059.68
1064.57
1060.18
1057.66
1058.75
1063.65
1043.93
1029.57
1056.91
1023.69
1027.96
1042.08
1062.35
1030.74
1041.74
1040.5
1032.01
1040.48
1031.09
1030.49
1053.95
1051.95
1025.52
1026.44
1045.86
1046.6
1028.82
1030.07
1060.74
1059.84
1041.19
1020.53
1021.56
1016.26
1017.62
1031.59
1049.99
1027.26
1043.59
1034.07
1043.49
1041.56
1053.59
1044.32
1039.91
1049.07
1047.37
1045.42
1038.38
1040.91
1032.5
1056.54
1036.17
1036.47
1054.8
1052.9
1052.81
1050.26
1047.52
1045.11
1041.82
1040.45
1060.57
1007.62
1063.14
1058.9
1054.55
1061.18
1064.14
1059.73
1057.57
1038.28
1046.49
1042.88
1040.74
1045.53
1045.28
1034.98
1032.9
1061.89
1039.55
1054.87
1042.29
1056.43
1027.67
1037.82
1031.95
1030.86
1032.37
1040.05
1041.05
1047.6
1044.4
1034.09
1039.83
1033.54
1039.21
1028.42
1054.57
1029.94
1050.39
1039.63
1012.41
1064.19
1054.29
1043.32
1031.72
1045.6
1040.37
1052.86
1020.73
1040.57
1063.75
1060.57
1048.29
999.306
1059.09
1061.1
1060.8
1064.61
1018.98
1060.71
1064.86
1058.23
1017.64
1016.08
1057.02
1063.73
1021.18
1023.16
1063.04
1059.09
1061.11
1059.36
1025.47
1024.82
1057.43
1027.17
1049.08
1040.46
1042.47
1040.7
1032.28
1044.58
1040.69
1026.04
1028.58
1031.47
1043.39
1029.76
1037.13
1047.38
1030.88
1030.28
1027.62
1052.97
1031.42
1025.99
1033.37
1040.7
1048.09
1054.29
1035.74
1043.25
1050.72
1040.06
1045.98
1040.24
1055.65
1042.51
1042.62
1055.81
1040.85
1032.95
1049.15
1045.65
1047.59
1043.47
1049.66
1064.17
1062.63
1061.33
1008.91
1059.68
1054.63
1042.73
1024.97
1026.82
1051.75
1050.74
1041.43
1046.83
1061.67
1053.5
1063.61
1060.62
1061.33
1029.83
1055.82
1040.63
1044.1
1052.75
1033.91
1043
1042.28
1038.82
1063.67
1057.83
1043.22
1031.17
1064.43
1062.6
1031.07
1033.03
1039.89
1039.64
1033.71
1041.43
1040.99
1040.95
1039.95
1034.64
1044.15
1038.31
1031.71
1048.17
1043.06
1035.11
1062.63
1061.2
1010.52
1054.07
1063.97
1061.21
1064.6
1061.01
1022.65
1060.27
1063.21
1052.41
1027.36
1058.37
1022.17
1060.27
1030.22
1056.87
1030.53
1042.78
1031.84
1031.25
1032.62
1031.43
1032.47
1049.45
1033.2
1040.73
1039.77
1043.88
1039.23
1046.03
1055.22
1028.05
1040
1033.88
1040.24
1032.76
1030.14
1032.07
1032.29
1047.66
1053.48
1051.44
1030.6
1028.82
1029.65
1047.08
1042
1044.56
1037.35
1048.63
1043.18
1035.34
1042.6
1044.2
1046.56
1038.9
1056.71
1037.67
1049.72
1044.47
1051.69
1040.55
1039.88
1043.81
1034.34
1053.88
1063.23
1046.53
1041.75
1040.81
1039.22
1033.92
1041.12
1039.01
1045.36
1035.38
1036.22
1062.12
1061.9
1034.34
1059.25
1035.44
1040.44
1042.07
1053.55
1032.2
1039.37
1033.77
1049.73
1033.08
1034.74
1040.26
1033.32
1038.7
1034.39
1034.09
1038.94
1039.36
1035.19
1043.78
1038.94
1063.09
1046.95
1057.24
1040.09
1042.45
1035.59
1055.92
1053.91
1038.88
1048.6
1050.68
1041.15
1038.54
1038.21
1048.02
1061.98
1023.79
1053.84
1063.92
1064.11
1025.94
1061.14
1053.05
1062.04
1063.19
1028.51
1027.85
1029.16
1059.99
1059.68
1060.54
1058.78
1057.59
1051.23
1056.73
1050.28
1045.3
1035.49
1030.83
1044.9
1042.63
1033.9
1033.86
1034.16
1034.94
1044.59
1031.65
1033.96
1046.16
1041.84
1032.18
1030.34
1048.53
1039.9
1052.76
1033.61
1029.26
1034.59
1041.28
1053.81
1041.71
1041.96
1038.75
1043.63
1036.94
1041.83
1041.18
1039.41
1040
1043.44
1041.56
1038.71
1035.88
1054.83
1038.83
1061.96
1021.57
1040.59
1039.7
1043.72
1034.07
1033.19
1039.36
1032.13
1032.72
1033.99
1047.96
1063.39
1047.97
1063.33
1047.9
1063.01
1061.9
1034.29
1060.74
1059.89
1059.04
1046.05
1034.34
1034.63
1045.68
1040.41
1043.09
1055.62
1039.76
1036.16
1040.21
1036.22
1039.47
1052.44
1041.57
1036.02
1040.07
1040.29
1035.92
1036.2
1039.06
1044.6
1042.02
1038.42
1036.21
1037.34
1037.35
1037.35
1036.59
1032.51
1052.81
1032.91
1051.56
1064.09
1062.08
1047.54
1061.57
1062.67
1046.44
1035.04
1058.43
1058.16
1040.32
1040.68
1034.09
1050.43
1038.81
1038.58
1055.18
1039.14
1034.02
1034.47
1033.11
1033.08
1038.69
1048.79
1047
1035.25
1033.45
1039.61
1034.27
1031.93
1041.34
1035.59
1049.67
1038.74
1047.53
1036.56
1040.97
1040.65
1045.57
1041.76
1054.61
1039.09
1039.86
1037.73
1041.85
1040.64
1062.43
1062.73
1036.45
1061.42
1057.49
1040.67
1035.51
1035.54
1039.93
1040.98
1041.58
1056.29
1035.63
1039.39
1062.87
1047.35
1036.13
1045.43
1049.5
1037.6
1035.87
1038.61
1036.07
1038.02
1036.6
1038.85
1037.5
1037.37
1037.04
1036.53
1063.51
1033.37
1062.05
1060.01
1040.6
1051.49
1043.82
1047.87
1039.45
1039.96
1037.4
1039.62
1044.63
1042.84
1039.52
1037.66
1039.73
1040.84
1063.53
1037.8
1041.14
1062.84
1041.33
1062.66
1062.34
1041.2
1062.58
1040.86
1061.37
1040.59
1060.7
1045.9
1059.2
1058.36
1056.57
1040.53
1041.29
1042.24
1040.76
1038.25
1054.23
1055.31
1038.41
1035.67
1038.04
1041.11
1036.65
1052.82
1035.42
1051.99
1039.82
1049.07
1038.55
1036.2
1050.14
1035.87
1037.5
1036.06
1036.62
1035.99
1035.78
1037.69
1039
1035.87
1037.75
1038.68
1036.02
1035.99
1037.56
1037.9
1035.85
1038.13
1035.83
1045.5
1035.96
1046.4
1038.7
1040.54
1042.97
1035.85
1037.86
1038.5
1044.62
1037.74
1048.37
1037.66
1048.1
1046.28
1038.4
1038.58
1035.91
1037.43
1035.78
1036.79
1043.77
1047.17
