25
25.5
26.5
26
25.005
25.02
25.045
25.08
25.125
25.18
25.245
25.32
25.405
26.31
26.14
25.99
25.86
25.75
25.66
25.59
25.54
25.51
26.405
26.32
26.245
26.18
26.125
26.08
26.045
26.02
26.005
25.81
25.64
25.49
25.36
25.25
25.16
25.09
25.04
25.01
25.9606
25.6059
25.2104
25.1531
26.0864
25.8117
25.3894
25.0703
25.4768
25.8665
25.0867
25.2706
26.0902
25.6613
25.0244
25.9081
25.7571
25.8171
25.6361
25.6941
25.5363
25.5054
25.4439
25.496
25.3621
25.3056
25.2273
25.299
25.2058
25.2501
25.1533
25.1436
25.1161
25.0919
25.1631
25.1026
25.6779
25.6789
25.5615
25.5413
25.4043
25.3096
25.3199
25.2576
25.4061
25.1963
25.1285
25.8788
25.7553
25.5206
25.4198
25.3711
25.344
25.4266
25.3232
25.2574
25.2125
25.3713
25.4774
25.4801
25.5952
25.5468
25.7029
25.6459
25.7577
25.4955
25.6971
25.2177
25.1082
25.4485
26.0203
25.9502
26.1416
26.0561
25.9401
25.0408
25.5509
25.5668
25.4863
26.2039
25.8391
25.0421
25.3393
25.2115
25.8206
25.0538
25.5872
25.1532
25.5128
25.1089
25.0742
25.3079
25.2847
25.4251
26.2454
25.8225
25.4195
25.0137
25.1898
25.2514
25.0529
25.6428
25.8843
