244.575
213.602
206.336
242.771
244.483
244.202
243.735
243.082
242.246
241.23
240.035
238.668
237.132
235.428
233.578
231.572
229.429
227.164
224.794
222.345
219.886
217.421
215.204
206.341
206.354
206.378
206.408
206.45
206.501
206.564
206.639
206.729
206.838
206.971
207.139
207.357
207.655
208.091
208.762
209.803
211.265
212.819
209.461
212.424
215.436
218.273
221.035
223.664
226.17
228.527
230.727
232.763
234.625
236.308
237.806
239.114
240.226
241.136
241.868
242.367
242.671
242.78
242.812
242.865
242.935
243.023
243.129
243.256
243.372
243.517
243.646
243.792
243.933
244.067
244.19
244.294
244.4
244.466
244.527
244.562
234.161
209.723
243.596
233.587
209.121
243.1
240.439
225.869
210.793
238.636
243.98
227.181
209.014
242.833
244.366
220.676
217.607
241.56
243.237
210.132
212.014
237.727
209.436
230.387
243.378
209.148
242.723
244.458
213.9
209.905
212.746
212.523
215.256
215.044
217.883
217.654
220.175
220.41
222.841
223.087
225.188
224.988
227.304
227.448
229.46
229.74
231.213
231.299
232.898
232.306
234.478
233.885
234.809
236.056
235.824
234.092
235.681
237.312
234.024
235.577
233.902
235.458
236.882
232.377
232.226
230.432
230.278
228.359
236.769
238.166
237.503
238.782
238.975
239.904
240.088
241.053
240.878
240.283
241.256
240.492
241.506
240.674
241.878
240.771
239.648
219.971
220.699
223.378
221.131
223.696
222.204
224.881
225.318
226.99
227.411
228.422
229.695
224.591
241.753
242.078
242.498
230.481
232.055
239.724
226.303
232.091
238.057
239.199
226.432
224.223
224.107
221.905
239.306
240.302
240.188
241.023
241.158
241.709
221.795
219.389
236.7
238.423
238.276
242.538
240.929
232.34
228.651
238.522
217.458
231.841
241.565
241.84
242.141
242.408
243.153
242.952
241.781
240.114
243.266
219.388
224.042
216.908
216.987
222.049
238.604
230.628
219.039
219.384
233.868
233.651
243.655
240.862
241.605
216.936
214.298
214.293
239.357
240.723
227.63
242.276
217.112
214.451
231.667
239.7
238.481
242.559
237.712
238.002
236.741
235.272
216.215
216.615
219.695
217.078
220.049
217.692
220.359
222.288
221.97
224.594
218.828
243.466
240.112
242.848
242.73
242.429
242.346
235.293
233.7
236.954
237.217
235.943
224.309
226.901
210.993
241.322
219.79
222.41
243.212
215.519
233.435
235.264
235.828
237.098
241.499
242.153
242.06
242.721
242.503
244.016
235.959
234.55
242.648
233.854
231.979
232.102
230.202
230.142
228.18
217.158
214.574
219.63
221.93
222.737
222.394
224.856
221.794
224.096
226.154
212.336
235.839
237.339
243.718
243.482
243.365
243.587
243.208
211.584
243.845
243.498
224.575
209.088
208.909
210.418
231.539
229.411
231.34
229.267
231.075
232.932
222.221
224.582
235.81
235.05
236.744
239.782
239.402
240.866
233.712
209.569
212.168
231.469
229.7
213.022
244.417
244.238
244.236
243.858
243.848
243.315
242.602
242.633
241.719
217.274
214.666
242.698
242.123
225.476
239.524
244.208
238.297
239.437
211.308
235.35
224.387
226.625
226.895
212.911
232.528
230.929
232.592
230.18
214.852
233.789
239.163
238.191
227.581
237.009
229.769
214.399
211.728
239.737
240.441
241.524
241.709
227.161
211.716
211.979
238.067
209.288
228.27
225.998
243.284
232.012
218.362
219.495
242.931
240.582
237.209
222.623
236.313
241.884
240.812
219.63
239.584
242.337
237.147
242.654
224.803
225.37
231.512
221.259
240.8
239.15
229.067
218.181
239.17
222.105
240.827
242.246
238.442
243.787
228.726
222.206
208.948
239.201
228.509
242.179
241.455
226.768
229.546
226.805
218.601
216.296
211.845
233.193
236.541
237.917
236.933
238.11
235.471
215.856
235.663
234.09
234.312
212.075
213.357
213.765
214.291
214.995
215.744
226.217
228.255
230.808
243.085
243.295
242.969
243.001
242.913
242.972
242.57
242.77
242.721
243.639
244.227
233.281
242.462
240.677
216.829
227.017
239.49
238.297
224.321
242.424
228.177
228.869
235.508
236.853
240.316
214.952
243.816
232.383
218.573
241.292
242.456
220.205
222.687
241.779
242.596
209.288
244.482
214.779
244.292
242.736
243.093
243.857
244.107
242.69
243.314
244.2
243.259
234.939
232.635
229.069
241.946
