5.273022195324301477e-03 3.817297952249645854e-02 1.633975282311439601e-03
1.086697258986532577e-02 2.271683569997549196e-02 3.893173854798078447e-03
1.465522903949022238e-02 3.373599534854292842e-02 2.959049262106418655e-03
9.057626593858003616e-03 2.793262816965580084e-02 4.700920004397630622e-03
8.343504332005976382e-03 3.206209722906351589e-02 3.452453117817640485e-03
1.270926529541611602e-02 2.626912394538521989e-02 1.207897737622261108e-03
1.141696459613740326e-02 3.727850034832954490e-02 4.141044814139604666e-03
7.052415320649742247e-03 2.183152971789240754e-02 2.386485911905765565e-03
6.556380223482847353e-03 3.436234865337610411e-02 4.391338694840669216e-03
1.215262003242969374e-02 2.980871865525841838e-02 2.135833449661731637e-03
1.336031069047748793e-02 3.879690095782280246e-02 3.202738832682371084e-03
7.765300450846552086e-03 2.459047524258494571e-02 1.457238182425498992e-03
9.560145707800983550e-03 3.540486322715878653e-02 2.709732420742511864e-03
1.392361844889819511e-02 2.120761062949895817e-02 4.950595427304506357e-03
1.021188473328947868e-02 3.018600916489958680e-02 1.884665653109550594e-03
5.844739675521850100e-03 2.564277298748493181e-02 3.642857324331998971e-03
6.198539296165108368e-03 3.064941937103867614e-02 2.087193537503481168e-03
1.056185892783105193e-02 2.515982944518327727e-02 4.315329439938068307e-03
1.435538897290825761e-02 3.618137402459978974e-02 1.256258260458707884e-03
9.988398365676401380e-03 2.041156589984893799e-02 3.029069587588310158e-03
8.037722725421189013e-03 3.958256822079420090e-02 4.780480571091175364e-03
1.363411460071801973e-02 2.382433654740452947e-02 2.504496444016695092e-03
1.234706901945173754e-02 3.483613602817058758e-02 3.562590107321739197e-03
6.751908054575324336e-03 2.935446044430136542e-02 1.839582037180662174e-03
7.481096237897872855e-03 3.680533301085234243e-02 3.813242033123970254e-03
1.184701045975088997e-02 2.228516789153218297e-02 1.589288692921400062e-03
1.305997471325099496e-02 3.127581022679806061e-02 4.531140662729740351e-03
8.695271136239170195e-03 2.703588237985968604e-02 2.754210192710161188e-03
9.255165187641977570e-03 3.296008551493287420e-02 1.006582420319318853e-03
1.484896366484463048e-02 2.872807193547487203e-02 3.278386846184730679e-03
1.114248506724834289e-02 3.770896865054965130e-02 2.337510485202073940e-03
5.545033495873212710e-03 2.320037990808487133e-02 4.064638651907443584e-03
5.438852962106466640e-03 3.316758517175912718e-02 3.171764865517616439e-03
1.109140187501907182e-02 2.771979073062539115e-02 1.426085870712995524e-03
1.480191496200859366e-02 3.873189821839332497e-02 4.485118664801121015e-03
9.145713998004793149e-03 2.293916938826441945e-02 2.229911942034959807e-03
8.450724678114055963e-03 3.706654505804181376e-02 1.978134851902723160e-03
1.283602165989577645e-02 2.126223739236593469e-02 3.736514404416084196e-03
1.162222756072878865e-02 3.228409236297011264e-02 2.678459126502275457e-03
7.238142266869545052e-03 2.682838119566440666e-02 4.919010259211063774e-03
6.644088393077254157e-03 3.935553597286343963e-02 2.928134549409151192e-03
1.229892672039568230e-02 2.481308784335851600e-02 4.669693417847156983e-03
1.358512397855519971e-02 3.379367386922240563e-02 1.727818321436643684e-03
7.931515220552682113e-03 2.959614105522632641e-02 3.987204775214195189e-03
9.745488651096820623e-03 3.040773961693048547e-02 4.234466202557086653e-03
1.412849741056561303e-02 2.620229015126824407e-02 2.480205822736025224e-03
1.033902033232152358e-02 3.519262418150902183e-02 3.421105310320854322e-03
5.952339256182313278e-03 2.063859729096293588e-02 1.176371585577726340e-03
5.759263858199119984e-03 3.564658086746931576e-02 4.624613571912050344e-03
1.014211950823664526e-02 2.016511144116520798e-02 2.847863323986530269e-03
1.385714295320212772e-02 3.117479734122752949e-02 3.781964790076017269e-03
9.470616327598690640e-03 2.541570385918021091e-02 1.557707235217094472e-03
7.500812513753771227e-03 3.458941930904984446e-02 2.306540437042712936e-03
1.315580290742218370e-02 2.881992954760789760e-02 4.033482659608125624e-03
1.194650068879127280e-02 3.983940107747912379e-02 1.100358709692955076e-03
6.292741205543279578e-03 2.434875607490539703e-02 3.372469257563352491e-03
6.963698202744126112e-03 3.180084729567170254e-02 1.349675968289375380e-03
1.134914844296872408e-02 2.729209292680025156e-02 3.122793417423963460e-03
1.263985605910420210e-02 3.627017987892031808e-02 2.055849649012089081e-03
8.255616463720798215e-03 2.203906863927841339e-02 4.283799607306718396e-03
8.796377573162317276e-03 3.796544145792722647e-02 3.531671445816755156e-03
1.444877456873655194e-02 2.372515471652150015e-02 1.808359161019325312e-03
1.066378937102854113e-02 3.271302781999110842e-02 4.874327320605516441e-03
5.007739281281829193e-03 2.819387724623084041e-02 2.598523415625095256e-03
5.148618509992957358e-03 3.242673639208078218e-02 4.973921757191419879e-03
1.074240797199308914e-02 2.666635612025856916e-02 2.748929098248482049e-03
1.445743147283792482e-02 3.689477220177650452e-02 3.682046610862016803e-03
8.859970886260270032e-03 2.141462920233607251e-02 1.907984115183353462e-03
8.150524012744426311e-03 3.859123544767498887e-02 2.159380689263344123e-03
1.251644829288124997e-02 2.309951361268758677e-02 4.430268447846174434e-03
1.130714616738259792e-02 3.333767717704176625e-02 1.496175326406955696e-03
6.942452648654579700e-03 2.756938017904758675e-02 3.226293940097093790e-03
6.363430004566907397e-03 3.502086328342557398e-02 1.246827967464923977e-03
1.195981167256832123e-02 2.079098191112279878e-02 3.475999880582094238e-03
1.325051938183605463e-02 3.055037653073668785e-02 2.410040542483329537e-03
7.655348209664225405e-03 2.604027695953846019e-02 4.179982434958219237e-03
9.435714306309819083e-03 3.396375868469476977e-02 3.932371009141207366e-03
1.379904280416667170e-02 2.944574246183037647e-02 1.657301135361194605e-03
1.001405766233801758e-02 3.921488508582115368e-02 4.724237989634275624e-03
5.647075921297073017e-03 2.497342495247721617e-02 2.998239025473594787e-03
6.078798780217766970e-03 3.998132985085248864e-02 3.301949210464954262e-03
1.044228172861039541e-02 2.418744625523686423e-02 1.045527804642915753e-03
1.415279472246765841e-02 3.441832356154918976e-02 4.103591904044151355e-03
9.785659871995448442e-03 2.897164424881339129e-02 2.361080240458250309e-03
7.849844861775636881e-03 3.103362912312149918e-02 1.612598944455385236e-03
1.344607580453157161e-02 2.557655353099107937e-02 3.852424032986164273e-03
1.223228164948523058e-02 3.581721646711230611e-02 2.793384324759244988e-03
6.637262543663382218e-03 2.001415729522705231e-02 4.554443523287773389e-03
7.293190658092498641e-03 3.254192495718598310e-02 2.543677967041730811e-03
1.165896063670516028e-02 2.834560383111238424e-02 4.803791299462318622e-03
1.294515783898532446e-02 3.810738218948245271e-02 1.862885374575853296e-03
8.580617578700183712e-03 2.356383770704269590e-02 3.601763762533664696e-03
9.135454772040247154e-03 3.644082736223935859e-02 4.354274347424507557e-03
1.472939510829746751e-02 2.188810737803578363e-02 2.110756378620863051e-03
1.093991793692111920e-02 3.165967188775539731e-02 3.052639819681644395e-03
5.342305433005094771e-03 2.745295455679297447e-02 1.295211035758256921e-03
5.548807587474584822e-03 3.742961542680859482e-02 2.441010694950819081e-03
1.120119556784629836e-02 2.166103836148977266e-02 4.211138561367988239e-03
1.499472570605575941e-02 3.190138941630721314e-02 1.153051812201738363e-03
9.338666601106524606e-03 2.641045548021793421e-02 3.381917573511600533e-03
8.648386048153041544e-03 3.358442489057779368e-02 4.630764976143836656e-03
1.303384634666144778e-02 2.810388484969734979e-02 2.904585760086775097e-03
1.174680082127451883e-02 3.833445265889168230e-02 3.963648118078708441e-03
7.362571284174918886e-03 2.257504878565669282e-02 1.688882488757371871e-03
6.841741716489195373e-03 3.002530846744775814e-02 3.712965138256549801e-03
1.249672190286219009e-02 2.578409263864159598e-02 1.939206887036562001e-03
1.370968621224165004e-02 3.555596634745597506e-02 4.880074903368949828e-03
8.055916521698236465e-03 2.103712646290659821e-02 2.654901992529630841e-03
9.855453707277774672e-03 3.895836221054196913e-02 1.402757752686739027e-03
1.423831822350620988e-02 2.444869544357061372e-02 3.132570214569568596e-03
1.053183971904218114e-02 3.421078538522124429e-02 2.190724682062864317e-03
6.145321959629654850e-03 2.997996337711811288e-02 4.461798414587974521e-03
5.873919799923897102e-03 3.498668843880295420e-02 1.769416280090808837e-03
1.025693876668810900e-02 2.918453175574541036e-02 3.508106816560030081e-03
1.404519516043364891e-02 3.942238492891192436e-02 2.574951395392418262e-03
9.658524291589854621e-03 2.396514356136322105e-02 4.835376571863890180e-03
7.703538192436098532e-03 3.602914553135633247e-02 3.083613682538270933e-03
1.335836765356361588e-02 2.058348061516880947e-02 1.326363213360309563e-03
1.206606686115264775e-02 3.081158868968486911e-02 4.260494243353604715e-03
6.412449236959218493e-03 2.501734634861350198e-02 2.016677781939506774e-03
7.166434312239289284e-03 3.754877340048551337e-02 4.010170381516218324e-03
1.155174030922353177e-02 2.334119411185383783e-02 2.267360225319862109e-03
1.275943087413906885e-02 3.311064504086971144e-02 3.333296913653612317e-03
8.375354595482348979e-03 2.855813136324286683e-02 1.077053822576999696e-03
8.911025468260048293e-03 3.143798673525452503e-02 2.824299171566963494e-03
1.456356432288884867e-02 2.689338732510805283e-02 4.585670214146376003e-03
1.085183055140077901e-02 3.665309263393282807e-02 1.518756009638309477e-03
5.195619529113173693e-03 2.245708972215652507e-02 3.758393246680498141e-03
5.156801417469978645e-03 3.382987298071384735e-02 2.797243669629097002e-03
1.081284565851092262e-02 2.963806694373488648e-02 4.542771797627210076e-03
1.460240858606993986e-02 3.924152191728353528e-02 1.608648158609867276e-03
8.950017588213085226e-03 2.469272689893841841e-02 3.864187438040971815e-03
8.414482725784181924e-03 3.531176446005702269e-02 4.115355174988508287e-03
1.279871639795601354e-02 2.075383201241493350e-02 2.357129350304603375e-03
1.151258587837219148e-02 3.036703446879982990e-02 3.290277380496263709e-03
7.127141710370778725e-03 2.616487029939890130e-02 1.049387015402317158e-03
6.451605940237641230e-03 3.861756471917033445e-02 3.040936995297670396e-03
1.210536195896565886e-02 2.281912788748741150e-02 1.299101240932941555e-03
1.331924187019467229e-02 3.320348391309380781e-02 4.366007577627896777e-03
7.664255090057850092e-03 2.776201698929071579e-02 2.106835529208183396e-03
9.619677606970071515e-03 3.224308677017688474e-02 1.858964629471302182e-03
1.400620069354772609e-02 2.679126178845763276e-02 3.613497126847505826e-03
1.029575438238680349e-02 3.718536581844091027e-02 2.547568306326866271e-03
5.912902420386671916e-03 2.137779163196682972e-02 4.792088579386472730e-03
6.106017436832189386e-03 3.638931989669799694e-02 1.468846190720796575e-03
1.049269244074821361e-02 2.215430362150072954e-02 3.245810694992542263e-03
1.427759182639419880e-02 3.176014203578234052e-02 2.186740469187498266e-03
9.894588990136980386e-03 2.725467318668961525e-02 4.410721287131309440e-03
8.094920562580227436e-03 3.274922689422965494e-02 3.662499316036701199e-03
1.374852332286536499e-02 2.823580317199230263e-02 1.935343790799379498e-03
1.245774893090128774e-02 3.785142721608281136e-02 4.993438407778739811e-03
6.802916452288627555e-03 2.360479395836591679e-02 2.721599828451872101e-03
7.401546752080320930e-03 3.113379171118140290e-02 4.743724599480629578e-03
1.178562835790216909e-02 2.537858448922634264e-02 2.970939796417951684e-03
1.299484472721814873e-02 3.576540144160389456e-02 3.912792719900607882e-03
8.609551284462212475e-03 2.028066586703062071e-02 1.684691805392503870e-03
9.299390651285648068e-03 3.972506731748581127e-02 2.437431316822767126e-03
1.495558800175786004e-02 2.422871483489871108e-02 4.160404279828071664e-03
1.124049781821668051e-02 3.462531793862581170e-02 1.219528872519731483e-03
5.587952369824051788e-03 2.886215591803193217e-02 3.495486594736576299e-03
5.381285557523369893e-03 3.883393464609980611e-02 4.272168472409248671e-03
1.097874081693589639e-02 2.463156655430793693e-02 2.012816172093152833e-03
1.469040775671601184e-02 3.424688020721078363e-02 3.071848012506961899e-03
9.096605740487574698e-03 2.968981210142374039e-02 1.330316502600908382e-03
8.541327286511659483e-03 3.030613638460636153e-02 2.578904550522565821e-03
1.290603447705507278e-02 2.575702076777815902e-02 4.823610797524451738e-03
1.169825800694525124e-02 3.536255117505789081e-02 1.765554565936327007e-03
7.332340320572256799e-03 2.117179768159985556e-02 3.519780911505222560e-03
6.597962677478789832e-03 3.362082727253436903e-02 1.514864254742860801e-03
1.219312971457838998e-02 2.781342124566435828e-02 3.770097382366657465e-03
1.348536367528140392e-02 3.821033265441656224e-02 2.828221332281828041e-03
7.888965876772999208e-03 2.275760756805539353e-02 4.573935434222221874e-03
9.824649570509789986e-03 3.723650781437754659e-02 3.321562238037586295e-03
1.419164617545902451e-02 2.179539725184440752e-02 1.080976117402315069e-03
1.040330387651920360e-02 3.218252489343285949e-02 4.021874651312828258e-03
6.039978396147489478e-03 2.638307128101587476e-02 2.263468574732542191e-03
5.686218431219458407e-03 3.139593740925192972e-02 3.944132912904024443e-03
1.005336695350706605e-02 2.715013019740581540e-02 1.716210313141345884e-03
1.375991228967905072e-02 3.676302077248692901e-02 4.650310825556516758e-03
9.396435935050248892e-03 2.224935512989759459e-02 2.877227529883384996e-03
7.616506330668926586e-03 3.774600207805633989e-02 1.125693447887897436e-03
1.321152010932564666e-02 2.324147148057818454e-02 3.401463318616152094e-03
1.199864170514047118e-02 3.284461695700884032e-02 2.468338415026664553e-03
6.402398208156228482e-03 2.860916549339890397e-02 4.191623222082853199e-03
6.903620343655348171e-03 3.613938122987747636e-02 2.218021407723426777e-03
1.126817546784877715e-02 2.037543369457125650e-02 4.442314069718122926e-03
1.255528782494366030e-02 3.076984692364931329e-02 1.375369347631931255e-03
8.189520863816142360e-03 2.527377689257264207e-02 3.152146000415087003e-03
8.899103822186588131e-03 3.472096791490912604e-02 4.899650793522596776e-03
1.449671219103038089e-02 2.923525355756282848e-02 2.627513721585273895e-03
1.070326795801520257e-02 3.961992116644978690e-02 3.693480927497148382e-03
5.109311491250992203e-03 2.386510860174894527e-02 1.966503717005253001e-03
5.046867355704308042e-03 3.551496086642146055e-02 3.589949768036604198e-03
1.070307491347193690e-02 2.100000694394111786e-02 1.820034757256507821e-03
1.440962019376456488e-02 3.014412919059395596e-02 4.753151316195726450e-03
8.757084952667354774e-03 2.589964691549539663e-02 2.524013079702853990e-03
8.216798407956957262e-03 3.409645177423954038e-02 1.275775030255317608e-03
1.260087114758789463e-02 2.985992198809981485e-02 3.001740437000989786e-03
1.138799265027046204e-02 3.899426098912954497e-02 2.067646361887455139e-03
7.002690341323614120e-03 2.449092166498303275e-02 4.342689234763384351e-03
6.253894502297043662e-03 3.202052958309650754e-02 2.317932315170764899e-03
1.190750627778470322e-02 2.652569031342864175e-02 4.092029441148042207e-03
1.319461854174732926e-02 3.738891031593084835e-02 1.026069149374961948e-03
7.539795078337192813e-03 2.162361847236752427e-02 3.251087736338377152e-03
9.509773049503563586e-03 3.837065188214183048e-02 4.503841448575258283e-03
1.389643799513578387e-02 2.261697456240653950e-02 2.773696787655353675e-03
1.010299370624125059e-02 3.347041079774498717e-02 3.840632688254117834e-03
5.719980811700224772e-03 2.798352394253015435e-02 1.569710418581962696e-03
5.991343315690756191e-03 3.299631139263510538e-02 4.137093909084796697e-03
1.037785738706588703e-02 2.843809001147747095e-02 2.398249197751283965e-03
1.408952441997825961e-02 3.758467199280858539e-02 3.456312343478202924e-03
9.706663442775606901e-03 2.338342051953077455e-02 1.196225892752409087e-03
7.892210679128765574e-03 3.661208689212799156e-02 2.947377551347017243e-03
1.354597675614058888e-02 2.241997046396136326e-02 4.704779334366322036e-03
1.233820034191012230e-02 3.155680734664201986e-02 1.645738672465086108e-03
6.683223620057105775e-03 2.700894171372055994e-02 3.889223083853721522e-03
7.198866372928023477e-03 3.945858389139175748e-02 1.896399002522230256e-03
1.158308983780443474e-02 2.400706959888338973e-02 3.638936594128608891e-03
1.287532385438680538e-02 3.487267423421144819e-02 2.698029715567827440e-03
8.489869479089974871e-03 2.906417096033692485e-02 4.954485751688480349e-03
9.184689410030841966e-03 3.093072881922125789e-02 3.206629052758216969e-03
1.484074251726269500e-02 2.513258121907711168e-02 1.445535343140363742e-03
1.105240031145512947e-02 3.598844023421406829e-02 4.387417830526828960e-03
5.400018179789185628e-03 2.054606091231107878e-02 2.147566694766282758e-03
5.505743185058236538e-03 3.050838388502597615e-02 1.119904439896345170e-03
1.110336176119744792e-02 2.600414460524916663e-02 3.345110908150672815e-03
1.488826105371117425e-02 3.514129098504781973e-02 2.287025112658738930e-03
9.294314794242381633e-03 2.090492920950055150e-02 4.060810364782810496e-03
8.734251279383896394e-03 3.909971712157130075e-02 3.809292629361152750e-03
1.309879753738641545e-02 2.485421791672706715e-02 1.538192015141248790e-03
1.180802308954298496e-02 3.400111177936196438e-02 4.597255326807499209e-03
7.442247262224555363e-03 2.948651436716318019e-02 2.867409188300371406e-03
6.790897697210311786e-03 3.701489953324198917e-02 4.846939034759998460e-03
1.238592049106955473e-02 2.152887687087058979e-02 2.618099320679903239e-03
1.359513680450618114e-02 3.238442430272698430e-02 3.558968290686607625e-03
7.998902322724460445e-03 2.663054320961236870e-02 1.788874935358762859e-03
9.949098555371165692e-03 3.337471075356006345e-02 2.036365319043397654e-03
1.431623701937496593e-02 2.761047160252928789e-02 4.311096318066120689e-03
1.060114674270152928e-02 3.847576703876257054e-02 1.369251739233732319e-03
6.237660329788922639e-03 2.298060702160000662e-02 3.095405027270316939e-03
5.805897852405905377e-03 3.799221396446228471e-02 2.666693337261676847e-03
1.017288544215261964e-02 2.344463093206286541e-02 4.922963429242372367e-03
1.396244842559099184e-02 3.257927794009447126e-02 1.989808961749077107e-03
9.599113930016755711e-03 2.838637584820389789e-02 3.732652675360441114e-03
7.804442904889583379e-03 3.161767920479178345e-02 4.481257069855928976e-03
1.339962000027298747e-02 2.741682223975658306e-02 2.241586156189441861e-03
1.211348957382142426e-02 3.656125487759709358e-02 3.175718139857054007e-03
6.517101833596825218e-03 2.200205486267805058e-02 1.414320215582847741e-03
7.091548275202513157e-03 3.445535710081458480e-02 3.425027590245008444e-03
1.145624525845050784e-02 2.901273570954799458e-02 1.164636924862861569e-03
1.267012526281178011e-02 3.986586125567555261e-02 4.230574566870927769e-03
8.304197369143366189e-03 2.406853985041380178e-02 2.491910077631473690e-03
9.018794270232319277e-03 3.593734353780746182e-02 1.739522472023964043e-03
1.461625839583575656e-02 2.012840522453188813e-02 3.983313005417585262e-03
1.090581214055418892e-02 3.099131692200899138e-02 2.916399754583835595e-03
5.312018990516662563e-03 2.554074073210358536e-02 4.673615593463182130e-03
1.193401732482016024e-02 2.616755796596408057e-02 3.478308152407407709e-03
8.453533286228775978e-03 3.511063573881983979e-02 2.298073284327984203e-03
1.426261628977954291e-02 3.079745963215827984e-02 1.978229690343141778e-03
5.193585557863116507e-03 2.044380277395248593e-02 4.798120617866516099e-03
6.594589622691273204e-03 2.316124238073825892e-02 3.947463434189557585e-03
1.254785102792084148e-02 3.311939142644405865e-02 2.768311880528926978e-03
9.543447932228445521e-03 3.849182775244117116e-02 1.447568137198686645e-03
1.115785925649106364e-02 2.774699216708540958e-02 4.268298357725143141e-03
1.346428615972399684e-02 3.737831419333816074e-02 4.645336341112852284e-03
6.924494784325361391e-03 2.639957418665290004e-02 1.574342958629131213e-03
1.016391184180974808e-02 2.208664618432521973e-02 2.145201135426759442e-03
9.291059784591198384e-03 3.165492154657841006e-02 3.074570059776306295e-03
7.577972654253244122e-03 3.445018082857131958e-02 4.178868453949689983e-03
1.156567910686135195e-02 2.433014765381813146e-02 1.109233044087886821e-03
6.147879138588905300e-03 2.970294652506709140e-02 2.679038483649492323e-03
1.455221675336360737e-02 3.903617871925234989e-02 3.609033077955246197e-03
9.976812908425926330e-03 2.107687978073954568e-02 1.194938343018293447e-03
1.087949709035456076e-02 3.018185300752520422e-02 4.030694626271725048e-03
6.404680786654353038e-03 3.570693850517273060e-02 3.695196110755205338e-03
1.289526137523352989e-02 2.551487252116203461e-02 2.530345886945724581e-03
1.399299700744449995e-02 2.838367573916911885e-02 1.723051737993955626e-03
5.618183957412838797e-03 3.787749953567981498e-02 4.559159033000468805e-03
1.229083812795579364e-02 3.371441816911101286e-02 3.222760129719972472e-03
8.254228448495267573e-03 2.250495275482535321e-02 2.059481501579284776e-03
5.869946237653494124e-03 3.228763600811362239e-02 2.932157438248396246e-03
1.498757502064108557e-02 2.147079145535826794e-02 3.846149347722530552e-03
7.923733182251452289e-03 2.699612505733967049e-02 4.432601649314165358e-03
1.137499783188104449e-02 3.672599129378795874e-02 1.345735281705856372e-03
1.058926360681652912e-02 3.967261418700218645e-02 2.399891804903745568e-03
9.023147542029617829e-03 2.908825576305389474e-02 3.314021103084087601e-03
1.326300710439681785e-02 2.492553694173693657e-02 4.899420429021120529e-03
7.280829101800918336e-03 3.379413930699229351e-02 1.814400315284729181e-03
8.422703361138700676e-03 2.798292294144630321e-02 1.290945220738649521e-03
1.243970072828233173e-02 3.825841456651687955e-02 4.485466122627257760e-03
5.430103885009885181e-03 3.272787822410463954e-02 3.790592622011900066e-03
1.386374433524906538e-02 2.355039058253169046e-02 2.985727779567241575e-03
1.307854446582495944e-02 2.005170097574591678e-02 1.759856421500444537e-03
6.528983889147639552e-03 3.118719642981886836e-02 4.955949038267135412e-03
1.071566657163202686e-02 3.534597255289554513e-02 3.260175149887800227e-03
9.833052465692162028e-03 2.593473874032497378e-02 2.455661199986934606e-03
7.449079900979995415e-03 3.927212856709957206e-02 2.582973886281252074e-03
1.341211289167404050e-02 2.946951426565647125e-02 3.636736273765563826e-03
8.835444170981645098e-03 2.393865352496504784e-02 4.082563590258360409e-03
1.045961515977978512e-02 3.483930995687842258e-02 1.137176744639873576e-03
1.155803773552179295e-02 3.126280067488551584e-02 2.116261918097734479e-03
8.048260398209095695e-03 2.247640205547213679e-02 3.171870678663253878e-03
1.482414027675986110e-02 2.663489192724228030e-02 4.616645019501448149e-03
5.725809093564748938e-03 3.714551404118537903e-02 1.671395443379879034e-03
1.099453656934201717e-02 2.289766728878021157e-02 3.007545430213213068e-03
9.399127205833791160e-03 3.332406863570213512e-02 2.218057602643966689e-03
1.273078364320099146e-02 3.764277068898082279e-02 1.507589023560285601e-03
6.719305189326405317e-03 2.861588699743151942e-02 4.717982910573481972e-03
5.005684299394488196e-03 2.527833377942442783e-02 3.535414624959230378e-03
1.413308466784655992e-02 3.594095965847372842e-02 2.746765971183776599e-03
8.621977204456924768e-03 3.057275347411632371e-02 1.035397242754697820e-03
1.208300151862204061e-02 2.068834431469440335e-02 4.246874563395976881e-03
1.438850782811641402e-02 3.418687291443348042e-02 4.869764048606157678e-03
6.003925576806068420e-03 2.453516833484172682e-02 1.908511847257614216e-03
1.174884537234902396e-02 2.885354598984122415e-02 2.369995038956403816e-03
7.702473644167184483e-03 3.990480637177824808e-02 3.408372782170772820e-03
9.102791361510754325e-03 3.648943347856402342e-02 4.337254215031862564e-03
1.003476645797491025e-02 2.723016528412699686e-02 1.376627564430236766e-03
7.093153279274701933e-03 2.186167284846305889e-02 2.837058018893003422e-03
1.361303670331835691e-02 3.189911961555481207e-02 3.876793853938579476e-03
6.021133624017238617e-03 3.837140675634145848e-02 4.150755297392606964e-03
1.452389489859342436e-02 2.786993216723203728e-02 1.065109662711620454e-03
7.762701641768217017e-03 2.374135466292500579e-02 2.650524366647004880e-03
1.184851763769984023e-02 3.253691511228680444e-02 3.565248668193817146e-03
1.013497479259967832e-02 3.106459164991974900e-02 4.681296806782484290e-03
9.164929315447805508e-03 2.017430463805794730e-02 1.595056019723415253e-03
1.374651903286576091e-02 2.573385600000619930e-02 2.181492943316698345e-03
7.109829280525445556e-03 3.554685402661562216e-02 3.094889789819717414e-03
9.493611408397554380e-03 2.966063130646943991e-02 3.975849281996488710e-03
1.105018685571849263e-02 3.908101264387368878e-02 2.812219791114330646e-03
6.858659470453857751e-03 3.495214918628335166e-02 1.475805748254060881e-03
1.275378995575010554e-02 2.382581556215882315e-02 4.312294423580169574e-03
1.415433838032185976e-02 2.227567212656140355e-02 3.442136030644178321e-03
5.144354691728949582e-03 3.146352918818592914e-02 2.277636729180812936e-03
1.213934120722114963e-02 3.702275644987821496e-02 1.942153353244066225e-03
8.718218328431247277e-03 2.675764854997396414e-02 4.777528196573257308e-03
1.331281054764986080e-02 3.313417237251996966e-02 2.425826769322157045e-03
7.388458289206027707e-03 2.308756258338690026e-02 3.356416426599025723e-03
1.032522683963179450e-02 2.850426839664578493e-02 4.926237005740404656e-03
8.817251827567814532e-03 3.775438787415623387e-02 1.855976015329361111e-03
8.031977415084838937e-03 3.614046880975366194e-02 2.898382794111966851e-03
1.142418608069419722e-02 2.507882589474320564e-02 3.827156715095043470e-03
5.664656031876802098e-03 2.080988127738237284e-02 4.397999752312899135e-03
1.472293259575963020e-02 3.045121762901544654e-02 1.327631890773773226e-03
1.241754102520644526e-02 2.442339692264795456e-02 1.696355801075696964e-03
8.282516626641154081e-03 3.429864306002855523e-02 4.517467461526394196e-03
1.380831063725054125e-02 3.971506292000413080e-02 3.196708340197801715e-03
5.335379103198647881e-03 2.904328832402825605e-02 2.017205864191055301e-03
6.433574622496962894e-03 2.735154928639531302e-02 1.229412924498319735e-03
1.302135876379906937e-02 3.636805044487118749e-02 4.048922471702099193e-03
9.694623248651623032e-03 3.209878172725438850e-02 3.729094255715608482e-03
1.069419567473232566e-02 2.166201215237379199e-02 2.549210250377654911e-03
1.485257627442479120e-02 3.531029613688588253e-02 2.088361967355012883e-03
5.852364171296357831e-03 2.596789615228772136e-02 3.127472102642059413e-03
1.127508506178855757e-02 2.056518610566854602e-02 4.587917696684599284e-03
7.863721847534178855e-03 3.067607533186673952e-02 1.627886228263378081e-03
8.961384203284978450e-03 3.292964879423379565e-02 2.618659157305956199e-03
1.048866635188460197e-02 2.335098613053560382e-02 3.657662540674209723e-03
7.263935841619968171e-03 2.763522231951355893e-02 4.119130592793226325e-03
1.312976587563752934e-02 3.860359886661171580e-02 1.157283268868923272e-03
1.082345311529934323e-02 2.652110973373055652e-02 1.788456428796052818e-03
9.882698552682995380e-03 3.725677752867341541e-02 4.999582707881927365e-03
1.287249139510095175e-02 3.185442972928285987e-02 3.288198601454496439e-03
6.265104478225111927e-03 2.188713673502206900e-02 2.499931506812572320e-03
5.479144314303994318e-03 2.421853017061948929e-02 1.254498858004808419e-03
1.397213638760149215e-02 3.456179972738027822e-02 4.465243726968765384e-03
8.158208755776285431e-03 3.884628372266888535e-02 3.754790525883436227e-03
1.223426270298659697e-02 2.989284249022602924e-02 2.964921198785305193e-03
6.985333058983087332e-03 3.005909668281674454e-02 4.363464254885911914e-03
1.356334799900650936e-02 2.119963707402348560e-02 1.418809801340103257e-03
9.308878108859061987e-03 2.531414370983839021e-02 2.863599520176649243e-03
1.029868848621845120e-02 3.590766873210668453e-02 3.918582640588284122e-03
1.169977186247706316e-02 3.799033779650926729e-02 4.835776317864656434e-03
7.594038378447293472e-03 2.827083621174097255e-02 1.889794290065765440e-03
1.465303551405668092e-02 2.269606838002800886e-02 2.335606228560209441e-03
6.209406815469264811e-03 3.352330142632126836e-02 3.389994315803051151e-03
8.593497993424533896e-03 2.126991027966141853e-02 3.508992809802293639e-03
1.195641336031258092e-02 3.248851845040917619e-02 2.704860359430313107e-03
5.288680186495185211e-03 3.660338733345269713e-02 1.009071331471204707e-03
1.431765629909932322e-02 2.711873013526201401e-02 4.204812966287135856e-03
1.260480099357664391e-02 2.927921917289495746e-02 3.041805971413850691e-03
6.690220320597291097e-03 3.948164980858564349e-02 2.236559569835662974e-03
1.117972324602305861e-02 3.390712978318333876e-02 1.541701208800077411e-03
9.681507898494600556e-03 2.481254504993558180e-02 4.736573152244091464e-03
1.021837738342582999e-02 3.264654895290732689e-02 2.975529871881008124e-03
9.237822117283939205e-03 2.363141452893614824e-02 3.810557585209608210e-03
1.347817762754857304e-02 2.790189869701862474e-02 4.475150495767593432e-03
6.909370711073278999e-03 3.833974413573741635e-02 1.311028856784105358e-03
6.124212527647614375e-03 3.557836398482322471e-02 2.442424945533275705e-03
1.457709693349897723e-02 2.570204198360443240e-02 3.279268395155668283e-03
7.513751043006777763e-03 2.028439743444323748e-02 4.942839086055755490e-03
1.162869195453822627e-02 3.095480529591441293e-02 1.778824318200349780e-03
1.424719179049134185e-02 2.385762957856059005e-02 1.152266941964626406e-03
5.207777414470910957e-03 3.492063922807574217e-02 4.065522652119398644e-03
1.188108004629611844e-02 3.919079899787902832e-02 3.651944309473037758e-03
8.507698401808738362e-03 2.955053851008415319e-02 2.565814156085252824e-03
9.606160353869200308e-03 2.686758868396282168e-02 1.679754666984081346e-03
1.109393803402781292e-02 3.691312260925769945e-02 4.594612490385770708e-03
6.619770191609859571e-03 3.149519180878997127e-02 3.180103480815887635e-03
1.252388399094343102e-02 2.224370559677481610e-02 2.094354856759309859e-03
7.948897080495953560e-03 3.772257393226027822e-02 4.695942811667919332e-03
1.135104273445904088e-02 2.853577842935919873e-02 1.515955816954374195e-03
5.932670598849654024e-03 2.297777615487575642e-02 2.196142852306365995e-03
1.492363712750375063e-02 3.324426509439945554e-02 3.015785921365022899e-03
1.321005792357027309e-02 3.034127742052078469e-02 4.229856453835964189e-03
7.335010925307869703e-03 2.091951504349708751e-02 1.050464611500501579e-03
1.057385581545531791e-02 2.504716334864497129e-02 2.729629188776016430e-03
9.037327496334910185e-03 3.617243541404605023e-02 3.550599712878465663e-03
6.340432930737733425e-03 2.893365455791354485e-02 3.427488975226879089e-03
1.295829566195607144e-02 3.982500312849879265e-02 2.356735836714506267e-03
9.953167736530304371e-03 3.426667645573616000e-02 1.927502572536468530e-03
1.090435102581977650e-02 2.445505946874618544e-02 4.856631267815828684e-03
1.230470811948180046e-02 2.163050211966037820e-02 3.896751128137111546e-03
8.239130582660436283e-03 3.213059566915035109e-02 2.826867800205946045e-03
1.404748875647783210e-02 3.625795772299170161e-02 1.396703630685806321e-03
5.564924813807010234e-03 2.746133571490645339e-02 4.326946157962084302e-03
8.888383833691476665e-03 3.072253890335559928e-02 4.787923246622085086e-03
1.040546196512877851e-02 2.051902882754802829e-02 1.998195070773363217e-03
7.464497247710823701e-03 2.609233221039176237e-02 2.287757121026515704e-03
1.339790434576570988e-02 3.518555616959929966e-02 3.498391371220350467e-03
1.479894778691231982e-02 3.872818632051348853e-02 4.255062520503997969e-03
5.749773746356367891e-03 2.751093892380595402e-02 1.466661918908357572e-03
1.149534200318157520e-02 2.339729592204093864e-02 2.755201511085033327e-03
8.112188773229717445e-03 3.288303256034851019e-02 3.966430794447660391e-03
5.416205264627933606e-03 2.201142013072967391e-02 3.089659839868545612e-03
1.387885171920060987e-02 3.172984227538108715e-02 2.128159660845995241e-03
8.368240203708410263e-03 3.730339376255870087e-02 1.589551411569118441e-03
1.249295031651854321e-02 2.647479994222521824e-02 4.628177147358655472e-03
1.077990487217903026e-02 2.993899976834654697e-02 3.617391765117645205e-03
9.770046770572662215e-03 3.879982015118002558e-02 2.657005537301302019e-03
1.310219915583729633e-02 3.468653969466686110e-02 1.117466382682323449e-03
6.504101324826479062e-03 2.409409411251545174e-02 4.156961809843778659e-03
1.177248339168727315e-02 3.578338526189327184e-02 2.508305251598358203e-03
7.677603019401430841e-03 2.543873108923435170e-02 3.703562486916780420e-03
1.445275806821882600e-02 2.115302091464400444e-02 4.008780412375926791e-03
5.940903211012482643e-03 3.010540654882788714e-02 1.203179251402616574e-03
7.038678219541906825e-03 3.347714422270655493e-02 2.042462974786758353e-03
1.366630299948155824e-02 2.274253202602267293e-02 3.237826962023973576e-03
9.088909449055789999e-03 2.814609616994857844e-02 4.542022667825221932e-03
1.004986193962395177e-02 3.811477378010749706e-02 1.738237362354993782e-03
1.266806166619062306e-02 2.707226648926734994e-02 1.364851891994476370e-03
6.783255003392696034e-03 3.664954453706741055e-02 4.419342983514070247e-03
1.096936551854014313e-02 3.236408246681093948e-02 3.865139655768871571e-03
9.423065613955259462e-03 2.139465032145380918e-02 2.919024121016263948e-03
8.637373074889181934e-03 2.468795767053961684e-02 1.834358125925064122e-03
1.206881918013095675e-02 3.403141325339675144e-02 4.889230627566576448e-03
5.058650169521569998e-03 3.943533994257450437e-02 3.334096632897853851e-03
1.407890999689698219e-02 2.932583533227443862e-02 2.389583330601454010e-03
6.804499104619025560e-03 2.032913241535425075e-02 1.645901821553707187e-03
1.280672244727611500e-02 3.091243404895067243e-02 4.575762908905744650e-03
9.479414764791726719e-03 3.507393771782517378e-02 3.145614117383956857e-03
1.106561610475182561e-02 2.620394954457879247e-02 2.076081711798906295e-03
1.216331299394369028e-02 2.771044792607426505e-02 1.178333513438701652e-03
8.693032972514629433e-03 3.852867828682064733e-02 4.107843589037657103e-03
1.421825481578707639e-02 3.300456967204809522e-02 3.678594946861267218e-03
5.081647019833326721e-03 2.327576022595167354e-02 2.607490945607423595e-03
7.777820965275168349e-03 3.161807101219892696e-02 2.477042578160762801e-03
1.183463095687329637e-02 2.212319042533636079e-02 3.297418039292097230e-03
6.074376078322530140e-03 2.628505634143948541e-02 4.976567476987838433e-03
1.446942460723221052e-02 3.749313594773411723e-02 1.797801215201616423e-03
1.368350143544375813e-02 3.892120430245996077e-02 2.948759548366070016e-03
7.174055678769945994e-03 2.981761688366532312e-02 3.768997620791196719e-03
1.011009939946234254e-02 2.429375607520341956e-02 4.449199795722961516e-03
9.188591176643966241e-03 3.448687884956598559e-02 1.268587280064821217e-03
1.378345191478728970e-02 2.555172313004732201e-02 3.932812683284282393e-03
5.359029024839400898e-03 3.567039433866739384e-02 2.847414921969175419e-03
1.235451148822903564e-02 3.029637077823281455e-02 1.432921051979064910e-03
8.346759695559740483e-03 2.096205795183777795e-02 4.347397495061159842e-03
9.747877605259417516e-03 2.261992709711194149e-02 3.399206064641475868e-03
1.063970867544412544e-02 3.359974773600697684e-02 2.312724988907575562e-03
6.448677238076925243e-03 3.791389118880033465e-02 1.899131506681442328e-03
1.300748398527502847e-02 2.834697779268026407e-02 4.812768656760454435e-03
1.038916951976716352e-02 3.684066172689199475e-02 4.193518392741679701e-03
8.754522716626524440e-03 2.688115071505308221e-02 1.030129145830869803e-03
1.333676089532673248e-02 2.150748940184712271e-02 2.693684458732604863e-03
7.363299177959560515e-03 3.225124435499310271e-02 3.529932904988527208e-03
5.650480864569544688e-03 3.383068347349763028e-02 4.724441193044185902e-03
1.473833563737570948e-02 2.488868633285164916e-02 1.559693973511457445e-03
7.977790841832756510e-03 2.920307759195566247e-02 2.224302262067794599e-03
1.147714004851877606e-02 3.955809641629457613e-02 3.059925038367509922e-03
1.281924655660986873e-02 2.350865835323929717e-02 3.583264797925949340e-03
6.319562848657369128e-03 3.276930639520287541e-02 2.638369996100664409e-03
1.080834094434976467e-02 3.813901517540216335e-02 1.083251141011715027e-03
9.896601922810076279e-03 2.810262877494097006e-02 4.138474624603986213e-03
8.183096069842576981e-03 2.581488039344549332e-02 3.115940451622009524e-03
1.221060322597622774e-02 3.546552460640668702e-02 2.170206476002931560e-03
5.542145222425460920e-03 3.114592077210545651e-02 1.615988008677959453e-03
1.390790283679961895e-02 2.009328054264187743e-02 4.670128058642149249e-03
1.128928885795175974e-02 3.471975790336728068e-02 4.289405077695846759e-03
7.848309287801384648e-03 2.405851187184453177e-02 1.485024649649858584e-03
1.490673425607383015e-02 2.942793469876051060e-02 2.789204977452755009e-03
5.799419758841395205e-03 3.931340422481298391e-02 3.985194604843854752e-03
7.200002716854214495e-03 3.710408587008715009e-02 4.761366009712219259e-03
1.319246639497578116e-02 2.667662415653467359e-02 1.956360030919313420e-03
8.937424337491391840e-03 2.235669622197747342e-02 2.261593334376811940e-03
1.051385409198701305e-02 3.138220006600022510e-02 3.456224869936704632e-03
5.264736991375684565e-03 2.873543897643685355e-02 1.870205521583557162e-03
1.434283209964632919e-02 3.752291226759553455e-02 4.910051990300416669e-03
8.529552929103373371e-03 3.336564827710390008e-02 3.370528213679790681e-03
1.201913055032491698e-02 2.285639170557260402e-02 2.409760426729917401e-03
1.123389312997460227e-02 2.072977256029844353e-02 1.336843222379684431e-03
9.628546778112648946e-03 3.053102131932974167e-02 4.375117976218461519e-03
1.261898808181285622e-02 3.606066541746258403e-02 3.836494348943233438e-03
6.674819663166999852e-03 2.515893431380391079e-02 2.875375669449568156e-03
9.371905261650680108e-03 3.994653852656483706e-02 2.005911707878112876e-03
1.023443349637091077e-02 2.881211774423718397e-02 3.217766690999269465e-03
7.010198934003709914e-03 2.465456780046224733e-02 4.506291143596172222e-03
1.353971476666629079e-02 3.406716715544462482e-02 1.717295359820127446e-03
1.463794481940567521e-02 3.201897803694010031e-02 2.537078827619552654e-03
6.223283978179097210e-03 2.174212086945772129e-02 3.747087437659502029e-03
1.164650081656873164e-02 2.727144086733460440e-02 4.036664627492428381e-03
7.648518225178122659e-03 3.644785383716225846e-02 1.247531574219465237e-03
1.193401732482016024e-02 3.817297952249645854e-02 1.633975282311439601e-03
8.453533286228775978e-03 2.271683569997549196e-02 3.893173854798078447e-03
1.426261628977954291e-02 3.373599534854292842e-02 2.959049262106418655e-03
5.193585557863116507e-03 2.793262816965580084e-02 4.700920004397630622e-03
6.594589622691273204e-03 3.206209722906351589e-02 3.452453117817640485e-03
1.254785102792084148e-02 2.626912394538521989e-02 1.207897737622261108e-03
9.543447932228445521e-03 3.727850034832954490e-02 4.141044814139604666e-03
1.115785925649106364e-02 2.183152971789240754e-02 2.386485911905765565e-03
1.346428615972399684e-02 3.436234865337610411e-02 4.391338694840669216e-03
6.924494784325361391e-03 2.980871865525841838e-02 2.135833449661731637e-03
1.016391184180974808e-02 3.879690095782280246e-02 3.202738832682371084e-03
9.291059784591198384e-03 2.459047524258494571e-02 1.457238182425498992e-03
7.577972654253244122e-03 3.540486322715878653e-02 2.709732420742511864e-03
1.156567910686135195e-02 2.120761062949895817e-02 4.950595427304506357e-03
6.147879138588905300e-03 3.018600916489958680e-02 1.884665653109550594e-03
1.455221675336360737e-02 2.564277298748493181e-02 3.642857324331998971e-03
9.976812908425926330e-03 3.064941937103867614e-02 2.087193537503481168e-03
1.087949709035456076e-02 2.515982944518327727e-02 4.315329439938068307e-03
6.404680786654353038e-03 3.618137402459978974e-02 1.256258260458707884e-03
1.289526137523352989e-02 2.041156589984893799e-02 3.029069587588310158e-03
1.399299700744449995e-02 3.958256822079420090e-02 4.780480571091175364e-03
5.618183957412838797e-03 2.382433654740452947e-02 2.504496444016695092e-03
1.229083812795579364e-02 3.483613602817058758e-02 3.562590107321739197e-03
8.254228448495267573e-03 2.935446044430136542e-02 1.839582037180662174e-03
5.869946237653494124e-03 3.680533301085234243e-02 3.813242033123970254e-03
1.498757502064108557e-02 2.228516789153218297e-02 1.589288692921400062e-03
7.923733182251452289e-03 3.127581022679806061e-02 4.531140662729740351e-03
1.137499783188104449e-02 2.703588237985968604e-02 2.754210192710161188e-03
1.058926360681652912e-02 3.296008551493287420e-02 1.006582420319318853e-03
9.023147542029617829e-03 2.872807193547487203e-02 3.278386846184730679e-03
1.326300710439681785e-02 3.770896865054965130e-02 2.337510485202073940e-03
7.280829101800918336e-03 2.320037990808487133e-02 4.064638651907443584e-03
8.422703361138700676e-03 3.316758517175912718e-02 3.171764865517616439e-03
1.243970072828233173e-02 2.771979073062539115e-02 1.426085870712995524e-03
5.430103885009885181e-03 3.873189821839332497e-02 4.485118664801121015e-03
1.386374433524906538e-02 2.293916938826441945e-02 2.229911942034959807e-03
1.307854446582495944e-02 3.706654505804181376e-02 1.978134851902723160e-03
6.528983889147639552e-03 2.126223739236593469e-02 3.736514404416084196e-03
1.071566657163202686e-02 3.228409236297011264e-02 2.678459126502275457e-03
9.833052465692162028e-03 2.682838119566440666e-02 4.919010259211063774e-03
7.449079900979995415e-03 3.935553597286343963e-02 2.928134549409151192e-03
1.341211289167404050e-02 2.481308784335851600e-02 4.669693417847156983e-03
8.835444170981645098e-03 3.379367386922240563e-02 1.727818321436643684e-03
1.045961515977978512e-02 2.959614105522632641e-02 3.987204775214195189e-03
1.155803773552179295e-02 3.040773961693048547e-02 4.234466202557086653e-03
8.048260398209095695e-03 2.620229015126824407e-02 2.480205822736025224e-03
1.482414027675986110e-02 3.519262418150902183e-02 3.421105310320854322e-03
5.725809093564748938e-03 2.063859729096293588e-02 1.176371585577726340e-03
1.099453656934201717e-02 3.564658086746931576e-02 4.624613571912050344e-03
9.399127205833791160e-03 2.016511144116520798e-02 2.847863323986530269e-03
1.273078364320099146e-02 3.117479734122752949e-02 3.781964790076017269e-03
6.719305189326405317e-03 2.541570385918021091e-02 1.557707235217094472e-03
5.005684299394488196e-03 3.458941930904984446e-02 2.306540437042712936e-03
1.413308466784655992e-02 2.881992954760789760e-02 4.033482659608125624e-03
8.621977204456924768e-03 3.983940107747912379e-02 1.100358709692955076e-03
1.208300151862204061e-02 2.434875607490539703e-02 3.372469257563352491e-03
1.438850782811641402e-02 3.180084729567170254e-02 1.349675968289375380e-03
6.003925576806068420e-03 2.729209292680025156e-02 3.122793417423963460e-03
1.174884537234902396e-02 3.627017987892031808e-02 2.055849649012089081e-03
7.702473644167184483e-03 2.203906863927841339e-02 4.283799607306718396e-03
9.102791361510754325e-03 3.796544145792722647e-02 3.531671445816755156e-03
1.003476645797491025e-02 2.372515471652150015e-02 1.808359161019325312e-03
7.093153279274701933e-03 3.271302781999110842e-02 4.874327320605516441e-03
1.361303670331835691e-02 2.819387724623084041e-02 2.598523415625095256e-03
6.021133624017238617e-03 3.242673639208078218e-02 4.973921757191419879e-03
1.452389489859342436e-02 2.666635612025856916e-02 2.748929098248482049e-03
7.762701641768217017e-03 3.689477220177650452e-02 3.682046610862016803e-03
1.184851763769984023e-02 2.141462920233607251e-02 1.907984115183353462e-03
1.013497479259967832e-02 3.859123544767498887e-02 2.159380689263344123e-03
9.164929315447805508e-03 2.309951361268758677e-02 4.430268447846174434e-03
1.374651903286576091e-02 3.333767717704176625e-02 1.496175326406955696e-03
7.109829280525445556e-03 2.756938017904758675e-02 3.226293940097093790e-03
9.493611408397554380e-03 3.502086328342557398e-02 1.246827967464923977e-03
1.105018685571849263e-02 2.079098191112279878e-02 3.475999880582094238e-03
6.858659470453857751e-03 3.055037653073668785e-02 2.410040542483329537e-03
1.275378995575010554e-02 2.604027695953846019e-02 4.179982434958219237e-03
1.415433838032185976e-02 3.396375868469476977e-02 3.932371009141207366e-03
5.144354691728949582e-03 2.944574246183037647e-02 1.657301135361194605e-03
1.213934120722114963e-02 3.921488508582115368e-02 4.724237989634275624e-03
8.718218328431247277e-03 2.497342495247721617e-02 2.998239025473594787e-03
1.331281054764986080e-02 3.998132985085248864e-02 3.301949210464954262e-03
7.388458289206027707e-03 2.418744625523686423e-02 1.045527804642915753e-03
1.032522683963179450e-02 3.441832356154918976e-02 4.103591904044151355e-03
8.817251827567814532e-03 2.897164424881339129e-02 2.361080240458250309e-03
8.031977415084838937e-03 3.103362912312149918e-02 1.612598944455385236e-03
1.142418608069419722e-02 2.557655353099107937e-02 3.852424032986164273e-03
5.664656031876802098e-03 3.581721646711230611e-02 2.793384324759244988e-03
1.472293259575963020e-02 2.001415729522705231e-02 4.554443523287773389e-03
1.241754102520644526e-02 3.254192495718598310e-02 2.543677967041730811e-03
8.282516626641154081e-03 2.834560383111238424e-02 4.803791299462318622e-03
1.380831063725054125e-02 3.810738218948245271e-02 1.862885374575853296e-03
5.335379103198647881e-03 2.356383770704269590e-02 3.601763762533664696e-03
6.433574622496962894e-03 3.644082736223935859e-02 4.354274347424507557e-03
1.302135876379906937e-02 2.188810737803578363e-02 2.110756378620863051e-03
9.694623248651623032e-03 3.165967188775539731e-02 3.052639819681644395e-03
1.069419567473232566e-02 2.745295455679297447e-02 1.295211035758256921e-03
1.485257627442479120e-02 3.742961542680859482e-02 2.441010694950819081e-03
5.852364171296357831e-03 2.166103836148977266e-02 4.211138561367988239e-03
1.127508506178855757e-02 3.190138941630721314e-02 1.153051812201738363e-03
7.863721847534178855e-03 2.641045548021793421e-02 3.381917573511600533e-03
8.961384203284978450e-03 3.358442489057779368e-02 4.630764976143836656e-03
1.048866635188460197e-02 2.810388484969734979e-02 2.904585760086775097e-03
7.263935841619968171e-03 3.833445265889168230e-02 3.963648118078708441e-03
1.312976587563752934e-02 2.257504878565669282e-02 1.688882488757371871e-03
1.082345311529934323e-02 3.002530846744775814e-02 3.712965138256549801e-03
9.882698552682995380e-03 2.578409263864159598e-02 1.939206887036562001e-03
1.287249139510095175e-02 3.555596634745597506e-02 4.880074903368949828e-03
6.265104478225111927e-03 2.103712646290659821e-02 2.654901992529630841e-03
5.479144314303994318e-03 3.895836221054196913e-02 1.402757752686739027e-03
1.397213638760149215e-02 2.444869544357061372e-02 3.132570214569568596e-03
8.158208755776285431e-03 3.421078538522124429e-02 2.190724682062864317e-03
1.223426270298659697e-02 2.997996337711811288e-02 4.461798414587974521e-03
6.985333058983087332e-03 3.498668843880295420e-02 1.769416280090808837e-03
1.356334799900650936e-02 2.918453175574541036e-02 3.508106816560030081e-03
9.308878108859061987e-03 3.942238492891192436e-02 2.574951395392418262e-03
1.029868848621845120e-02 2.396514356136322105e-02 4.835376571863890180e-03
1.169977186247706316e-02 3.602914553135633247e-02 3.083613682538270933e-03
7.594038378447293472e-03 2.058348061516880947e-02 1.326363213360309563e-03
1.465303551405668092e-02 3.081158868968486911e-02 4.260494243353604715e-03
6.209406815469264811e-03 2.501734634861350198e-02 2.016677781939506774e-03
8.593497993424533896e-03 3.754877340048551337e-02 4.010170381516218324e-03
1.195641336031258092e-02 2.334119411185383783e-02 2.267360225319862109e-03
5.288680186495185211e-03 3.311064504086971144e-02 3.333296913653612317e-03
1.431765629909932322e-02 2.855813136324286683e-02 1.077053822576999696e-03
1.260480099357664391e-02 3.143798673525452503e-02 2.824299171566963494e-03
6.690220320597291097e-03 2.689338732510805283e-02 4.585670214146376003e-03
1.117972324602305861e-02 3.665309263393282807e-02 1.518756009638309477e-03
9.681507898494600556e-03 2.245708972215652507e-02 3.758393246680498141e-03
1.021837738342582999e-02 3.382987298071384735e-02 2.797243669629097002e-03
9.237822117283939205e-03 2.963806694373488648e-02 4.542771797627210076e-03
1.347817762754857304e-02 3.924152191728353528e-02 1.608648158609867276e-03
6.909370711073278999e-03 2.469272689893841841e-02 3.864187438040971815e-03
6.124212527647614375e-03 3.531176446005702269e-02 4.115355174988508287e-03
1.457709693349897723e-02 2.075383201241493350e-02 2.357129350304603375e-03
7.513751043006777763e-03 3.036703446879982990e-02 3.290277380496263709e-03
1.162869195453822627e-02 2.616487029939890130e-02 1.049387015402317158e-03
1.424719179049134185e-02 3.861756471917033445e-02 3.040936995297670396e-03
5.207777414470910957e-03 2.281912788748741150e-02 1.299101240932941555e-03
1.188108004629611844e-02 3.320348391309380781e-02 4.366007577627896777e-03
8.507698401808738362e-03 2.776201698929071579e-02 2.106835529208183396e-03
9.606160353869200308e-03 3.224308677017688474e-02 1.858964629471302182e-03
1.109393803402781292e-02 2.679126178845763276e-02 3.613497126847505826e-03
6.619770191609859571e-03 3.718536581844091027e-02 2.547568306326866271e-03
1.252388399094343102e-02 2.137779163196682972e-02 4.792088579386472730e-03
7.948897080495953560e-03 3.638931989669799694e-02 1.468846190720796575e-03
1.135104273445904088e-02 2.215430362150072954e-02 3.245810694992542263e-03
5.932670598849654024e-03 3.176014203578234052e-02 2.186740469187498266e-03
1.492363712750375063e-02 2.725467318668961525e-02 4.410721287131309440e-03
1.321005792357027309e-02 3.274922689422965494e-02 3.662499316036701199e-03
7.335010925307869703e-03 2.823580317199230263e-02 1.935343790799379498e-03
1.057385581545531791e-02 3.785142721608281136e-02 4.993438407778739811e-03
9.037327496334910185e-03 2.360479395836591679e-02 2.721599828451872101e-03
6.340432930737733425e-03 3.113379171118140290e-02 4.743724599480629578e-03
1.295829566195607144e-02 2.537858448922634264e-02 2.970939796417951684e-03
9.953167736530304371e-03 3.576540144160389456e-02 3.912792719900607882e-03
1.090435102581977650e-02 2.028066586703062071e-02 1.684691805392503870e-03
1.230470811948180046e-02 3.972506731748581127e-02 2.437431316822767126e-03
8.239130582660436283e-03 2.422871483489871108e-02 4.160404279828071664e-03
1.404748875647783210e-02 3.462531793862581170e-02 1.219528872519731483e-03
5.564924813807010234e-03 2.886215591803193217e-02 3.495486594736576299e-03
8.888383833691476665e-03 3.883393464609980611e-02 4.272168472409248671e-03
1.040546196512877851e-02 2.463156655430793693e-02 2.012816172093152833e-03
7.464497247710823701e-03 3.424688020721078363e-02 3.071848012506961899e-03
1.339790434576570988e-02 2.968981210142374039e-02 1.330316502600908382e-03
1.479894778691231982e-02 3.030613638460636153e-02 2.578904550522565821e-03
5.749773746356367891e-03 2.575702076777815902e-02 4.823610797524451738e-03
1.149534200318157520e-02 3.536255117505789081e-02 1.765554565936327007e-03
8.112188773229717445e-03 2.117179768159985556e-02 3.519780911505222560e-03
5.416205264627933606e-03 3.362082727253436903e-02 1.514864254742860801e-03
1.387885171920060987e-02 2.781342124566435828e-02 3.770097382366657465e-03
8.368240203708410263e-03 3.821033265441656224e-02 2.828221332281828041e-03
1.249295031651854321e-02 2.275760756805539353e-02 4.573935434222221874e-03
1.077990487217903026e-02 3.723650781437754659e-02 3.321562238037586295e-03
9.770046770572662215e-03 2.179539725184440752e-02 1.080976117402315069e-03
1.310219915583729633e-02 3.218252489343285949e-02 4.021874651312828258e-03
6.504101324826479062e-03 2.638307128101587476e-02 2.263468574732542191e-03
1.177248339168727315e-02 3.139593740925192972e-02 3.944132912904024443e-03
7.677603019401430841e-03 2.715013019740581540e-02 1.716210313141345884e-03
1.445275806821882600e-02 3.676302077248692901e-02 4.650310825556516758e-03
5.940903211012482643e-03 2.224935512989759459e-02 2.877227529883384996e-03
7.038678219541906825e-03 3.774600207805633989e-02 1.125693447887897436e-03
1.366630299948155824e-02 2.324147148057818454e-02 3.401463318616152094e-03
9.088909449055789999e-03 3.284461695700884032e-02 2.468338415026664553e-03
1.004986193962395177e-02 2.860916549339890397e-02 4.191623222082853199e-03
1.266806166619062306e-02 3.613938122987747636e-02 2.218021407723426777e-03
6.783255003392696034e-03 2.037543369457125650e-02 4.442314069718122926e-03
1.096936551854014313e-02 3.076984692364931329e-02 1.375369347631931255e-03
9.423065613955259462e-03 2.527377689257264207e-02 3.152146000415087003e-03
8.637373074889181934e-03 3.472096791490912604e-02 4.899650793522596776e-03
1.206881918013095675e-02 2.923525355756282848e-02 2.627513721585273895e-03
5.058650169521569998e-03 3.961992116644978690e-02 3.693480927497148382e-03
1.407890999689698219e-02 2.386510860174894527e-02 1.966503717005253001e-03
6.804499104619025560e-03 3.551496086642146055e-02 3.589949768036604198e-03
1.280672244727611500e-02 2.100000694394111786e-02 1.820034757256507821e-03
9.479414764791726719e-03 3.014412919059395596e-02 4.753151316195726450e-03
1.106561610475182561e-02 2.589964691549539663e-02 2.524013079702853990e-03
1.216331299394369028e-02 3.409645177423954038e-02 1.275775030255317608e-03
8.693032972514629433e-03 2.985992198809981485e-02 3.001740437000989786e-03
1.421825481578707639e-02 3.899426098912954497e-02 2.067646361887455139e-03
5.081647019833326721e-03 2.449092166498303275e-02 4.342689234763384351e-03
7.777820965275168349e-03 3.202052958309650754e-02 2.317932315170764899e-03
1.183463095687329637e-02 2.652569031342864175e-02 4.092029441148042207e-03
6.074376078322530140e-03 3.738891031593084835e-02 1.026069149374961948e-03
1.446942460723221052e-02 2.162361847236752427e-02 3.251087736338377152e-03
1.368350143544375813e-02 3.837065188214183048e-02 4.503841448575258283e-03
7.174055678769945994e-03 2.261697456240653950e-02 2.773696787655353675e-03
1.011009939946234254e-02 3.347041079774498717e-02 3.840632688254117834e-03
9.188591176643966241e-03 2.798352394253015435e-02 1.569710418581962696e-03
1.378345191478728970e-02 3.299631139263510538e-02 4.137093909084796697e-03
5.359029024839400898e-03 2.843809001147747095e-02 2.398249197751283965e-03
1.235451148822903564e-02 3.758467199280858539e-02 3.456312343478202924e-03
8.346759695559740483e-03 2.338342051953077455e-02 1.196225892752409087e-03
9.747877605259417516e-03 3.661208689212799156e-02 2.947377551347017243e-03
1.063970867544412544e-02 2.241997046396136326e-02 4.704779334366322036e-03
6.448677238076925243e-03 3.155680734664201986e-02 1.645738672465086108e-03
1.300748398527502847e-02 2.700894171372055994e-02 3.889223083853721522e-03
1.038916951976716352e-02 3.945858389139175748e-02 1.896399002522230256e-03
8.754522716626524440e-03 2.400706959888338973e-02 3.638936594128608891e-03
1.333676089532673248e-02 3.487267423421144819e-02 2.698029715567827440e-03
7.363299177959560515e-03 2.906417096033692485e-02 4.954485751688480349e-03
5.650480864569544688e-03 3.093072881922125789e-02 3.206629052758216969e-03
1.473833563737570948e-02 2.513258121907711168e-02 1.445535343140363742e-03
7.977790841832756510e-03 3.598844023421406829e-02 4.387417830526828960e-03
1.147714004851877606e-02 2.054606091231107878e-02 2.147566694766282758e-03
1.281924655660986873e-02 3.050838388502597615e-02 1.119904439896345170e-03
6.319562848657369128e-03 2.600414460524916663e-02 3.345110908150672815e-03
1.080834094434976467e-02 3.514129098504781973e-02 2.287025112658738930e-03
9.896601922810076279e-03 2.090492920950055150e-02 4.060810364782810496e-03
8.183096069842576981e-03 3.909971712157130075e-02 3.809292629361152750e-03
1.221060322597622774e-02 2.485421791672706715e-02 1.538192015141248790e-03
5.542145222425460920e-03 3.400111177936196438e-02 4.597255326807499209e-03
1.390790283679961895e-02 2.948651436716318019e-02 2.867409188300371406e-03
1.128928885795175974e-02 3.701489953324198917e-02 4.846939034759998460e-03
7.848309287801384648e-03 2.152887687087058979e-02 2.618099320679903239e-03
1.490673425607383015e-02 3.238442430272698430e-02 3.558968290686607625e-03
5.799419758841395205e-03 2.663054320961236870e-02 1.788874935358762859e-03
7.200002716854214495e-03 3.337471075356006345e-02 2.036365319043397654e-03
1.319246639497578116e-02 2.761047160252928789e-02 4.311096318066120689e-03
8.937424337491391840e-03 3.847576703876257054e-02 1.369251739233732319e-03
1.051385409198701305e-02 2.298060702160000662e-02 3.095405027270316939e-03
5.264736991375684565e-03 3.799221396446228471e-02 2.666693337261676847e-03
1.434283209964632919e-02 2.344463093206286541e-02 4.922963429242372367e-03
8.529552929103373371e-03 3.257927794009447126e-02 1.989808961749077107e-03
1.201913055032491698e-02 2.838637584820389789e-02 3.732652675360441114e-03
1.123389312997460227e-02 3.161767920479178345e-02 4.481257069855928976e-03
9.628546778112648946e-03 2.741682223975658306e-02 2.241586156189441861e-03
1.261898808181285622e-02 3.656125487759709358e-02 3.175718139857054007e-03
6.674819663166999852e-03 2.200205486267805058e-02 1.414320215582847741e-03
9.371905261650680108e-03 3.445535710081458480e-02 3.425027590245008444e-03
1.023443349637091077e-02 2.901273570954799458e-02 1.164636924862861569e-03
7.010198934003709914e-03 3.986586125567555261e-02 4.230574566870927769e-03
1.353971476666629079e-02 2.406853985041380178e-02 2.491910077631473690e-03
1.463794481940567521e-02 3.593734353780746182e-02 1.739522472023964043e-03
6.223283978179097210e-03 2.012840522453188813e-02 3.983313005417585262e-03
1.164650081656873164e-02 3.099131692200899138e-02 2.916399754583835595e-03
7.648518225178122659e-03 2.554074073210358536e-02 4.673615593463182130e-03
5.273022195324301477e-03 2.616755796596408057e-02 1.633975282311439601e-03
1.086697258986532577e-02 3.511063573881983979e-02 3.893173854798078447e-03
1.465522903949022238e-02 3.079745963215827984e-02 2.959049262106418655e-03
9.057626593858003616e-03 2.044380277395248593e-02 4.700920004397630622e-03
8.343504332005976382e-03 2.316124238073825892e-02 3.452453117817640485e-03
1.270926529541611602e-02 3.311939142644405865e-02 1.207897737622261108e-03
1.141696459613740326e-02 3.849182775244117116e-02 4.141044814139604666e-03
7.052415320649742247e-03 2.774699216708540958e-02 2.386485911905765565e-03
6.556380223482847353e-03 3.737831419333816074e-02 4.391338694840669216e-03
1.215262003242969374e-02 2.639957418665290004e-02 2.135833449661731637e-03
1.336031069047748793e-02 2.208664618432521973e-02 3.202738832682371084e-03
7.765300450846552086e-03 3.165492154657841006e-02 1.457238182425498992e-03
9.560145707800983550e-03 3.445018082857131958e-02 2.709732420742511864e-03
1.392361844889819511e-02 2.433014765381813146e-02 4.950595427304506357e-03
1.021188473328947868e-02 2.970294652506709140e-02 1.884665653109550594e-03
5.844739675521850100e-03 3.903617871925234989e-02 3.642857324331998971e-03
6.198539296165108368e-03 2.107687978073954568e-02 2.087193537503481168e-03
1.056185892783105193e-02 3.018185300752520422e-02 4.315329439938068307e-03
1.435538897290825761e-02 3.570693850517273060e-02 1.256258260458707884e-03
9.988398365676401380e-03 2.551487252116203461e-02 3.029069587588310158e-03
8.037722725421189013e-03 2.838367573916911885e-02 4.780480571091175364e-03
1.363411460071801973e-02 3.787749953567981498e-02 2.504496444016695092e-03
1.234706901945173754e-02 3.371441816911101286e-02 3.562590107321739197e-03
6.751908054575324336e-03 2.250495275482535321e-02 1.839582037180662174e-03
7.481096237897872855e-03 3.228763600811362239e-02 3.813242033123970254e-03
1.184701045975088997e-02 2.147079145535826794e-02 1.589288692921400062e-03
1.305997471325099496e-02 2.699612505733967049e-02 4.531140662729740351e-03
8.695271136239170195e-03 3.672599129378795874e-02 2.754210192710161188e-03
9.255165187641977570e-03 3.967261418700218645e-02 1.006582420319318853e-03
1.484896366484463048e-02 2.908825576305389474e-02 3.278386846184730679e-03
1.114248506724834289e-02 2.492553694173693657e-02 2.337510485202073940e-03
5.545033495873212710e-03 3.379413930699229351e-02 4.064638651907443584e-03
5.438852962106466640e-03 2.798292294144630321e-02 3.171764865517616439e-03
1.109140187501907182e-02 3.825841456651687955e-02 1.426085870712995524e-03
1.480191496200859366e-02 3.272787822410463954e-02 4.485118664801121015e-03
9.145713998004793149e-03 2.355039058253169046e-02 2.229911942034959807e-03
8.450724678114055963e-03 2.005170097574591678e-02 1.978134851902723160e-03
1.283602165989577645e-02 3.118719642981886836e-02 3.736514404416084196e-03
1.162222756072878865e-02 3.534597255289554513e-02 2.678459126502275457e-03
7.238142266869545052e-03 2.593473874032497378e-02 4.919010259211063774e-03
6.644088393077254157e-03 3.927212856709957206e-02 2.928134549409151192e-03
1.229892672039568230e-02 2.946951426565647125e-02 4.669693417847156983e-03
1.358512397855519971e-02 2.393865352496504784e-02 1.727818321436643684e-03
7.931515220552682113e-03 3.483930995687842258e-02 3.987204775214195189e-03
9.745488651096820623e-03 3.126280067488551584e-02 4.234466202557086653e-03
1.412849741056561303e-02 2.247640205547213679e-02 2.480205822736025224e-03
1.033902033232152358e-02 2.663489192724228030e-02 3.421105310320854322e-03
5.952339256182313278e-03 3.714551404118537903e-02 1.176371585577726340e-03
5.759263858199119984e-03 2.289766728878021157e-02 4.624613571912050344e-03
1.014211950823664526e-02 3.332406863570213512e-02 2.847863323986530269e-03
1.385714295320212772e-02 3.764277068898082279e-02 3.781964790076017269e-03
9.470616327598690640e-03 2.861588699743151942e-02 1.557707235217094472e-03
7.500812513753771227e-03 2.527833377942442783e-02 2.306540437042712936e-03
1.315580290742218370e-02 3.594095965847372842e-02 4.033482659608125624e-03
1.194650068879127280e-02 3.057275347411632371e-02 1.100358709692955076e-03
6.292741205543279578e-03 2.068834431469440335e-02 3.372469257563352491e-03
6.963698202744126112e-03 3.418687291443348042e-02 1.349675968289375380e-03
1.134914844296872408e-02 2.453516833484172682e-02 3.122793417423963460e-03
1.263985605910420210e-02 2.885354598984122415e-02 2.055849649012089081e-03
8.255616463720798215e-03 3.990480637177824808e-02 4.283799607306718396e-03
8.796377573162317276e-03 3.648943347856402342e-02 3.531671445816755156e-03
1.444877456873655194e-02 2.723016528412699686e-02 1.808359161019325312e-03
1.066378937102854113e-02 2.186167284846305889e-02 4.874327320605516441e-03
5.007739281281829193e-03 3.189911961555481207e-02 2.598523415625095256e-03
5.148618509992957358e-03 3.837140675634145848e-02 4.973921757191419879e-03
1.074240797199308914e-02 2.786993216723203728e-02 2.748929098248482049e-03
1.445743147283792482e-02 2.374135466292500579e-02 3.682046610862016803e-03
8.859970886260270032e-03 3.253691511228680444e-02 1.907984115183353462e-03
8.150524012744426311e-03 3.106459164991974900e-02 2.159380689263344123e-03
1.251644829288124997e-02 2.017430463805794730e-02 4.430268447846174434e-03
1.130714616738259792e-02 2.573385600000619930e-02 1.496175326406955696e-03
6.942452648654579700e-03 3.554685402661562216e-02 3.226293940097093790e-03
6.363430004566907397e-03 2.966063130646943991e-02 1.246827967464923977e-03
1.195981167256832123e-02 3.908101264387368878e-02 3.475999880582094238e-03
1.325051938183605463e-02 3.495214918628335166e-02 2.410040542483329537e-03
7.655348209664225405e-03 2.382581556215882315e-02 4.179982434958219237e-03
9.435714306309819083e-03 2.227567212656140355e-02 3.932371009141207366e-03
1.379904280416667170e-02 3.146352918818592914e-02 1.657301135361194605e-03
1.001405766233801758e-02 3.702275644987821496e-02 4.724237989634275624e-03
5.647075921297073017e-03 2.675764854997396414e-02 2.998239025473594787e-03
6.078798780217766970e-03 3.313417237251996966e-02 3.301949210464954262e-03
1.044228172861039541e-02 2.308756258338690026e-02 1.045527804642915753e-03
1.415279472246765841e-02 2.850426839664578493e-02 4.103591904044151355e-03
9.785659871995448442e-03 3.775438787415623387e-02 2.361080240458250309e-03
7.849844861775636881e-03 3.614046880975366194e-02 1.612598944455385236e-03
1.344607580453157161e-02 2.507882589474320564e-02 3.852424032986164273e-03
1.223228164948523058e-02 2.080988127738237284e-02 2.793384324759244988e-03
6.637262543663382218e-03 3.045121762901544654e-02 4.554443523287773389e-03
7.293190658092498641e-03 2.442339692264795456e-02 2.543677967041730811e-03
1.165896063670516028e-02 3.429864306002855523e-02 4.803791299462318622e-03
1.294515783898532446e-02 3.971506292000413080e-02 1.862885374575853296e-03
8.580617578700183712e-03 2.904328832402825605e-02 3.601763762533664696e-03
9.135454772040247154e-03 2.735154928639531302e-02 4.354274347424507557e-03
1.472939510829746751e-02 3.636805044487118749e-02 2.110756378620863051e-03
1.093991793692111920e-02 3.209878172725438850e-02 3.052639819681644395e-03
5.342305433005094771e-03 2.166201215237379199e-02 1.295211035758256921e-03
5.548807587474584822e-03 3.531029613688588253e-02 2.441010694950819081e-03
1.120119556784629836e-02 2.596789615228772136e-02 4.211138561367988239e-03
1.499472570605575941e-02 2.056518610566854602e-02 1.153051812201738363e-03
9.338666601106524606e-03 3.067607533186673952e-02 3.381917573511600533e-03
8.648386048153041544e-03 3.292964879423379565e-02 4.630764976143836656e-03
1.303384634666144778e-02 2.335098613053560382e-02 2.904585760086775097e-03
1.174680082127451883e-02 2.763522231951355893e-02 3.963648118078708441e-03
7.362571284174918886e-03 3.860359886661171580e-02 1.688882488757371871e-03
6.841741716489195373e-03 2.652110973373055652e-02 3.712965138256549801e-03
1.249672190286219009e-02 3.725677752867341541e-02 1.939206887036562001e-03
1.370968621224165004e-02 3.185442972928285987e-02 4.880074903368949828e-03
8.055916521698236465e-03 2.188713673502206900e-02 2.654901992529630841e-03
9.855453707277774672e-03 2.421853017061948929e-02 1.402757752686739027e-03
1.423831822350620988e-02 3.456179972738027822e-02 3.132570214569568596e-03
1.053183971904218114e-02 3.884628372266888535e-02 2.190724682062864317e-03
6.145321959629654850e-03 2.989284249022602924e-02 4.461798414587974521e-03
5.873919799923897102e-03 3.005909668281674454e-02 1.769416280090808837e-03
1.025693876668810900e-02 2.119963707402348560e-02 3.508106816560030081e-03
1.404519516043364891e-02 2.531414370983839021e-02 2.574951395392418262e-03
9.658524291589854621e-03 3.590766873210668453e-02 4.835376571863890180e-03
7.703538192436098532e-03 3.799033779650926729e-02 3.083613682538270933e-03
1.335836765356361588e-02 2.827083621174097255e-02 1.326363213360309563e-03
1.206606686115264775e-02 2.269606838002800886e-02 4.260494243353604715e-03
6.412449236959218493e-03 3.352330142632126836e-02 2.016677781939506774e-03
7.166434312239289284e-03 2.126991027966141853e-02 4.010170381516218324e-03
1.155174030922353177e-02 3.248851845040917619e-02 2.267360225319862109e-03
1.275943087413906885e-02 3.660338733345269713e-02 3.333296913653612317e-03
8.375354595482348979e-03 2.711873013526201401e-02 1.077053822576999696e-03
8.911025468260048293e-03 2.927921917289495746e-02 2.824299171566963494e-03
1.456356432288884867e-02 3.948164980858564349e-02 4.585670214146376003e-03
1.085183055140077901e-02 3.390712978318333876e-02 1.518756009638309477e-03
5.195619529113173693e-03 2.481254504993558180e-02 3.758393246680498141e-03
5.156801417469978645e-03 3.264654895290732689e-02 2.797243669629097002e-03
1.081284565851092262e-02 2.363141452893614824e-02 4.542771797627210076e-03
1.460240858606993986e-02 2.790189869701862474e-02 1.608648158609867276e-03
8.950017588213085226e-03 3.833974413573741635e-02 3.864187438040971815e-03
8.414482725784181924e-03 3.557836398482322471e-02 4.115355174988508287e-03
1.279871639795601354e-02 2.570204198360443240e-02 2.357129350304603375e-03
1.151258587837219148e-02 2.028439743444323748e-02 3.290277380496263709e-03
7.127141710370778725e-03 3.095480529591441293e-02 1.049387015402317158e-03
6.451605940237641230e-03 2.385762957856059005e-02 3.040936995297670396e-03
1.210536195896565886e-02 3.492063922807574217e-02 1.299101240932941555e-03
1.331924187019467229e-02 3.919079899787902832e-02 4.366007577627896777e-03
7.664255090057850092e-03 2.955053851008415319e-02 2.106835529208183396e-03
9.619677606970071515e-03 2.686758868396282168e-02 1.858964629471302182e-03
1.400620069354772609e-02 3.691312260925769945e-02 3.613497126847505826e-03
1.029575438238680349e-02 3.149519180878997127e-02 2.547568306326866271e-03
5.912902420386671916e-03 2.224370559677481610e-02 4.792088579386472730e-03
6.106017436832189386e-03 3.772257393226027822e-02 1.468846190720796575e-03
1.049269244074821361e-02 2.853577842935919873e-02 3.245810694992542263e-03
1.427759182639419880e-02 2.297777615487575642e-02 2.186740469187498266e-03
9.894588990136980386e-03 3.324426509439945554e-02 4.410721287131309440e-03
8.094920562580227436e-03 3.034127742052078469e-02 3.662499316036701199e-03
1.374852332286536499e-02 2.091951504349708751e-02 1.935343790799379498e-03
1.245774893090128774e-02 2.504716334864497129e-02 4.993438407778739811e-03
6.802916452288627555e-03 3.617243541404605023e-02 2.721599828451872101e-03
7.401546752080320930e-03 2.893365455791354485e-02 4.743724599480629578e-03
1.178562835790216909e-02 3.982500312849879265e-02 2.970939796417951684e-03
1.299484472721814873e-02 3.426667645573616000e-02 3.912792719900607882e-03
8.609551284462212475e-03 2.445505946874618544e-02 1.684691805392503870e-03
9.299390651285648068e-03 2.163050211966037820e-02 2.437431316822767126e-03
1.495558800175786004e-02 3.213059566915035109e-02 4.160404279828071664e-03
1.124049781821668051e-02 3.625795772299170161e-02 1.219528872519731483e-03
5.587952369824051788e-03 2.746133571490645339e-02 3.495486594736576299e-03
5.381285557523369893e-03 3.072253890335559928e-02 4.272168472409248671e-03
1.097874081693589639e-02 2.051902882754802829e-02 2.012816172093152833e-03
1.469040775671601184e-02 2.609233221039176237e-02 3.071848012506961899e-03
9.096605740487574698e-03 3.518555616959929966e-02 1.330316502600908382e-03
8.541327286511659483e-03 3.872818632051348853e-02 2.578904550522565821e-03
1.290603447705507278e-02 2.751093892380595402e-02 4.823610797524451738e-03
1.169825800694525124e-02 2.339729592204093864e-02 1.765554565936327007e-03
7.332340320572256799e-03 3.288303256034851019e-02 3.519780911505222560e-03
6.597962677478789832e-03 2.201142013072967391e-02 1.514864254742860801e-03
1.219312971457838998e-02 3.172984227538108715e-02 3.770097382366657465e-03
1.348536367528140392e-02 3.730339376255870087e-02 2.828221332281828041e-03
7.888965876772999208e-03 2.647479994222521824e-02 4.573935434222221874e-03
9.824649570509789986e-03 2.993899976834654697e-02 3.321562238037586295e-03
1.419164617545902451e-02 3.879982015118002558e-02 1.080976117402315069e-03
1.040330387651920360e-02 3.468653969466686110e-02 4.021874651312828258e-03
6.039978396147489478e-03 2.409409411251545174e-02 2.263468574732542191e-03
5.686218431219458407e-03 3.578338526189327184e-02 3.944132912904024443e-03
1.005336695350706605e-02 2.543873108923435170e-02 1.716210313141345884e-03
1.375991228967905072e-02 2.115302091464400444e-02 4.650310825556516758e-03
9.396435935050248892e-03 3.010540654882788714e-02 2.877227529883384996e-03
7.616506330668926586e-03 3.347714422270655493e-02 1.125693447887897436e-03
1.321152010932564666e-02 2.274253202602267293e-02 3.401463318616152094e-03
1.199864170514047118e-02 2.814609616994857844e-02 2.468338415026664553e-03
6.402398208156228482e-03 3.811477378010749706e-02 4.191623222082853199e-03
6.903620343655348171e-03 2.707226648926734994e-02 2.218021407723426777e-03
1.126817546784877715e-02 3.664954453706741055e-02 4.442314069718122926e-03
1.255528782494366030e-02 3.236408246681093948e-02 1.375369347631931255e-03
8.189520863816142360e-03 2.139465032145380918e-02 3.152146000415087003e-03
8.899103822186588131e-03 2.468795767053961684e-02 4.899650793522596776e-03
1.449671219103038089e-02 3.403141325339675144e-02 2.627513721585273895e-03
1.070326795801520257e-02 3.943533994257450437e-02 3.693480927497148382e-03
5.109311491250992203e-03 2.932583533227443862e-02 1.966503717005253001e-03
5.046867355704308042e-03 2.032913241535425075e-02 3.589949768036604198e-03
1.070307491347193690e-02 3.091243404895067243e-02 1.820034757256507821e-03
1.440962019376456488e-02 3.507393771782517378e-02 4.753151316195726450e-03
8.757084952667354774e-03 2.620394954457879247e-02 2.524013079702853990e-03
8.216798407956957262e-03 2.771044792607426505e-02 1.275775030255317608e-03
1.260087114758789463e-02 3.852867828682064733e-02 3.001740437000989786e-03
1.138799265027046204e-02 3.300456967204809522e-02 2.067646361887455139e-03
7.002690341323614120e-03 2.327576022595167354e-02 4.342689234763384351e-03
6.253894502297043662e-03 3.161807101219892696e-02 2.317932315170764899e-03
1.190750627778470322e-02 2.212319042533636079e-02 4.092029441148042207e-03
1.319461854174732926e-02 2.628505634143948541e-02 1.026069149374961948e-03
7.539795078337192813e-03 3.749313594773411723e-02 3.251087736338377152e-03
9.509773049503563586e-03 3.892120430245996077e-02 4.503841448575258283e-03
1.389643799513578387e-02 2.981761688366532312e-02 2.773696787655353675e-03
1.010299370624125059e-02 2.429375607520341956e-02 3.840632688254117834e-03
5.719980811700224772e-03 3.448687884956598559e-02 1.569710418581962696e-03
5.991343315690756191e-03 2.555172313004732201e-02 4.137093909084796697e-03
1.037785738706588703e-02 3.567039433866739384e-02 2.398249197751283965e-03
1.408952441997825961e-02 3.029637077823281455e-02 3.456312343478202924e-03
9.706663442775606901e-03 2.096205795183777795e-02 1.196225892752409087e-03
7.892210679128765574e-03 2.261992709711194149e-02 2.947377551347017243e-03
1.354597675614058888e-02 3.359974773600697684e-02 4.704779334366322036e-03
1.233820034191012230e-02 3.791389118880033465e-02 1.645738672465086108e-03
6.683223620057105775e-03 2.834697779268026407e-02 3.889223083853721522e-03
7.198866372928023477e-03 3.684066172689199475e-02 1.896399002522230256e-03
1.158308983780443474e-02 2.688115071505308221e-02 3.638936594128608891e-03
1.287532385438680538e-02 2.150748940184712271e-02 2.698029715567827440e-03
8.489869479089974871e-03 3.225124435499310271e-02 4.954485751688480349e-03
9.184689410030841966e-03 3.383068347349763028e-02 3.206629052758216969e-03
1.484074251726269500e-02 2.488868633285164916e-02 1.445535343140363742e-03
1.105240031145512947e-02 2.920307759195566247e-02 4.387417830526828960e-03
5.400018179789185628e-03 3.955809641629457613e-02 2.147566694766282758e-03
5.505743185058236538e-03 2.350865835323929717e-02 1.119904439896345170e-03
1.110336176119744792e-02 3.276930639520287541e-02 3.345110908150672815e-03
1.488826105371117425e-02 3.813901517540216335e-02 2.287025112658738930e-03
9.294314794242381633e-03 2.810262877494097006e-02 4.060810364782810496e-03
8.734251279383896394e-03 2.581488039344549332e-02 3.809292629361152750e-03
1.309879753738641545e-02 3.546552460640668702e-02 1.538192015141248790e-03
1.180802308954298496e-02 3.114592077210545651e-02 4.597255326807499209e-03
7.442247262224555363e-03 2.009328054264187743e-02 2.867409188300371406e-03
6.790897697210311786e-03 3.471975790336728068e-02 4.846939034759998460e-03
1.238592049106955473e-02 2.405851187184453177e-02 2.618099320679903239e-03
1.359513680450618114e-02 2.942793469876051060e-02 3.558968290686607625e-03
7.998902322724460445e-03 3.931340422481298391e-02 1.788874935358762859e-03
9.949098555371165692e-03 3.710408587008715009e-02 2.036365319043397654e-03
1.431623701937496593e-02 2.667662415653467359e-02 4.311096318066120689e-03
1.060114674270152928e-02 2.235669622197747342e-02 1.369251739233732319e-03
6.237660329788922639e-03 3.138220006600022510e-02 3.095405027270316939e-03
5.805897852405905377e-03 2.873543897643685355e-02 2.666693337261676847e-03
1.017288544215261964e-02 3.752291226759553455e-02 4.922963429242372367e-03
1.396244842559099184e-02 3.336564827710390008e-02 1.989808961749077107e-03
9.599113930016755711e-03 2.285639170557260402e-02 3.732652675360441114e-03
7.804442904889583379e-03 2.072977256029844353e-02 4.481257069855928976e-03
1.339962000027298747e-02 3.053102131932974167e-02 2.241586156189441861e-03
1.211348957382142426e-02 3.606066541746258403e-02 3.175718139857054007e-03
6.517101833596825218e-03 2.515893431380391079e-02 1.414320215582847741e-03
7.091548275202513157e-03 3.994653852656483706e-02 3.425027590245008444e-03
1.145624525845050784e-02 2.881211774423718397e-02 1.164636924862861569e-03
1.267012526281178011e-02 2.465456780046224733e-02 4.230574566870927769e-03
8.304197369143366189e-03 3.406716715544462482e-02 2.491910077631473690e-03
9.018794270232319277e-03 3.201897803694010031e-02 1.739522472023964043e-03
1.461625839583575656e-02 2.174212086945772129e-02 3.983313005417585262e-03
1.090581214055418892e-02 2.727144086733460440e-02 2.916399754583835595e-03
5.312018990516662563e-03 3.644785383716225846e-02 4.673615593463182130e-03
5.273022195324301477e-03 3.817297952249645854e-02 3.478308152407407709e-03
1.086697258986532577e-02 2.271683569997549196e-02 2.298073284327984203e-03
1.465522903949022238e-02 3.373599534854292842e-02 1.978229690343141778e-03
9.057626593858003616e-03 2.793262816965580084e-02 4.798120617866516099e-03
8.343504332005976382e-03 3.206209722906351589e-02 3.947463434189557585e-03
1.270926529541611602e-02 2.626912394538521989e-02 2.768311880528926978e-03
1.141696459613740326e-02 3.727850034832954490e-02 1.447568137198686645e-03
7.052415320649742247e-03 2.183152971789240754e-02 4.268298357725143141e-03
6.556380223482847353e-03 3.436234865337610411e-02 4.645336341112852284e-03
1.215262003242969374e-02 2.980871865525841838e-02 1.574342958629131213e-03
1.336031069047748793e-02 3.879690095782280246e-02 2.145201135426759442e-03
7.765300450846552086e-03 2.459047524258494571e-02 3.074570059776306295e-03
9.560145707800983550e-03 3.540486322715878653e-02 4.178868453949689983e-03
1.392361844889819511e-02 2.120761062949895817e-02 1.109233044087886821e-03
1.021188473328947868e-02 3.018600916489958680e-02 2.679038483649492323e-03
5.844739675521850100e-03 2.564277298748493181e-02 3.609033077955246197e-03
6.198539296165108368e-03 3.064941937103867614e-02 1.194938343018293447e-03
1.056185892783105193e-02 2.515982944518327727e-02 4.030694626271725048e-03
1.435538897290825761e-02 3.618137402459978974e-02 3.695196110755205338e-03
9.988398365676401380e-03 2.041156589984893799e-02 2.530345886945724581e-03
8.037722725421189013e-03 3.958256822079420090e-02 1.723051737993955626e-03
1.363411460071801973e-02 2.382433654740452947e-02 4.559159033000468805e-03
1.234706901945173754e-02 3.483613602817058758e-02 3.222760129719972472e-03
6.751908054575324336e-03 2.935446044430136542e-02 2.059481501579284776e-03
7.481096237897872855e-03 3.680533301085234243e-02 2.932157438248396246e-03
1.184701045975088997e-02 2.228516789153218297e-02 3.846149347722530552e-03
1.305997471325099496e-02 3.127581022679806061e-02 4.432601649314165358e-03
8.695271136239170195e-03 2.703588237985968604e-02 1.345735281705856372e-03
9.255165187641977570e-03 3.296008551493287420e-02 2.399891804903745568e-03
1.484896366484463048e-02 2.872807193547487203e-02 3.314021103084087601e-03
1.114248506724834289e-02 3.770896865054965130e-02 4.899420429021120529e-03
5.545033495873212710e-03 2.320037990808487133e-02 1.814400315284729181e-03
5.438852962106466640e-03 3.316758517175912718e-02 1.290945220738649521e-03
1.109140187501907182e-02 2.771979073062539115e-02 4.485466122627257760e-03
1.480191496200859366e-02 3.873189821839332497e-02 3.790592622011900066e-03
9.145713998004793149e-03 2.293916938826441945e-02 2.985727779567241575e-03
8.450724678114055963e-03 3.706654505804181376e-02 1.759856421500444537e-03
1.283602165989577645e-02 2.126223739236593469e-02 4.955949038267135412e-03
1.162222756072878865e-02 3.228409236297011264e-02 3.260175149887800227e-03
7.238142266869545052e-03 2.682838119566440666e-02 2.455661199986934606e-03
6.644088393077254157e-03 3.935553597286343963e-02 2.582973886281252074e-03
1.229892672039568230e-02 2.481308784335851600e-02 3.636736273765563826e-03
1.358512397855519971e-02 3.379367386922240563e-02 4.082563590258360409e-03
7.931515220552682113e-03 2.959614105522632641e-02 1.137176744639873576e-03
9.745488651096820623e-03 3.040773961693048547e-02 2.116261918097734479e-03
1.412849741056561303e-02 2.620229015126824407e-02 3.171870678663253878e-03
1.033902033232152358e-02 3.519262418150902183e-02 4.616645019501448149e-03
5.952339256182313278e-03 2.063859729096293588e-02 1.671395443379879034e-03
5.759263858199119984e-03 3.564658086746931576e-02 3.007545430213213068e-03
1.014211950823664526e-02 2.016511144116520798e-02 2.218057602643966689e-03
1.385714295320212772e-02 3.117479734122752949e-02 1.507589023560285601e-03
9.470616327598690640e-03 2.541570385918021091e-02 4.717982910573481972e-03
7.500812513753771227e-03 3.458941930904984446e-02 3.535414624959230378e-03
1.315580290742218370e-02 2.881992954760789760e-02 2.746765971183776599e-03
1.194650068879127280e-02 3.983940107747912379e-02 1.035397242754697820e-03
6.292741205543279578e-03 2.434875607490539703e-02 4.246874563395976881e-03
6.963698202744126112e-03 3.180084729567170254e-02 4.869764048606157678e-03
1.134914844296872408e-02 2.729209292680025156e-02 1.908511847257614216e-03
1.263985605910420210e-02 3.627017987892031808e-02 2.369995038956403816e-03
8.255616463720798215e-03 2.203906863927841339e-02 3.408372782170772820e-03
8.796377573162317276e-03 3.796544145792722647e-02 4.337254215031862564e-03
1.444877456873655194e-02 2.372515471652150015e-02 1.376627564430236766e-03
1.066378937102854113e-02 3.271302781999110842e-02 2.837058018893003422e-03
5.007739281281829193e-03 2.819387724623084041e-02 3.876793853938579476e-03
5.148618509992957358e-03 3.242673639208078218e-02 4.150755297392606964e-03
1.074240797199308914e-02 2.666635612025856916e-02 1.065109662711620454e-03
1.445743147283792482e-02 3.689477220177650452e-02 2.650524366647004880e-03
8.859970886260270032e-03 2.141462920233607251e-02 3.565248668193817146e-03
8.150524012744426311e-03 3.859123544767498887e-02 4.681296806782484290e-03
1.251644829288124997e-02 2.309951361268758677e-02 1.595056019723415253e-03
1.130714616738259792e-02 3.333767717704176625e-02 2.181492943316698345e-03
6.942452648654579700e-03 2.756938017904758675e-02 3.094889789819717414e-03
6.363430004566907397e-03 3.502086328342557398e-02 3.975849281996488710e-03
1.195981167256832123e-02 2.079098191112279878e-02 2.812219791114330646e-03
1.325051938183605463e-02 3.055037653073668785e-02 1.475805748254060881e-03
7.655348209664225405e-03 2.604027695953846019e-02 4.312294423580169574e-03
9.435714306309819083e-03 3.396375868469476977e-02 3.442136030644178321e-03
1.379904280416667170e-02 2.944574246183037647e-02 2.277636729180812936e-03
1.001405766233801758e-02 3.921488508582115368e-02 1.942153353244066225e-03
5.647075921297073017e-03 2.497342495247721617e-02 4.777528196573257308e-03
6.078798780217766970e-03 3.998132985085248864e-02 2.425826769322157045e-03
1.044228172861039541e-02 2.418744625523686423e-02 3.356416426599025723e-03
1.415279472246765841e-02 3.441832356154918976e-02 4.926237005740404656e-03
9.785659871995448442e-03 2.897164424881339129e-02 1.855976015329361111e-03
7.849844861775636881e-03 3.103362912312149918e-02 2.898382794111966851e-03
1.344607580453157161e-02 2.557655353099107937e-02 3.827156715095043470e-03
1.223228164948523058e-02 3.581721646711230611e-02 4.397999752312899135e-03
6.637262543663382218e-03 2.001415729522705231e-02 1.327631890773773226e-03
7.293190658092498641e-03 3.254192495718598310e-02 1.696355801075696964e-03
1.165896063670516028e-02 2.834560383111238424e-02 4.517467461526394196e-03
1.294515783898532446e-02 3.810738218948245271e-02 3.196708340197801715e-03
8.580617578700183712e-03 2.356383770704269590e-02 2.017205864191055301e-03
9.135454772040247154e-03 3.644082736223935859e-02 1.229412924498319735e-03
1.472939510829746751e-02 2.188810737803578363e-02 4.048922471702099193e-03
1.093991793692111920e-02 3.165967188775539731e-02 3.729094255715608482e-03
5.342305433005094771e-03 2.745295455679297447e-02 2.549210250377654911e-03
5.548807587474584822e-03 3.742961542680859482e-02 2.088361967355012883e-03
1.120119556784629836e-02 2.166103836148977266e-02 3.127472102642059413e-03
1.499472570605575941e-02 3.190138941630721314e-02 4.587917696684599284e-03
9.338666601106524606e-03 2.641045548021793421e-02 1.627886228263378081e-03
8.648386048153041544e-03 3.358442489057779368e-02 2.618659157305956199e-03
1.303384634666144778e-02 2.810388484969734979e-02 3.657662540674209723e-03
1.174680082127451883e-02 3.833445265889168230e-02 4.119130592793226325e-03
7.362571284174918886e-03 2.257504878565669282e-02 1.157283268868923272e-03
6.841741716489195373e-03 3.002530846744775814e-02 1.788456428796052818e-03
1.249672190286219009e-02 2.578409263864159598e-02 4.999582707881927365e-03
1.370968621224165004e-02 3.555596634745597506e-02 3.288198601454496439e-03
8.055916521698236465e-03 2.103712646290659821e-02 2.499931506812572320e-03
9.855453707277774672e-03 3.895836221054196913e-02 1.254498858004808419e-03
1.423831822350620988e-02 2.444869544357061372e-02 4.465243726968765384e-03
1.053183971904218114e-02 3.421078538522124429e-02 3.754790525883436227e-03
6.145321959629654850e-03 2.997996337711811288e-02 2.964921198785305193e-03
5.873919799923897102e-03 3.498668843880295420e-02 4.363464254885911914e-03
1.025693876668810900e-02 2.918453175574541036e-02 1.418809801340103257e-03
1.404519516043364891e-02 3.942238492891192436e-02 2.863599520176649243e-03
9.658524291589854621e-03 2.396514356136322105e-02 3.918582640588284122e-03
7.703538192436098532e-03 3.602914553135633247e-02 4.835776317864656434e-03
1.335836765356361588e-02 2.058348061516880947e-02 1.889794290065765440e-03
1.206606686115264775e-02 3.081158868968486911e-02 2.335606228560209441e-03
6.412449236959218493e-03 2.501734634861350198e-02 3.389994315803051151e-03
7.166434312239289284e-03 3.754877340048551337e-02 3.508992809802293639e-03
1.155174030922353177e-02 2.334119411185383783e-02 2.704860359430313107e-03
1.275943087413906885e-02 3.311064504086971144e-02 1.009071331471204707e-03
8.375354595482348979e-03 2.855813136324286683e-02 4.204812966287135856e-03
8.911025468260048293e-03 3.143798673525452503e-02 3.041805971413850691e-03
1.456356432288884867e-02 2.689338732510805283e-02 2.236559569835662974e-03
1.085183055140077901e-02 3.665309263393282807e-02 1.541701208800077411e-03
5.195619529113173693e-03 2.245708972215652507e-02 4.736573152244091464e-03
5.156801417469978645e-03 3.382987298071384735e-02 2.975529871881008124e-03
1.081284565851092262e-02 2.963806694373488648e-02 3.810557585209608210e-03
1.460240858606993986e-02 3.924152191728353528e-02 4.475150495767593432e-03
8.950017588213085226e-03 2.469272689893841841e-02 1.311028856784105358e-03
8.414482725784181924e-03 3.531176446005702269e-02 2.442424945533275705e-03
1.279871639795601354e-02 2.075383201241493350e-02 3.279268395155668283e-03
1.151258587837219148e-02 3.036703446879982990e-02 4.942839086055755490e-03
7.127141710370778725e-03 2.616487029939890130e-02 1.778824318200349780e-03
6.451605940237641230e-03 3.861756471917033445e-02 1.152266941964626406e-03
1.210536195896565886e-02 2.281912788748741150e-02 4.065522652119398644e-03
1.331924187019467229e-02 3.320348391309380781e-02 3.651944309473037758e-03
7.664255090057850092e-03 2.776201698929071579e-02 2.565814156085252824e-03
9.619677606970071515e-03 3.224308677017688474e-02 1.679754666984081346e-03
1.400620069354772609e-02 2.679126178845763276e-02 4.594612490385770708e-03
1.029575438238680349e-02 3.718536581844091027e-02 3.180103480815887635e-03
5.912902420386671916e-03 2.137779163196682972e-02 2.094354856759309859e-03
6.106017436832189386e-03 3.638931989669799694e-02 4.695942811667919332e-03
1.049269244074821361e-02 2.215430362150072954e-02 1.515955816954374195e-03
1.427759182639419880e-02 3.176014203578234052e-02 2.196142852306365995e-03
9.894588990136980386e-03 2.725467318668961525e-02 3.015785921365022899e-03
8.094920562580227436e-03 3.274922689422965494e-02 4.229856453835964189e-03
1.374852332286536499e-02 2.823580317199230263e-02 1.050464611500501579e-03
1.245774893090128774e-02 3.785142721608281136e-02 2.729629188776016430e-03
6.802916452288627555e-03 2.360479395836591679e-02 3.550599712878465663e-03
7.401546752080320930e-03 3.113379171118140290e-02 3.427488975226879089e-03
1.178562835790216909e-02 2.537858448922634264e-02 2.356735836714506267e-03
1.299484472721814873e-02 3.576540144160389456e-02 1.927502572536468530e-03
8.609551284462212475e-03 2.028066586703062071e-02 4.856631267815828684e-03
9.299390651285648068e-03 3.972506731748581127e-02 3.896751128137111546e-03
1.495558800175786004e-02 2.422871483489871108e-02 2.826867800205946045e-03
1.124049781821668051e-02 3.462531793862581170e-02 1.396703630685806321e-03
5.587952369824051788e-03 2.886215591803193217e-02 4.326946157962084302e-03
5.381285557523369893e-03 3.883393464609980611e-02 4.787923246622085086e-03
1.097874081693589639e-02 2.463156655430793693e-02 1.998195070773363217e-03
1.469040775671601184e-02 3.424688020721078363e-02 2.287757121026515704e-03
9.096605740487574698e-03 2.968981210142374039e-02 3.498391371220350467e-03
8.541327286511659483e-03 3.030613638460636153e-02 4.255062520503997969e-03
1.290603447705507278e-02 2.575702076777815902e-02 1.466661918908357572e-03
1.169825800694525124e-02 3.536255117505789081e-02 2.755201511085033327e-03
7.332340320572256799e-03 2.117179768159985556e-02 3.966430794447660391e-03
6.597962677478789832e-03 3.362082727253436903e-02 3.089659839868545612e-03
1.219312971457838998e-02 2.781342124566435828e-02 2.128159660845995241e-03
1.348536367528140392e-02 3.821033265441656224e-02 1.589551411569118441e-03
7.888965876772999208e-03 2.275760756805539353e-02 4.628177147358655472e-03
9.824649570509789986e-03 3.723650781437754659e-02 3.617391765117645205e-03
1.419164617545902451e-02 2.179539725184440752e-02 2.657005537301302019e-03
1.040330387651920360e-02 3.218252489343285949e-02 1.117466382682323449e-03
6.039978396147489478e-03 2.638307128101587476e-02 4.156961809843778659e-03
5.686218431219458407e-03 3.139593740925192972e-02 2.508305251598358203e-03
1.005336695350706605e-02 2.715013019740581540e-02 3.703562486916780420e-03
1.375991228967905072e-02 3.676302077248692901e-02 4.008780412375926791e-03
9.396435935050248892e-03 2.224935512989759459e-02 1.203179251402616574e-03
7.616506330668926586e-03 3.774600207805633989e-02 2.042462974786758353e-03
1.321152010932564666e-02 2.324147148057818454e-02 3.237826962023973576e-03
1.199864170514047118e-02 3.284461695700884032e-02 4.542022667825221932e-03
6.402398208156228482e-03 2.860916549339890397e-02 1.738237362354993782e-03
6.903620343655348171e-03 3.613938122987747636e-02 1.364851891994476370e-03
1.126817546784877715e-02 2.037543369457125650e-02 4.419342983514070247e-03
1.255528782494366030e-02 3.076984692364931329e-02 3.865139655768871571e-03
8.189520863816142360e-03 2.527377689257264207e-02 2.919024121016263948e-03
8.899103822186588131e-03 3.472096791490912604e-02 1.834358125925064122e-03
1.449671219103038089e-02 2.923525355756282848e-02 4.889230627566576448e-03
1.070326795801520257e-02 3.961992116644978690e-02 3.334096632897853851e-03
5.109311491250992203e-03 2.386510860174894527e-02 2.389583330601454010e-03
5.046867355704308042e-03 3.551496086642146055e-02 1.645901821553707187e-03
1.070307491347193690e-02 2.100000694394111786e-02 4.575762908905744650e-03
1.440962019376456488e-02 3.014412919059395596e-02 3.145614117383956857e-03
8.757084952667354774e-03 2.589964691549539663e-02 2.076081711798906295e-03
8.216798407956957262e-03 3.409645177423954038e-02 1.178333513438701652e-03
1.260087114758789463e-02 2.985992198809981485e-02 4.107843589037657103e-03
1.138799265027046204e-02 3.899426098912954497e-02 3.678594946861267218e-03
7.002690341323614120e-03 2.449092166498303275e-02 2.607490945607423595e-03
6.253894502297043662e-03 3.202052958309650754e-02 2.477042578160762801e-03
1.190750627778470322e-02 2.652569031342864175e-02 3.297418039292097230e-03
1.319461854174732926e-02 3.738891031593084835e-02 4.976567476987838433e-03
7.539795078337192813e-03 2.162361847236752427e-02 1.797801215201616423e-03
9.509773049503563586e-03 3.837065188214183048e-02 2.948759548366070016e-03
1.389643799513578387e-02 2.261697456240653950e-02 3.768997620791196719e-03
1.010299370624125059e-02 3.347041079774498717e-02 4.449199795722961516e-03
5.719980811700224772e-03 2.798352394253015435e-02 1.268587280064821217e-03
5.991343315690756191e-03 3.299631139263510538e-02 3.932812683284282393e-03
1.037785738706588703e-02 2.843809001147747095e-02 2.847414921969175419e-03
1.408952441997825961e-02 3.758467199280858539e-02 1.432921051979064910e-03
9.706663442775606901e-03 2.338342051953077455e-02 4.347397495061159842e-03
7.892210679128765574e-03 3.661208689212799156e-02 3.399206064641475868e-03
1.354597675614058888e-02 2.241997046396136326e-02 2.312724988907575562e-03
1.233820034191012230e-02 3.155680734664201986e-02 1.899131506681442328e-03
6.683223620057105775e-03 2.700894171372055994e-02 4.812768656760454435e-03
7.198866372928023477e-03 3.945858389139175748e-02 4.193518392741679701e-03
1.158308983780443474e-02 2.400706959888338973e-02 1.030129145830869803e-03
1.287532385438680538e-02 3.487267423421144819e-02 2.693684458732604863e-03
8.489869479089974871e-03 2.906417096033692485e-02 3.529932904988527208e-03
9.184689410030841966e-03 3.093072881922125789e-02 4.724441193044185902e-03
1.484074251726269500e-02 2.513258121907711168e-02 1.559693973511457445e-03
1.105240031145512947e-02 3.598844023421406829e-02 2.224302262067794599e-03
5.400018179789185628e-03 2.054606091231107878e-02 3.059925038367509922e-03
5.505743185058236538e-03 3.050838388502597615e-02 3.583264797925949340e-03
1.110336176119744792e-02 2.600414460524916663e-02 2.638369996100664409e-03
1.488826105371117425e-02 3.514129098504781973e-02 1.083251141011715027e-03
9.294314794242381633e-03 2.090492920950055150e-02 4.138474624603986213e-03
8.734251279383896394e-03 3.909971712157130075e-02 3.115940451622009524e-03
1.309879753738641545e-02 2.485421791672706715e-02 2.170206476002931560e-03
1.180802308954298496e-02 3.400111177936196438e-02 1.615988008677959453e-03
7.442247262224555363e-03 2.948651436716318019e-02 4.670128058642149249e-03
6.790897697210311786e-03 3.701489953324198917e-02 4.289405077695846759e-03
1.238592049106955473e-02 2.152887687087058979e-02 1.485024649649858584e-03
1.359513680450618114e-02 3.238442430272698430e-02 2.789204977452755009e-03
7.998902322724460445e-03 2.663054320961236870e-02 3.985194604843854752e-03
9.949098555371165692e-03 3.337471075356006345e-02 4.761366009712219259e-03
1.431623701937496593e-02 2.761047160252928789e-02 1.956360030919313420e-03
1.060114674270152928e-02 3.847576703876257054e-02 2.261593334376811940e-03
6.237660329788922639e-03 2.298060702160000662e-02 3.456224869936704632e-03
5.805897852405905377e-03 3.799221396446228471e-02 1.870205521583557162e-03
1.017288544215261964e-02 2.344463093206286541e-02 4.910051990300416669e-03
1.396244842559099184e-02 3.257927794009447126e-02 3.370528213679790681e-03
9.599113930016755711e-03 2.838637584820389789e-02 2.409760426729917401e-03
7.804442904889583379e-03 3.161767920479178345e-02 1.336843222379684431e-03
1.339962000027298747e-02 2.741682223975658306e-02 4.375117976218461519e-03
1.211348957382142426e-02 3.656125487759709358e-02 3.836494348943233438e-03
6.517101833596825218e-03 2.200205486267805058e-02 2.875375669449568156e-03
7.091548275202513157e-03 3.445535710081458480e-02 2.005911707878112876e-03
1.145624525845050784e-02 2.901273570954799458e-02 3.217766690999269465e-03
1.267012526281178011e-02 3.986586125567555261e-02 4.506291143596172222e-03
8.304197369143366189e-03 2.406853985041380178e-02 1.717295359820127446e-03
9.018794270232319277e-03 3.593734353780746182e-02 2.537078827619552654e-03
1.461625839583575656e-02 2.012840522453188813e-02 3.747087437659502029e-03
1.090581214055418892e-02 3.099131692200899138e-02 4.036664627492428381e-03
5.312018990516662563e-03 2.554074073210358536e-02 1.247531574219465237e-03
